> Task :simulator:compileJava
> Task :simulator:processResources NO-SOURCE
> Task :simulator:classes

> Task :simulator:run
simblock.block.ProofOfWorkBlock@4769b07b:0
18,0
23,792
7,1550
25,1584
50,2308
16,2345
37,2353
10,2385
46,3069
30,3104
13,3113
15,3144
29,3148
4,3165
28,3446
38,3540
17,3828
22,3866
3,3988
27,4036
39,4196
20,4214
31,4302
19,4591
8,4627
44,4860
41,5350
45,5388
2,5847
21,6108
14,6147
34,6909
49,6985
24,7860
11,8732
47,9308
9,9612
33,10187
40,11173
36,11360
42,12164
35,12243
5,13150
48,13334
26,14144
6,14334
1,15335

simblock.block.ProofOfWorkBlock@1ae369b7:1
37,0
19,1148
4,1910
18,1940
43,2668
14,2698
30,2703
12,3435
29,3461
45,3462
21,3472
15,3537
7,4198
25,4223
8,4228
13,4231
10,4253
34,4958
16,4981
50,4989
17,4991
2,5252
41,5717
22,5750
38,5856
32,5863
28,6129
3,6590
9,6621
44,6735
47,7464
40,7610
20,7618
27,8335
49,8493
35,9209
24,9380
36,10080
33,10251
26,11065
31,11122
5,12049
42,12127
6,13050
23,13206
48,13215
11,14082
39,14097

simblock.block.ProofOfWorkBlock@2d6eabae:1
14,0
10,810
12,1573
16,1605
7,2334
41,2364
22,2407
25,3113
29,3124
34,3166
18,3168
4,3211
17,3883
23,3884
37,3931
13,3933
19,4645
46,4691
43,4695
47,4754
15,5405
30,5452
3,5627
50,6168
21,6211
44,6499
8,6927
31,7082
35,7378
27,7804
20,7957
9,8263
45,8622
38,8682
24,8846
11,9135
33,9496
32,9557
28,10061
42,10119
36,10433
1,11119
49,11306
48,12394
2,13382
26,14377
5,15361
40,16354
6,17356

simblock.block.ProofOfWorkBlock@1a482e36:2
23,0
14,5405
30,6169
43,6933
4,6974
21,7692
15,7736
34,8453
17,8495
22,9215
36,9378
18,9973
32,10250
12,10733
44,11121
46,11494
24,11995
20,12048
25,12255
3,12874
31,12887
45,13016
41,13774
49,13797
38,13809
10,13819
8,14551
27,14716
37,14730
50,14751
16,15318
19,15682
39,15717
2,15733
35,16194
29,16620
11,17074
7,17558
47,17946
33,18818
26,19806
42,20791
5,21777
40,22761
6,23767

simblock.block.ProofOfWorkBlock@399c4be1:2
21,0
50,795
46,1554
19,1590
17,2313
45,2345
14,2349
18,3082
15,3104
10,3108
13,3142
36,3459
7,3842
43,3867
16,3902
20,3976
9,4016
1,4462
4,4603
47,4743
29,4848
35,4850
8,5362
37,5608
11,5625
2,5841
34,6121
24,6485
28,6500
40,6828
30,6883
6,7499
48,7582
12,7643
41,8402
25,9166
22,9930
23,10690
31,11572
38,11740
33,12449
5,12734
44,13327
49,14198
32,15073
27,15961
3,16837
26,17830
42,18818
39,19868

simblock.block.ProofOfWorkBlock@4145bad8:2
22,0
21,793
16,1551
4,2310
23,3068
7,3827
17,4588
25,5350
15,6114
14,6143
46,6901
47,6985
10,7659
9,7865
34,8418
38,8737
45,9177
20,9612
31,9667
43,9936
27,10483
28,10506
13,10696
49,11357
8,11455
48,11553
12,12218
36,12232
35,13095
2,13220
3,13978
5,14210
1,14994
42,15195
39,16048
26,16179
6,17185

simblock.block.ProofOfWorkBlock@3116c353:2
26,0
6,1200
5,2276
32,3197
2,3347
40,3546
24,4112
28,4539
35,4731
33,4873
19,5046
36,5738
27,5799
11,5919
15,5990
4,6646
47,6924
1,6954
8,6989
3,7108
43,7922
42,7961
39,8118
20,8297
46,8421
49,9308
25,9690
29,10221
44,10497
38,11684
13,11997
23,12911
45,13770
30,14139
41,15373
50,15546
21,16604
18,17320
37,17829
22,19052
12,19110
34,20285
16,21512
10,22742
14,23965
7,25198
17,26434
48,27748

simblock.block.ProofOfWorkBlock@f316aeb:3
4,0
30,792
34,1551
15,1588
17,2312
50,2345
41,2347
14,2389
13,3084
18,3106
45,3110
16,3112
10,3148
43,3155
37,3843
8,3869
23,3872
19,3877
29,3884
48,3957
11,4024
21,4604
7,4630
25,4640
3,4744
38,4911
39,4927
22,5375
46,5401
28,5502
44,5622
27,5783
12,6142
33,6273
2,6491
32,6502
49,6654
20,7015
1,7281
24,7381
47,7888
26,8374
36,8763
9,10507
42,12380
5,14353
6,15362

simblock.block.ProofOfWorkBlock@18518ccf:4
32,0
33,922
24,1789
35,1835
20,2629
27,2675
28,2707
44,2758
11,3513
21,3558
3,3566
38,3622
31,3692
10,3694
22,3829
43,3874
49,4352
36,4436
19,4489
9,4547
50,4555
37,4632
16,4761
12,4803
48,4879
47,5274
46,5282
30,5419
39,5552
4,5561
40,5808
2,5885
45,6216
14,6354
25,6511
26,6556
23,7148
15,7287
8,7456
34,8078
18,8217
41,9146
29,10086
17,11015
7,11954
13,12884
6,13844
1,14802
5,15820

simblock.block.ProofOfWorkBlock@4a9cc6cb:5
35,0
44,4923
20,5769
31,5841
49,6610
11,6680
32,6685
38,6761
33,7454
3,7523
24,7530
47,7600
21,7614
9,7689
28,8361
27,8370
4,8384
36,8439
17,8544
43,8622
16,8717
22,9291
12,9311
37,9317
40,9447
7,9475
13,10221
15,10244
23,10248
30,10405
46,11179
14,11180
48,11266
41,11334
8,12115
39,12174
50,12265
42,12292
10,13044
29,13196
2,13296
18,13982
45,14128
6,14407
26,15134
25,16781

simblock.block.ProofOfWorkBlock@25d3cfc8:6
31,0
38,913
44,1759
28,1838
9,2677
34,2691
24,2755
46,3484
10,3611
41,3628
32,3672
18,3875
23,4246
3,4510
14,4544
19,4558
27,4618
47,4748
36,4775
8,4809
12,5004
49,5357
22,5474
4,5490
11,5525
40,5604
37,5762
1,5770
5,5782
33,6197
20,6364
15,6406
21,6426
16,6520
35,7204
25,7279
43,7336
50,8134
13,8274
6,8281
45,9066
48,9320
30,10002
39,10315
29,10936
2,11318
17,11867
26,12334
7,12801
42,13342

simblock.block.ProofOfWorkBlock@12c60152:7
37,0
19,799
7,1561
29,1600
41,2326
21,2354
14,2360
10,2395
4,3084
17,3114
46,3120
50,3163
40,3384
38,3535
43,3843
16,3873
23,3885
8,3921
28,4254
1,4539
12,4602
25,4632
15,4651
18,4681
34,5371
45,5396
30,5411
20,5559
13,6154
36,6251
9,6292
31,6437
22,6926
3,7129
11,7170
44,7311
2,7913
27,8006
24,8198
47,8883
33,9070
35,9755
49,9948
5,10753
32,10825
26,11744
48,11912
6,12750
42,12897
39,13792

simblock.block.ProofOfWorkBlock@1174a305:7
14,0
25,792
19,1551
46,1591
7,2311
22,2350
41,2396
50,3069
21,3110
18,3155
4,3156
8,3828
45,3869
33,4026
17,4081
24,4291
10,4589
13,4631
30,4672
16,4859
11,4900
28,5216
15,5349
43,5394
29,5430
47,5737
20,5771
12,6108
34,6155
44,6303
23,6868
37,6930
35,7027
31,7215
36,7755
9,7911
27,8640
3,8783
49,9512
42,9767
32,10383
1,10773
38,11262
39,11816
48,12351
40,13342
2,14329
26,15313
5,16300
6,17304

simblock.block.ProofOfWorkBlock@65d8dff8:8
4,0
12,803
17,1567
23,1594
22,2331
41,2353
10,2365
43,2395
37,3097
8,3112
7,3130
15,3130
46,3154
29,3182
24,3487
13,3855
25,3872
18,3888
19,3893
16,3915
38,4013
34,4615
14,4631
50,4650
45,4674
30,5393
11,5504
3,5525
33,5555
21,6154
49,6380
32,6397
35,7036
27,7262
44,7270
9,7924
28,8148
48,8353
31,8795
2,9133
1,9355
36,9673
26,10122
39,10401
47,10545
20,11433
5,12440
42,13430
6,15421

simblock.block.ProofOfWorkBlock@767f6ee7:8
1,0
2,1725
26,2989
39,3383
5,4067
6,4162
35,5058
42,5162
40,5338
49,5350
8,5658
19,6253
38,6347
50,6466
11,6527
36,6538
15,6539
32,6731
20,7539
44,7723
33,7723
24,8410
3,8725
28,8907
4,8946
14,9953
9,10082
30,10132
46,11178
41,11359
47,11754
22,12405
21,12582
7,13628
16,13808
13,14855
29,16081
23,16257
10,18749
12,25855

simblock.block.ProofOfWorkBlock@45adc393:9
41,0
12,831
13,1593
30,2359
45,2386
18,3118
16,3145
43,3185
8,3876
29,3909
19,3914
22,3942
33,4059
37,4635
40,4663
7,4668
50,4698
23,5395
38,5541
35,5577
28,5860
17,6006
46,6156
2,6526
14,6764
10,6916
25,7523
15,7682
4,8287
21,8440
34,9046
32,9313
49,9938
24,10185
47,10810
3,11056
27,11682
11,11931
48,12772
31,12809
9,13684
5,13758
44,14557
42,14752
36,15434
6,15755
20,16305
1,16755
26,17289

simblock.block.ProofOfWorkBlock@7dcb42a9:8
47,0
36,946
11,1783
10,2715
43,3644
45,4574
22,5507
17,6437
23,7367
37,8310
4,9243
50,10174
12,11114
7,12044
19,12976
13,13921
30,14857
1,15824
6,16793
48,17846
26,18852

simblock.block.ProofOfWorkBlock@4b1ec694:9
42,0
2,1264
24,2463
49,3391
28,3656
33,4231
27,4323
20,4845
35,5162
34,5164
43,5517
44,5786
16,5980
38,6029
15,6094
8,6096
37,6460
11,6707
48,6832
9,6874
18,7024
50,7028
32,7219
40,7468
47,7626
31,7765
30,7961
39,8024
19,8446
36,8466
6,8766
41,8899
1,9044
4,9670
26,10119
25,10914
5,11198
45,12142
3,12384
21,13366
17,13613
10,14601
46,14851
22,15837
7,16074
23,17069
29,17297
12,18294
14,18523
13,19748

simblock.block.ProofOfWorkBlock@43245559:10
18,0
41,791
23,1549
17,2317
43,2342
7,3075
45,3100
4,3136
29,3137
50,3836
34,3860
27,4011
38,4014
19,4597
22,4619
28,4886
21,5357
16,5379
39,5405
2,5871
46,6117
25,6140
37,6883
14,6899
32,6990
10,7662
33,7772
36,7873
8,8427
47,8644
9,8747
15,9192
11,9620
42,9631
13,9955
35,10491
40,10618
12,10714
24,11363
30,11474
5,11604
49,12238
20,12347
3,13218
48,13327
31,14091
1,14331
44,14964
6,15344
26,15957

simblock.block.ProofOfWorkBlock@5bc63e20:10
37,0
7,794
41,1554
43,2317
34,3081
12,3840
4,4606
25,4633
19,5364
13,5394
14,6152
3,6247
23,6910
35,7118
17,7671
27,7994
8,8462
36,8865
21,9220
47,9757
11,10092
5,10743
49,10972
26,11727
48,12063
6,12735
42,13057
39,13780
1,14060

simblock.block.ProofOfWorkBlock@45037e16:10
3,0
49,914
20,1753
27,1830
24,2596
35,2669
44,2676
11,3438
33,3509
32,3514
31,3599
28,4351
41,4373
8,4450
38,4522
4,5283
10,5306
22,5383
34,5459
13,6214
16,6241
15,6321
46,7147
37,7171
12,7263
21,8100
14,8193
48,8207
50,9030
19,9123
42,9212
30,9968
18,10054
25,10905
39,11049
7,11839
26,12054
45,12768
17,13700
29,14631
2,15640
5,16644

simblock.block.ProofOfWorkBlock@5627cb29:11
1,0
2,1716
26,2984
39,3362
5,4060
6,4162
35,5041
42,5134
40,5315
49,5356
8,5639
19,6237
20,6329
50,6475
33,6500
44,6541
15,6568
27,6713
31,7376
38,7515
11,7685
36,7732
32,8399
3,8711
4,8910
28,8919
46,9941
9,10077
16,10151
29,11174
41,11378
47,11759
13,12398
30,12604
24,13438
14,13623
37,13830
22,14853
23,15055
25,15220
7,16080
21,16282
18,16993
10,18765
34,20538
17,22309
45,24081
43,25853
12,27653
48,29480

simblock.block.ProofOfWorkBlock@4c635edc:11
11,0
44,913
3,1771
35,1826
33,2610
31,2664
28,3454
20,3505
38,3584
47,4294
21,4436
4,4514
39,4846
36,5136
8,5236
19,5368
34,5443
24,5464
22,5489
42,5850
18,6076
27,6111
7,6299
49,6303
13,6419
9,6581
32,6983
15,7011
14,7098
25,7236
29,7242
43,7356
17,7942
37,8169
30,8172
6,8315
41,8883
16,9109
26,9177
1,9274
46,9821
2,10123
48,10317
23,10755
10,11686
50,12621
12,13554
45,14486
40,15490
5,16495

simblock.block.ProofOfWorkBlock@23b71d24:12
10,0
8,797
15,1555
43,1608
14,2320
22,2362
19,2366
37,2403
41,3080
7,3118
30,3121
45,3125
4,3158
18,3177
34,3198
50,3840
46,3891
24,3992
36,3995
33,4068
16,4600
12,4652
32,4863
28,4907
20,4945
6,4994
17,5364
13,5419
31,5826
29,6132
21,6190
25,6891
23,6952
3,7766
49,7824
38,8643
27,8700
9,9514
40,9690
47,10387
39,10732
44,11266
11,12137
35,13010
48,14098
42,15105
2,16096
5,17086
26,18070
1,19075

simblock.block.ProofOfWorkBlock@7548e1fb:12
50,0
18,795
10,1553
17,2314
14,3081
34,3858
21,4623
19,5384
43,6148
46,6910
47,7788
3,8665
28,9539
49,10415
44,11296
11,12169
6,13175

simblock.block.ProofOfWorkBlock@45707f76:12
1,0
2,1719
39,3365
47,5043
27,6719
24,8403
35,10075
32,11745
9,13418
12,15189
45,16969
25,18741
34,20521
10,22292
43,24065
17,25843
18,27620
48,29445

simblock.block.ProofOfWorkBlock@2404abe2:13
30,0
4,791
45,1566
13,1582
23,2344
22,2345
7,2359
16,2380
12,3106
15,3109
29,3119
14,3144
10,3188
38,3259
27,3488
37,3865
17,3868
43,3878
18,3903
50,3972
19,3995
28,4185
48,4346
41,4626
46,4647
2,5334
21,5389
25,5420
35,5537
8,6178
36,6261
39,6379
31,6410
44,7132
9,7282
11,7923
32,8005
33,8797
3,8887
42,9148
24,9779
1,9797
6,11139
5,11635
26,12624

simblock.block.ProofOfWorkBlock@194224ca:14
16,0
34,1024
10,1786
12,1832
43,2544
41,2590
50,2604
49,2974
7,3305
8,3348
21,3369
18,3385
45,3401
28,3761
27,3849
15,4065
14,4121
25,4135
30,4143
40,4388
23,4831
46,4894
39,4899
11,5009
20,5015
29,5591
19,5653
44,5884
32,5888
13,6351
17,6412
38,6756
22,7109
4,7175
47,7630
37,7933
3,7985
42,8617
24,8804
36,8866
5,9603
33,9682
48,9953
31,10554
2,10590
26,10938
35,11433
9,12307
1,13311
6,14322

simblock.block.ProofOfWorkBlock@99c3cee:13
11,0
28,918
47,1759
3,2597
22,2958
33,3442
30,3889
44,4286
19,4829
36,5127
4,5763
50,6059
13,6700
45,7014
37,7634
46,7944
43,8565
18,8873
7,9495
10,9805
6,10452
17,10736
1,11408
23,11673
48,12455
15,12613
26,13467
41,13542
12,14471
5,15474
40,16488

simblock.block.ProofOfWorkBlock@213ceb4e:15
23,0
14,791
22,1552
15,1583
41,2313
19,2344
4,2350
24,2720
30,3072
10,3103
17,3108
13,3110
29,3138
28,3641
45,3840
50,3862
37,3868
20,3979
21,4600
1,4611
7,4630
31,4747
39,4766
9,4853
8,5359
49,5503
44,5621
43,6118
27,6375
3,6495
34,6877
32,7262
38,8136
16,8402
36,9009
25,9164
48,10097
2,11084
33,11556
11,12429
47,13305
35,14182
42,17174

simblock.block.ProofOfWorkBlock@6cb662e8:16
19,0
18,791
29,1551
21,1586
37,2311
43,2343
17,2351
22,2381
34,3070
45,3102
46,3109
12,3142
15,3182
28,3488
38,3523
5,3786
8,3833
23,3868
13,3868
30,3920
50,4593
41,4634
10,4638
4,4682
14,5354
16,5396
7,5396
25,5440
32,6236
11,6272
3,6274
27,6316
20,7110
9,7144
2,7258
26,7305
49,7986
36,8032
40,8244
39,8357
31,8863
6,9035
33,9741
1,10036
44,10615
35,11490
47,12363
24,13234
48,14322
42,15308

simblock.block.ProofOfWorkBlock@18c60d81:16
35,0
33,916
20,1757
44,2595
49,3433
23,4363
34,5307
46,6237
19,7168
18,8110
10,9060
37,9994
25,10925
4,11857
8,12801
1,13758
5,14761

simblock.block.ProofOfWorkBlock@6eadd342:17
47,0
36,928
11,1766
14,2126
33,2688
45,2696
25,2918
18,3065
29,3497
3,3548
35,3614
50,3627
8,3679
41,4005
9,4368
44,4393
24,4452
38,4554
43,4563
39,4563
16,4935
31,5140
28,5232
20,5241
21,5387
49,5439
17,5495
15,6164
42,6228
32,6314
34,6325
4,6426
46,7094
27,7193
19,7362
5,8104
2,8178
40,9110
12,9226
30,10156
10,11086
1,15774
6,16732

simblock.block.ProofOfWorkBlock@1fa796a4:18
9,0
38,914
31,1838
22,1847
17,2639
28,2695
44,2763
41,2777
23,3408
12,3434
46,3570
11,3613
13,3625
35,3688
19,3706
4,3707
21,4167
50,4193
37,4329
24,4451
33,4547
15,4556
29,4619
45,4636
16,4927
30,4956
43,5485
40,5532
10,5566
7,5685
32,5830
14,6417
18,6495
49,6556
3,6702
34,7424
47,7430
48,7460
20,8317
25,8356
39,8458
27,9191
8,9288
2,9463
36,10068
1,10250
42,10468
5,11054
26,11472
6,12056

simblock.block.ProofOfWorkBlock@297454f7:17
26,0
6,1173
2,2251
33,3177
5,3329
38,4519
32,4850
36,5706
18,6622
39,6893
47,8079
12,8394
49,9268
4,10181
28,10466
44,11661
46,11953
10,12898
29,13731
23,14123
37,15346
45,15512
16,16573
50,17291
17,17796
21,19021
13,19065
34,20251
30,21474
14,22698
41,23924
22,25152
7,26383
48,27697

simblock.block.ProofOfWorkBlock@22c4354d:19
34,0
25,792
37,1552
7,1585
12,2311
22,2344
41,2358
18,2398
17,3069
45,3108
30,3164
47,3230
44,3271
11,3448
20,3478
4,3839
43,3871
29,3902
27,4110
32,4143
28,4210
49,4330
38,4359
50,4599
15,4630
40,4872
36,4982
16,5359
14,5389
48,5426
5,5975
21,6124
8,6156
23,6884
10,6914
46,7646
13,7672
19,8407
3,8546
24,9294
42,9530
9,10166
2,10514
31,11052
39,11556
35,11927
33,12812
26,13804
1,14822
6,15834

simblock.block.ProofOfWorkBlock@3f2ab6ec:19
30,0
15,791
4,1554
16,1591
41,2314
34,2346
22,2354
29,2402
23,3074
37,3104
46,3115
7,3160
17,3837
18,3871
12,3874
10,3878
50,3929
43,3956
45,4595
13,4635
25,4663
8,4676
2,4923
48,5042
21,5353
1,5402
14,5421
20,5510
33,5554
47,6228
49,6297
35,6385
19,6745
44,7102
27,7169
9,7261
39,7324
3,7974
38,8041
31,8133
32,8850
11,8916
42,9119
28,9284
24,9721
40,10109
36,10596
6,11111
26,11583
5,12570

simblock.block.ProofOfWorkBlock@27aa7294:19
13,0
41,796
7,1555
29,2314
12,3074
16,3837
25,4595
8,5353
4,6189
45,6948
36,7825
38,8696
47,9579
20,10457
32,11329
48,12417
2,13434
6,14436
39,15485

simblock.block.ProofOfWorkBlock@3ce2c5f6:20
19,0
14,792
18,1551
23,1590
37,2309
17,2352
25,2358
45,2380
29,3074
41,3113
7,3119
30,3138
13,3162
4,3230
28,3497
50,3844
46,3879
12,3880
43,3896
3,4103
34,4603
10,4638
21,4639
22,4661
39,5146
8,5364
15,5397
16,5420
9,5519
47,6235
27,6270
11,6392
49,7106
36,7151
1,7394
44,7977
38,8026
35,8854
5,9020
20,9726
2,10009
32,10597
40,10995
33,11470
26,11983
24,12342
6,12994
48,14308
42,15294

simblock.block.ProofOfWorkBlock@4bba2704:21
9,0
38,935
31,1848
34,1867
23,2661
28,2685
44,2771
25,2822
19,3422
30,3462
11,3600
7,3614
14,3623
41,3757
29,3966
37,4182
47,4337
20,4440
3,4487
15,4552
36,4600
18,4690
12,4941
40,5327
13,5486
22,5622
27,5657
46,5700
5,6312
43,6427
16,6462
4,6562
17,7226
48,7480
10,7499
32,7952
21,7987
8,8429
39,8477
50,8745
49,8824
45,9362
26,9492
24,9618
1,10319
35,10490
42,10509
33,11362
2,11531
6,12361

simblock.block.ProofOfWorkBlock@2ae0eb98:21
8,0
13,797
10,1556
23,2316
25,3074
12,3840
41,4600
19,5361
45,6125
29,6924
46,7683
21,8444
17,9202
14,9961
43,10721
49,11599
9,12473
35,13349
27,14226
48,15316
40,16308
39,17356

simblock.block.ProofOfWorkBlock@15c8b75c:22
15,0
41,793
22,1551
12,1588
14,2321
23,2347
17,2350
34,2382
46,3086
18,3108
7,3109
50,3114
43,3151
48,3470
28,3487
30,3850
13,3866
4,3868
45,3911
19,3913
29,3968
1,4471
25,4611
37,4629
47,4747
33,4784
40,4906
16,5369
8,5388
39,5526
35,5668
5,5738
10,6128
21,6146
2,6726
24,7002
31,7027
42,7712
49,7873
44,7908
6,8717
38,8746
36,8779
3,9651
27,10503
11,11396
26,12391

simblock.block.ProofOfWorkBlock@66297b63:22
20,0
28,920
35,1760
24,1833
3,2600
38,2673
33,2708
15,3025
32,3439
11,3521
31,3594
8,3643
16,3795
30,3964
49,4286
9,4434
36,4444
50,4452
25,4573
6,4711
7,4731
44,5132
27,5220
47,5290
43,5364
39,5452
10,5530
21,5664
4,6061
12,6227
14,6298
26,6457
18,6459
29,6602
19,7009
40,7237
34,7393
46,7958
37,8332
41,8889
23,9265
22,9824
1,10221
17,10755
45,11685
13,12615
48,13658
2,14677
5,15682
42,16696

simblock.block.ProofOfWorkBlock@4bc75792:23
16,0
23,792
29,1551
12,1588
43,2316
19,2344
30,2350
4,2389
15,3077
21,3111
50,3115
37,3153
32,3224
24,3481
20,3483
9,3525
7,3836
8,3870
17,3913
38,3989
44,4097
28,4252
31,4362
10,4594
46,4628
27,4788
2,5085
22,5352
18,5391
49,5661
34,6111
41,6154
1,6660
13,6871
14,6915
25,7675
39,7702
36,7756
45,8436
3,8631
35,9309
48,9725
33,10196
26,10712
47,11071
11,11944
5,12931
42,13920
40,14905

simblock.block.ProofOfWorkBlock@59456e1:24
37,0
19,795
41,1554
14,1608
34,2329
46,2345
18,2366
25,2410
43,3088
17,3125
29,3127
10,3130
45,3154
22,3239
38,3281
4,3853
16,3886
21,3890
8,3890
2,4270
28,4281
7,4612
13,4648
50,4656
1,4888
40,5259
12,5375
30,5408
32,5530
23,6173
27,6250
33,6401
15,6932
47,7128
24,7274
11,7805
36,8013
44,8151
9,8685
3,8886
49,9024
35,9758
20,9896
26,10745
31,10768
5,11732
48,11869
6,12731
42,12854
39,13776

simblock.block.ProofOfWorkBlock@303a484e:24
26,0
6,1187
5,2263
32,3178
2,3345
40,3526
24,4093
28,4531
35,4712
33,4872
19,5036
25,5060
27,5130
36,5727
3,5897
15,5967
8,6357
4,6658
38,6928
1,6940
11,7086
43,7588
42,7965
44,8112
20,8271
18,8430
47,9298
29,10204
49,10487
39,11681
45,11976
14,12910
37,14149

simblock.block.ProofOfWorkBlock@438a2337:25
15,0
10,805
46,1566
29,1602
16,2328
50,2361
45,2371
13,2402
41,3094
8,3122
7,3133
21,3135
19,3161
12,3212
28,3513
22,3853
17,3880
37,3892
18,3893
43,3924
4,3973
36,4005
30,4613
23,4653
9,4751
31,4787
39,5017
25,5371
34,5411
35,5628
14,6139
20,6282
44,6499
27,7017
33,7155
3,7371
38,7888
40,8151
47,8246
32,8761
6,9158
48,9340
49,9647
42,10325
24,10519
5,11314
11,11391
26,12298
2,13291
1,14294

simblock.block.ProofOfWorkBlock@5b3f0552:26
35,0
33,936
49,1794
24,1853
44,2637
32,2697
3,2722
28,2789
20,3485
11,3535
31,3557
14,3655
38,3712
30,3728
13,3896
16,3927
27,4373
19,4414
36,4451
7,4494
22,4585
9,4638
41,4658
48,4920
2,4932
47,5290
21,5303
18,5345
17,5437
15,5524
43,5570
42,5662
45,6233
8,6276
40,6298
29,6369
12,6482
6,7202
4,7210
50,7416
10,8144
39,8413
25,9076
26,9417
34,10008
37,10939
23,11877
46,12820
1,13777
5,14780

simblock.block.ProofOfWorkBlock@3ab2d64c:26
1,0
2,1705
39,3353
32,5026
49,5313
9,6697
28,6873
35,8372
38,8434
5,10007
24,10051
40,11278
26,11578
47,11721
20,12463
37,13254
27,13397
11,13647
33,14834
21,14920
43,15172
3,16031
13,16586
17,16955
14,17264
8,18254
4,18490
10,18731
22,19714
12,20504
23,20938
30,22162
18,22276
25,24050
45,25833
34,27607
48,29429

simblock.block.ProofOfWorkBlock@1e32a3ed:26
12,0
41,792
14,1555
17,2315
37,3078
25,3837
43,3871
4,4595
15,4627
19,4629
34,5356
22,5386
7,5387
23,6116
10,6149
50,6156
35,6260
21,6876
46,6909
30,6910
16,6947
3,7133
13,7644
45,7668
18,7669
24,7819
20,8042
26,8118
8,8410
9,8540
40,8672
31,8694
27,9281
2,9526
33,9565
49,10170
47,11047
11,11922
36,12796
48,13885
42,14872
5,15860
6,16859
1,17869
39,18913

simblock.block.ProofOfWorkBlock@66032b8d:27
36,0
47,929
11,1767
43,2135
3,2688
18,2710
29,2930
10,3070
21,3508
44,3525
24,3606
41,3642
8,3689
50,4011
34,4310
33,4383
9,4383
20,4447
31,4449
25,4450
42,4558
45,4572
19,4946
28,5224
35,5257
49,5284
27,5323
39,5359
16,5502
7,5889
32,6129
46,6160
38,6203
2,6298
30,6433
23,6819
15,7092
13,7369
1,7788
40,8098
37,8304
5,9101
22,9241
12,10172
4,11102
17,12969
6,13936

simblock.block.ProofOfWorkBlock@51f714d1:27
7,0
16,795
14,1560
10,1587
45,2321
23,2348
50,2356
43,3108
37,3111
46,3117
8,3131
41,3155
21,3869
30,3875
15,3878
12,3890
4,3908
35,4036
25,4627
34,4636
19,4649
11,4746
39,4960
31,5043
22,5386
29,5394
27,5530
20,5629
17,6146
36,6266
38,6402
24,6501
13,6906
49,7281
28,7300
48,7357
9,7375
18,7664
33,8250
40,8267
47,8536
42,9235
5,9252
32,9414
1,10248
6,10258
44,10298
3,11170
2,12164
26,13148

simblock.block.ProofOfWorkBlock@5d796665:28
33,0
11,916
35,1754
27,2593
20,2671
28,3078
24,3439
37,3601
14,3783
13,3864
44,3918
38,4023
32,4279
7,4412
8,4537
30,4637
29,4655
22,4720
36,4759
31,4837
48,4909
9,4949
39,5021
49,5117
16,5420
4,5473
47,5601
43,5657
42,5922
26,6025
21,6053
25,6405
3,6440
2,6930
34,7004
1,7366
10,7370
45,7934
50,8301
46,8865
41,9231
23,9794
12,10166
19,10725
15,11108
17,12046
5,12688
18,12979
40,13985

simblock.block.ProofOfWorkBlock@797bbeae:29
26,0
6,1176
2,2251
33,3161
5,3326
1,3434
24,4078
42,4506
28,4521
40,4594
32,4843
11,4918
15,5287
9,5454
20,5694
49,5714
35,5764
8,6305
27,6603
46,6645
3,6881
38,6901
43,7241
19,7540
31,7820
47,8088
25,8108
29,8418
36,9272
18,10200
44,11658
12,11972
7,12885
13,13753
30,14116
17,15344
4,15526
45,19072

simblock.block.ProofOfWorkBlock@6fd6d887:30
1,0
2,1832
5,3087
39,3479
42,4158
40,4356
32,5152
26,5230
28,5451
33,5542
19,5895
15,6353
20,6414
50,6692
11,6731
47,6823
49,7016
41,7282
31,7571
38,7620
23,7965
9,8494
21,8695
3,8808
37,9190
22,10033
35,10164
8,10362
30,10413
14,11261
4,11642
27,11835
46,12488
24,13505
7,13712
13,14936
34,15294
29,16179
18,17065
10,18838
25,20614
6,21776
12,22386
44,22964
36,24156
45,24172
16,25381
43,25946
17,27720
48,29543

simblock.block.ProofOfWorkBlock@2114955c:29
30,0
17,793
15,1552
10,1591
21,2312
12,2351
25,2394
41,3074
22,3109
46,3126
29,3164
45,3832
50,3870
37,3920
14,3925
33,4008
4,4593
7,4632
43,4633
19,4665
13,4683
16,4693
49,4879
23,5372
40,5405
18,5406
9,5575
6,5640
31,5752
8,6168
47,6264
35,6446
39,6796
34,6934
24,7140
38,7319
27,7809
36,8020
48,8408
20,8683
44,8896
42,9405
28,9563
3,9768
11,10455
32,10644
2,11449
26,11632
1,12449
5,12625

simblock.block.ProofOfWorkBlock@4dcb8e8b:30
11,0
36,930
28,1782
22,2122
47,2624
20,2697
25,2914
16,3057
33,3519
24,3554
35,3613
7,3674
34,3708
19,3830
29,3857
37,3986
3,4360
38,4405
21,4432
32,4458
8,4470
43,4760
31,4864
30,4924
44,5199
9,5304
39,5400
1,5718
13,5856
18,6129
49,6183
42,6403
4,6790
27,7066
50,7081
14,7730
41,8013
2,8051
6,8688
23,8947
48,9738
10,9878
26,10742
46,10809
12,11741
17,12670
45,13601
15,14537
40,15549
5,16554

simblock.block.ProofOfWorkBlock@2b454886:30
10,0
29,6344
41,7102
25,7864
14,8631
16,9393
15,10153
50,10912
8,11675
17,12436
44,13307
9,14180
11,15053
38,15926
3,16810
35,17684
47,18559
48,19648
5,20637
2,21624
42,22619
26,23604
1,24609

simblock.block.ProofOfWorkBlock@5d7a274e:31
11,0
33,9470
28,10312
27,10385
3,11158
38,11235
24,11236
14,11580
47,12001
32,12094
20,12097
31,12172
7,12354
8,12512
36,12847
49,12936
9,13012
39,13098
4,13193
25,13287
37,13446
44,13684
35,13778
13,13944
26,14102
16,14221
43,14382
15,14627
19,14709
48,14989
42,15112
29,15167
22,15314
41,15564
21,15648
30,16098
1,16271
18,16495
34,16582
2,17109
46,17424
6,17538
10,18369
45,19300
17,20232
12,21168
23,22101
50,23035
5,24043
40,25049

simblock.block.ProofOfWorkBlock@311a569d:32
10,0
15,793
41,1553
46,1606
25,2324
37,2347
22,2366
45,2401
50,3083
23,3107
30,3131
43,3138
19,3146
34,3163
14,3846
21,3886
7,3898
4,3904
32,4003
33,4037
28,4218
29,4620
18,4645
24,4879
39,4939
40,5023
16,5381
13,5437
27,5751
6,6025
17,6139
12,6196
49,6624
8,6898
36,7067
47,7769
20,7942
9,8640
31,8816
44,9514
38,10388
35,12160
26,15123
2,17096

simblock.block.ProofOfWorkBlock@2e95d163:32
44,0
31,922
11,1767
38,1859
35,2614
36,2683
4,2789
9,2794
20,3454
47,3530
49,3534
34,3719
43,3725
16,3882
28,4368
32,4379
41,4384
27,4451
8,4467
13,4660
6,4848
3,5212
24,5290
21,5323
37,5405
22,5590
33,6060
30,6252
25,6337
14,6530
18,6993
29,7184
1,7293
48,7587
12,7934
45,8115
39,8622
23,8865
19,9048
2,9628
46,9798
10,9980
42,10638
15,10733
17,10912
40,11744
50,11842
5,12750
26,13788

simblock.block.ProofOfWorkBlock@35798cd0:32
2,0
1,1174
26,2245
39,3090
5,3321
6,3427
42,4393
40,4583
28,4611
24,4761
38,5581
33,5773
36,5802
19,6115
9,6435
3,6766
11,6961
44,6992
20,7952
47,8105
49,8181
4,8227
46,9185
30,9407
32,9776
14,10413
23,10634
35,11464
10,11649
37,11860
25,12873
41,13087
27,13136
22,14111
16,14311
12,14910
7,15335
21,15539
29,16562
43,16704
13,17794
18,18483
17,19024
34,20265
45,22039
48,23867

simblock.block.ProofOfWorkBlock@6bddd4ce:33
39,0
1,1775
28,3337
20,4267
38,4903
11,5108
3,5199
44,6036
50,6038
7,6391
49,6466
46,6968
42,7054
30,7322
31,7390
33,7400
6,7558
23,7784
22,7900
5,8042
16,8255
15,8319
40,8777
19,8832
29,9188
14,9255
36,9542
26,9611
41,9766
4,10695
8,11278
21,12955
25,14621
37,16288
13,17958
12,19652
2,24295
35,25965
47,27642
24,29317
32,30989
27,32667
9,34339
43,36116
45,37887
10,39660
34,41435
17,43206
18,44991
48,46812

simblock.block.ProofOfWorkBlock@4ff4478:33
36,0
11,923
47,1762
45,2693
19,2966
29,3488
22,3624
34,3764
43,3898
8,4248
21,4420
18,4562
31,4640
7,4828
2,4977
25,5013
38,5292
13,5507
35,5512
1,5786
9,5889
27,6165
32,6386
16,6437
28,6725
24,6763
37,7372
3,7574
20,7638
4,8308
33,8420
49,8510
30,9245
44,9274
42,9495
17,10174
23,10211
41,11105
46,11153
14,12038
6,13932
15,13963
40,14970
48,14978
5,15977
26,15985

simblock.block.ProofOfWorkBlock@24328fca:33
25,0
21,792
43,1551
4,1589
8,2313
16,2347
30,2348
36,2724
10,3075
37,3105
41,3107
19,3109
24,3493
20,3599
7,3834
29,3864
17,3870
48,4202
28,4420
5,4583
13,4603
50,4628
47,4740
46,5377
18,5419
6,5590
38,5615
34,6143
32,6292
40,6600
23,6903
33,7167
14,7664
27,8041
12,8422
44,8915
15,9195
49,9789
22,9970
31,10660
45,10733
11,10907
3,11604
26,11648
35,12477
9,13367
42,14352
2,15342
1,16348
39,17422

simblock.block.ProofOfWorkBlock@3c799d53:34
47,0
11,2586
36,3435
50,4370
34,5164
10,5301
21,5924
25,5960
23,6230
49,6802
24,6835
12,7167
35,7706
20,7727
29,8094
30,8097
31,8583
8,8853
32,8952
7,9026
9,9466
38,9725
27,9837
17,9969
42,10715
39,10885
13,10901
2,11717
4,11831
22,12768
3,12775
14,12872
33,13612
43,13697
16,13808
28,14452
45,14630
44,15290
19,15559
41,16222
37,16491
15,17153
6,17448
46,18091
1,18407
18,19021
48,19455
5,20025
26,20475
40,21028

simblock.block.ProofOfWorkBlock@6aa2ffd3:35
16,0
34,796
29,1558
21,1588
13,2317
12,2348
8,2354
41,2380
22,3075
46,3106
45,3113
18,3139
14,3153
38,3447
23,3833
19,3865
30,3899
32,3988
11,4026
20,4324
28,4376
15,4593
50,4626
27,4784
44,4862
5,5012
47,5203
7,5353
17,5384
49,5656
40,5865
43,6115
4,6143
42,6641
2,6849
10,6881
25,6901
37,7660
39,7683
36,7756
35,8540
3,8628
33,9411
48,9728
31,10284
26,10716
24,11158
9,12039
6,13038

simblock.block.ProofOfWorkBlock@1f59def1:36
2,0
1,1176
42,2252
5,3325
28,3851
26,4400
40,4592
50,5073
23,5078
3,5588
6,5594
11,5787
8,6305
21,6305
38,6774
36,6779
15,6981
33,6994
31,7447
4,7530
49,7965
20,7965
30,8222
19,8758
44,9149
46,9188
37,9447
16,10376
13,10415
41,11604
17,11646
7,12873
25,14098
39,14921
10,15323
29,16549
22,17773

simblock.block.ProofOfWorkBlock@c079185:37
28,0
20,920
38,1771
32,1840
11,2612
35,2680
31,2707
33,2755
24,3452
47,3534
9,3544
44,3561
27,3683
21,3693
8,3881
50,4383
36,4385
3,4405
10,4474
18,4649
34,4820
49,5242
16,5266
17,5315
23,5317
15,5406
29,5578
37,5751
13,6172
12,6255
39,6322
43,6338
7,6511
25,6685
4,7102
40,7258
14,7270
26,7331
30,7469
22,8038
42,8348
1,8426
46,8974
6,9393
19,9906
45,10838
41,11768
48,12834
2,13842
5,14850

simblock.block.ProofOfWorkBlock@4f0c396a:38
13,0
45,795
25,1556
30,1589
16,2318
14,2347
23,2347
17,2383
41,3079
15,3106
46,3106
19,3137
18,3155
5,3370
28,3520
7,3837
10,3865
43,3866
37,3885
50,3898
26,4357
4,4595
21,4628
9,4742
31,4758
27,4770
12,5354
34,5388
11,5630
40,5758
29,6115
22,6153
24,6507
8,6873
35,7035
49,7382
20,7747
3,8256
38,8622
33,9127
47,9495
44,10001
32,10371
42,10985
36,11245
1,11985
48,12333
2,13320
6,14325
39,15366

simblock.block.ProofOfWorkBlock@4ced03c7:39
38,0
31,935
28,1795
44,1910
9,2649
20,2720
35,2832
4,2839
11,3557
15,3586
37,3633
32,3636
33,3750
45,3764
41,3768
25,3853
16,4390
12,4391
24,4397
3,4474
13,4518
23,4682
29,4702
21,4707
8,4784
27,5270
36,5283
49,5315
50,5328
22,5448
30,5631
34,5648
18,5714
47,6170
46,6247
17,6261
43,6385
7,6562
19,6579
1,6670
40,7181
5,7250
14,7316
6,8182
10,8247
48,9293
39,10294
42,11300
26,12304
2,13319

simblock.block.ProofOfWorkBlock@6da640fe:39
14,0
25,792
12,1556
45,1602
15,2323
17,2347
21,2360
29,2405
8,3084
34,3119
41,3130
18,3145
30,3164
16,3206
31,3501
23,3845
37,3891
22,3894
28,4018
24,4039
10,4605
46,4653
4,4654
44,4917
19,5364
43,5413
47,5525
20,5788
50,6123
13,6172
11,6396
33,6664
7,6886
35,7045
27,7759
9,7927
36,8635
3,8798
38,9510
42,9785
32,10384
1,10785
49,11256
39,11830
48,12345
40,13343
2,15321
6,16322
26,17313

simblock.block.ProofOfWorkBlock@6bea3a13:40
36,0
11,919
47,1756
3,1834
33,2673
12,2687
20,2748
7,2947
8,3483
28,3510
24,3587
32,3597
41,3616
19,3888
34,4288
44,4350
49,4425
38,4435
27,4439
16,4548
9,4622
31,4747
43,4818
35,5277
42,5280
23,5283
29,5355
14,5477
1,5777
10,6212
21,6288
39,6331
37,6409
50,7152
25,7221
18,7341
46,8088
2,8229
45,8277
15,9021
17,9217
40,10024
30,10148
5,11034
22,11077
48,14949
26,15959

simblock.block.ProofOfWorkBlock@ffd66e1:39
2,0
1,1195
5,2280
42,3358
26,4431
3,5615
38,6803
20,7987
10,9225
22,10456
25,11680
29,12908
14,14144
7,15375
13,16599
46,17827
17,19051

simblock.block.ProofOfWorkBlock@111d4b1c:40
17,0
18,793
30,1552
46,1589
10,2317
19,2354
15,2361
25,2410
50,3077
16,3111
23,3115
45,3119
33,3283
43,3354
22,3838
41,3876
29,3894
5,4106
13,4113
40,4280
34,4601
14,4653
49,4748
39,5169
7,5359
38,5527
9,5621
37,5824
4,6126
24,6512
42,6516
12,6885
31,7276
35,7385
8,7643
21,8403
48,8485
27,9275
6,9490
36,10149
3,11030
32,11913
11,12788
28,13674
20,14552
44,15428
47,16301
26,17285
2,18285
1,19288

simblock.block.ProofOfWorkBlock@737fbdc2:41
38,0
9,921
28,1767
25,2114
31,2616
24,2688
46,2910
45,3059
20,3526
44,3535
13,3559
32,3609
21,3672
29,3855
4,3992
27,4046
16,4360
11,4367
23,4430
33,4460
19,4466
22,4491
47,4739
37,4786
8,4927
5,4944
40,5033
7,5188
50,5297
49,5298
14,5429
36,5610
34,5860
12,5963
6,6033
30,6227
17,6229
10,6361
18,6792
35,6852
15,7291
3,7723
41,7725
43,8220
1,8685
48,9265
39,10285
2,11292
26,12296
42,13299

simblock.block.ProofOfWorkBlock@2ff76dec:42
50,0
10,797
46,1559
15,1592
21,2325
41,2353
23,2355
30,2385
34,3083
8,3112
45,3115
7,3117
22,3145
13,3149
18,3842
12,3875
25,3876
37,3909
20,4003
32,4017
14,4603
29,4634
4,4635
36,4780
27,4875
24,4897
43,5364
16,5393
31,5518
33,5754
19,6124
9,6268
39,6560
40,6739
17,6883
35,7143
44,7755
38,8015
49,8627
48,9101
11,9501
26,10085
3,10389
5,11071
28,11262
2,12057
47,12135
1,13061
6,13139
42,14049

simblock.block.ProofOfWorkBlock@6c8d6a2f:43
46,0
18,809
45,1569
17,1610
23,2327
43,2360
19,2369
4,2404
50,3087
14,3118
29,3119
7,3142
37,3153
10,3169
31,3512
8,3845
16,3879
30,3881
22,3937
24,4013
38,4025
25,4605
13,4645
12,4698
39,4802
5,4872
36,4891
41,5369
47,5518
28,5569
49,5763
21,6129
44,6400
26,6555
32,6642
15,6889
3,7271
9,7516
34,7837
42,8255
48,8602
11,8713
35,9588
1,9611
20,10462
27,11335
33,12207
40,13191
2,14178
6,15178

simblock.block.ProofOfWorkBlock@443641bf:43
16,0
13,791
23,1552
8,1588
43,2310
4,2347
7,3069
25,3107
22,3831
45,3865
29,4591
41,4624
10,5349
12,5383
34,6117
20,6258
15,6877
47,7138
28,7174
3,7749
44,8012
38,8013
36,8622
35,8861
32,8891
49,9699
48,9708
2,9875
46,10632
26,10697
6,10877
1,11088
19,11561
39,11922
14,12315
17,12492
33,12875
5,13496
42,14499
37,14653
50,16426
18,18199

simblock.block.ProofOfWorkBlock@42b09d68:44
14,0
12,792
8,1552
37,1595
7,2316
46,2353
13,2356
3,2740
15,3074
45,3114
16,3116
34,3116
24,3657
50,3836
29,3873
17,3874
18,3879
31,4263
28,4586
30,4596
23,4597
41,4633
43,4634
22,4647
10,5361
4,5392
9,5505
44,5522
19,6126
21,6150
35,6377
25,6896
47,7022
20,7602
36,7768
11,7893
33,8500
49,8659
42,8879
27,9553
1,9887
38,10425
39,10928
32,11301
48,12390
2,13391
5,14387
26,15373
40,16362
6,17362

simblock.block.ProofOfWorkBlock@27f619e9:45
41,0
46,791
37,1549
50,1586
10,2309
19,2340
25,2363
17,2381
15,3069
43,3100
29,3109
34,3123
14,3140
22,3184
8,3827
7,3858
45,3882
16,3944
28,4027
18,4587
4,4621
33,4758
38,4815
49,4903
13,5351
47,5499
35,5635
48,5903
21,6114
5,6508
27,6515
12,6872
42,6893
40,7500
39,7554
23,7633
1,7900
30,8393
2,8484
9,9270
6,9483
31,10151
36,11024
32,11904
11,12776
3,13647
24,14518
20,15391
44,16262
26,17255

simblock.block.ProofOfWorkBlock@6ecbf948:45
40,0
5,1267
27,2460
11,3644
28,4566
46,4876
47,5404
4,6100
44,6250
33,7089
20,7169
14,7324
3,7930
31,8008
32,8085
8,8550
36,8769
35,8848
49,8923
17,9700
23,9777
19,9781
22,9857
41,10633
30,10713
13,10787
29,11000
15,11582
21,11655
2,11793
43,12227
45,12513
7,12585
42,12806
10,13443
48,13549
26,13590
50,14374
12,15309
18,16240

simblock.block.ProofOfWorkBlock@390a13f2:45
23,0
34,793
16,1551
25,2310
18,3088
30,3847
41,4636
8,5394
14,6159
45,6924
21,7683
43,8442
22,9203
12,9965
46,10725
47,11600
35,12475
33,13356
11,14229
40,15219
26,16205
5,17189
42,18175
6,19175

simblock.block.ProofOfWorkBlock@5013c293:45
24,0
28,916
33,1753
49,2593
3,3440
32,4286
11,4365
20,5205
18,5220
29,6139
19,6152
21,7073
30,7092
37,8007
41,8022
10,8940
15,8951
34,9887
7,9889
45,10825
17,10829
25,11770
1,11784
16,12703
42,12791
50,13632
5,14642
2,15655

simblock.block.ProofOfWorkBlock@3e230171:46
39,0
1,1772
49,3336
2,3481
20,4261
42,4744
38,4898
33,5106
47,5165
44,5177
31,5815
3,5948
29,5972
11,6028
36,6090
41,6109
30,6374
28,6458
23,6462
16,6763
35,6837
14,6912
6,7008
4,7051
46,7213
40,7757
15,7844
26,8032
7,8442
24,8517
22,8782
5,9617
19,9744
32,10188
50,10676
13,11288
27,11861
37,12970
9,13535
25,14635
43,15307
8,16300
17,17090
12,17970
45,18866
21,19636
18,20642
34,22421
10,24196
48,26017

simblock.block.ProofOfWorkBlock@5f2efaec:47
5,0
2,1259
40,2333
1,2447
26,3405
42,3519
27,3938
9,4441
6,4592
20,4596
38,4704
15,5146
43,5164
19,5227
31,5617
49,5776
39,5785
25,5933
47,6112
8,6390
50,6885
36,6967
32,6970
29,7160
24,7786
44,8151
11,8157
7,8383
28,9335
33,9343
45,9558
46,9610
35,10533
16,10564
13,10842
18,11332
3,11721
41,11788

simblock.block.ProofOfWorkBlock@e6fa52c:48
50,0
17,794
14,1553
22,1590
19,2313
15,2348
8,2349
16,2380
21,3073
23,3108
37,3110
7,3117
41,3143
45,3148
9,3253
34,3833
29,3876
12,3876
25,3881
13,3908
42,4237
18,4601
30,4640
35,4750
38,4761
39,4950
46,5360
4,5398
24,5624
48,5857
43,6153
27,6270
33,6498
5,6843
10,6913
32,7147
31,7370
44,7786
40,7833
36,8022
49,8659
20,8897
47,9531
26,9882
11,10406
2,10875
28,11277
1,11880
3,12160
6,13168

simblock.block.ProofOfWorkBlock@efcc91d:48
43,0
25,794
23,1553
21,1589
50,2312
18,2346
10,2348
8,3074
30,3105
46,3106
19,3140
44,3504
29,3840
41,3864
13,3867
4,3909
17,3921
20,4262
37,4600
34,4627
11,4743
24,4795
28,5179
16,5362
12,5386
33,5616
36,5667
45,6123
22,6188
32,6542
26,6601
14,6947
47,6995
49,7415
5,7586
7,7706
27,7867
15,8465
48,8505
6,8588
38,8740
9,9336
40,9728
35,10223
1,10727
3,11096
2,12085
42,13086
39,14130

simblock.block.ProofOfWorkBlock@4a6d1ccd:48
9,0
38,915
22,1846
31,1848
28,2686
44,2777
8,2781
24,3613
15,3615
35,3701
21,3708
18,3711
11,4457
33,4532
43,4552
29,4630
19,4637
10,4650
20,5316
32,5371
27,5467
14,5486
30,5574
4,5583
49,6211
50,6247
23,6405
13,6436
7,6510
34,6519
3,7052
17,7182
46,7344
41,7450
48,7489
16,8245
6,8301
25,8381
39,8485
37,9175
5,9309
45,9312
2,9491
1,10270
26,10495
42,11499

simblock.block.ProofOfWorkBlock@312e3de0:48
49,0
35,913
24,1752
20,2590
3,3436
27,4284
33,5121
21,6060
45,6997
12,7929
8,8859
15,9789
14,10730
19,11660
18,12590
50,13521
22,14452
39,15449
26,16453

simblock.block.ProofOfWorkBlock@c8de603:49
4,0
22,792
13,1552
23,1589
21,2313
41,2351
16,2358
14,2382
12,3093
50,3111
8,3112
15,3127
43,3141
10,3148
19,3178
37,3852
45,3872
25,3896
18,3899
3,3984
24,4029
28,4262
1,4611
17,4614
29,4633
46,4661
7,4663
44,4858
30,5374
32,5508
11,5533
38,5566
34,6137
33,6408
27,6440
48,6597
35,7011
49,7317
39,7649
20,7886
2,8305
9,8770
26,9299
36,9645
47,10516
31,11395
40,12386
42,13386
5,14372
6,15382

simblock.block.ProofOfWorkBlock@25329370:50
29,0
19,793
10,1552
18,1590
43,2311
34,2349
15,2350
21,2392
45,3071
37,3110
17,3114
30,3141
7,3151
4,3159
27,3453
16,3830
14,3869
25,3875
22,3900
46,3909
12,3925
39,4036
28,4263
13,4588
41,4634
50,4652
23,4667
8,5359
38,5505
24,5523
36,5539
3,6232
11,6382
35,6407
44,7105
9,7273
49,7279
32,7983
33,8151
5,8259
40,8968
20,9028
26,9246
31,9900
2,9959
1,10245
6,10974
48,11863
42,12852

simblock.block.ProofOfWorkBlock@7895bad0:51
11,0
47,919
33,1758
7,2110
3,2595
35,2681
25,2911
37,3042
36,3443
27,3523
20,3529
14,3670
8,3887
22,3980
9,4052
44,4291
32,4365
16,4452
29,4462
38,4805
19,4913
42,5051
28,5129
49,5205
31,5207
2,5439
43,5850
24,6046
18,6061
39,6093
4,6779
21,6979
12,6994
13,7718
34,7908
50,8869
1,9613
6,10569
17,10732
26,12651
40,15472

simblock.block.ProofOfWorkBlock@24090655:51
23,0
43,799
45,1561
50,1591
21,2322
29,2350
7,2362
10,2386
16,3088
37,3112
13,3120
4,3125
19,3150
15,3257
2,3823
22,3847
17,3916
38,3983
20,3996
31,4015
48,4359
34,4611
28,4789
27,4855
24,4868
32,4891
14,5370
36,5740
1,5863
39,5938
12,6129
49,6611
41,6890
9,7483
46,7652
3,8355
8,8412
25,9170
44,9227
18,9929
30,10688
35,11559
11,12443
33,13316
47,14189
5,16161
42,17149
26,18146
6,19146

simblock.block.ProofOfWorkBlock@572d2320:52
27,0
49,922
33,1767
24,1835
20,2675
15,2702
28,2784
16,3505
3,3518
44,3620
46,3635
38,3704
30,3715
32,3894
10,4265
29,4305
35,4360
31,4550
4,4552
37,4564
9,4625
41,4645
11,4732
47,4868
25,5024
7,5064
18,5299
13,5495
14,5503
42,5651
23,5663
36,5941
50,6228
21,6433
48,6538
34,6598
19,7161
8,7362
2,7544
6,7561
45,8092
12,8296
5,8564
39,9090
22,9226
26,10111
43,10162
17,11097
1,12058
40,13063

simblock.block.ProofOfWorkBlock@5fa957c2:51
34,0
19,795
25,1554
12,2316
21,3081
50,3841
23,4600
17,5361
37,6120
46,6881
16,7640
4,8398
33,9277
31,10152
9,11027
35,11902
24,12785
26,13773
6,14772
1,15782

simblock.block.ProofOfWorkBlock@4868a657:52
7,0
18,795
45,1554
41,1587
16,2313
23,2348
12,2384
25,3074
46,3111
15,3142
4,3187
43,3702
13,3838
19,3872
10,3903
27,4066
30,4463
17,4596
50,4668
31,4774
38,4840
39,5109
29,5221
22,5367
49,5545
8,5982
21,6126
11,6423
33,6853
37,6897
28,7085
35,7295
14,7659
20,7737
36,8168
32,8544
42,8725
9,9044
47,9433
24,9917
3,10307
48,11005
44,11180
1,12013
26,12164
6,13020
2,13153
34,13618
5,14605
40,15590

simblock.block.ProofOfWorkBlock@4eaada62:52
10,0
17,793
29,1553
34,1586
8,2315
4,2345
41,3074
45,3111
21,3112
25,3833
43,3870
12,3871
15,4614
30,4630
13,4631
50,5383
22,5389
49,5509
14,6142
7,6148
40,6494
16,6902
18,6907
39,7540
3,7775
27,7781
38,8653
20,8656
44,9525
28,9528
35,10401
36,10406
11,11272
32,11282
9,12149
47,13030
23,13869
48,14118
19,14681
42,15104
37,15440
2,16093
46,16203
33,17077
5,17077
24,17959
26,18063
31,18832
1,19073
6,19845

simblock.block.ProofOfWorkBlock@42630ea9:53
45,0
23,7301
7,8060
30,8827
13,9587
4,9620
29,10346
15,10385
38,10733
31,10770
46,11107
10,11139
27,11538
28,11661
17,11732
48,11820
43,11889
19,11897
50,11925
37,12492
8,12655
39,12864
32,13364
25,13417
12,14171
33,14289
2,14353
18,14932
3,15161
14,15690
20,16040
16,16448
36,16912
22,17217
49,17785
21,17980
24,18660
41,18740
11,19536
35,20378
47,20408
26,21370
9,22174
5,22355
42,23168
1,24170
6,25169

simblock.block.ProofOfWorkBlock@67e2f838:53
11,0
47,914
3,1753
37,2110
44,2591
20,2690
34,2921
7,3039
36,3430
31,3515
49,3528
32,3626
27,3795
43,3972
28,4282
24,4370
14,4623
42,4632
35,4668
8,4734
13,4901
38,5111
33,5122
25,5303
39,5712
30,5836
50,6053
16,6236
19,6769
12,6982
29,7171
4,7701
41,7934
21,8103
22,8639
18,8865
2,9114
6,9598
15,9795
1,10555
23,10730
48,11598
10,11663
9,11887
17,12592
26,12602
45,13522
46,14460
40,15472
5,16477

simblock.block.ProofOfWorkBlock@513f7e24:54
13,0
12,793
25,1555
34,1592
7,2319
15,2346
21,2373
4,3078
43,3113
18,3131
14,3133
30,3144
8,3840
10,3871
37,3891
44,4007
46,4040
40,4568
45,4598
22,4631
17,4650
50,4798
41,5362
23,5414
3,5505
19,5559
28,5807
16,6120
27,6300
35,6377
24,6434
29,6880
11,7173
9,7248
31,7305
20,7755
49,8046
33,8182
32,8627
42,9041
26,9168
47,9513
5,10033
36,10398
1,11034
38,11273
48,12361
2,13351
6,14353

simblock.block.ProofOfWorkBlock@5bf3e120:55
11,0
33,923
28,1761
24,1838
3,2616
38,2674
27,2676
30,3034
47,3455
32,3513
20,3516
9,3592
25,3807
4,3843
43,3878
1,3996
44,4293
49,4355
31,4438
39,4512
7,4741
22,4810
36,5153
35,5193
14,5368
26,5529
16,5670
8,5748
17,6082
21,6124
13,6302
42,6541
29,6599
50,7011
34,7057
48,7346
37,7529
45,7941
19,7992
2,8536
18,8875
6,8962
12,9806
10,10748
15,11678
41,12621
46,13555
23,14488
5,15494
40,16506

simblock.block.ProofOfWorkBlock@38d7e9ec:56
42,0
2,1258
20,2451
1,2457
35,3373
5,3530
24,3641
44,4211
33,4320
39,4370
26,4608
40,4789
32,4826
30,4834
49,5052
31,5128
8,5250
6,5597
15,5769
3,5795
11,5979
41,5985
28,6022
27,6042
50,6058
37,6181
36,6217
13,7019
48,7029
38,7220
16,7442
9,7712
46,8250
45,8443
47,9389
7,9474
25,9672
29,10702
23,10898
43,11163
17,11932
22,12123
34,12934
14,13156
10,13350
19,14576
18,14710
12,15802
21,17027
4,18251

simblock.block.ProofOfWorkBlock@1b4db716:56
14,0
7,803
8,1561
16,1598
12,2337
13,2360
23,3107
18,3122
4,3133
25,3865
17,3887
41,3902
46,3920
15,4624
21,4654
34,4677
30,4699
35,4795
10,5382
37,5414
11,5549
28,5570
9,5667
19,6140
22,6173
29,6189
20,6441
24,6541
42,6555
50,6901
45,6932
1,7555
32,7774
47,7805
39,8608
49,8659
44,8676
38,9535
3,9550
36,10411
27,11283
48,12376
26,13365
5,14368
40,15358
2,16344
6,17348

simblock.block.ProofOfWorkBlock@105e5baf:56
34,0
23,795
4,1554
41,1587
21,2313
18,2369
13,2379
16,3094
7,3107
43,3137
20,3257
50,3857
14,3895
29,3937
3,3979
36,4135
19,4617
22,4657
38,4824
49,4876
25,5375
30,5416
15,5462
44,5748
12,6133
8,6177
48,6196
2,6450
27,6621
17,6894
45,6936
32,7499
37,7654
11,7811
46,8419
39,8543
47,8684
33,9299
5,9677
35,10173
42,10663
24,11054
40,11664
31,11931
9,12809
26,13801
6,14809
1,15813

simblock.block.ProofOfWorkBlock@1d855f:57
17,0
10,799
12,1559
16,1593
22,2337
29,2352
23,2357
43,2393
34,3096
15,3113
13,3121
46,3159
45,3177
30,3854
14,3876
37,3879
19,3937
33,4033
24,4235
8,4622
41,4644
49,4751
40,5019
31,5106
7,5390
25,5402
6,5752
21,6152
38,6274
39,6798
4,6911
35,7145
50,7680
9,8024
18,8446
48,9115
27,9320
42,10099
3,10193
47,11065
5,11085
20,11941
36,12835
28,13709
32,16346
2,17333
26,18331

simblock.block.ProofOfWorkBlock@3e573440:57
47,0
11,918
36,1755
33,1831
44,2677
43,2690
14,2955
28,3515
31,3598
30,3620
16,3885
3,4354
24,4428
35,4437
4,4549
38,5269
20,5277
18,5286
17,5482
21,6206
41,6227
39,6267
19,6412
29,7136
46,7158
42,7271
37,7346
15,8105
22,8279
5,9118
23,9208
40,10134
7,10142
10,11072
12,12016
13,12952
45,13895
50,14828
1,15790
6,16749
48,17797
26,18800

simblock.block.ProofOfWorkBlock@4f29208d:58
31,0
38,916
44,1754
9,1832
28,2670
19,2684
18,3033
37,3487
15,3609
41,3616
23,3842
8,3973
11,4222
12,4285
24,4352
33,4359
16,4403
13,4540
21,4550
46,4602
25,4910
35,5061
27,5169
32,5232
40,5323
14,5471
36,5473
4,5482
1,5868
20,5901
3,6050
47,6103
22,6400
34,6418
6,6476
29,6833
49,6975
5,7048
10,7333
30,7764
43,8276
17,8700
48,9326
45,9630
39,10327
7,10564
26,11331
50,11497
42,12343
2,13353

simblock.block.ProofOfWorkBlock@457f64e2:58
7,0
21,797
17,1557
18,2319
14,3078
37,3842
13,4601
22,5359
45,6118
25,6882
16,7641
47,8515
3,9404
32,10283
44,11156
2,12153
26,13137

simblock.block.ProofOfWorkBlock@1aa16132:59
31,0
44,914
38,1751
20,1830
9,2672
35,2676
34,2680
32,2750
16,3472
28,3509
11,3520
3,3590
33,3603
41,3618
24,3698
18,3862
23,4232
49,4429
43,4443
7,4449
36,4452
27,4524
19,4549
1,4571
6,4661
8,4799
12,4991
47,5290
46,5365
13,5374
10,5379
4,5480
25,5752
40,6296
15,6306
30,6312
5,6370
21,6410
37,6513
14,7236
29,7242
22,8170
45,8174
50,9105
48,9215
17,10041
2,10235
26,11050
39,11239
42,12242

simblock.block.ProofOfWorkBlock@39fe60b6:59
17,0
7,794
22,1554
10,2324
25,2350
8,3083
16,3114
12,3847
23,3876
18,4607
15,4639
34,5365
9,5511
50,6125
49,6395
21,6886
38,7267
30,7645
5,8253
4,8407
42,9239
28,9290
11,10171
6,10238
47,11061
32,11938
27,12813
20,13685
3,14579
36,15455
44,16328
2,17314
26,18299
1,19302

simblock.block.ProofOfWorkBlock@290df0bf:59
14,0
15,793
23,1554
16,1587
7,2314
30,2348
50,3073
22,3107
8,3833
18,3866
41,3956
10,4593
34,4633
46,4715
25,5352
43,5392
24,5620
19,6114
21,6150
11,6492
12,6875
17,6913
49,7747
44,7785
36,8621
28,8664
38,9494
47,9536
27,10367
3,10414
32,11257
48,12345
26,13331
40,14319
2,15305
5,16291
6,17295

simblock.block.ProofOfWorkBlock@177dcd77:60
28,0
38,921
24,1758
9,1836
11,2596
31,2674
32,2679
25,3028
20,3434
33,3518
44,3520
13,3609
7,3878
21,3883
4,3970
35,4166
3,4366
17,4366
36,4387
27,4445
22,4541
37,4670
29,4813
8,4899
49,5206
47,5226
50,5295
16,5436
10,5471
6,5776
41,6144
46,6157
39,6290
43,6403
19,7084
23,7089
42,7307
14,7340
30,8013
12,8019
15,8279
26,8324
34,8949
5,9026
48,9324
18,9891
40,10036
2,10330
45,10827
1,11790

simblock.block.ProofOfWorkBlock@1419a868:60
30,0
23,792
4,1556
22,1586
41,2315
14,2345
7,2391
17,3076
18,3105
37,3113
49,3268
15,3835
34,3863
13,3871
27,4155
45,4599
43,4622
1,4625
10,4633
38,5029
21,5360
29,5392
16,5395
31,5508
20,5906
25,6163
3,6232
19,6336
39,6544
9,6780
12,6924
50,7096
36,7106
8,7683
2,7772
47,7981
48,8190
46,8442
32,8857
11,9316
24,9729
35,10200
44,10603
33,11072
26,11588
42,12059
5,12574
40,13044
6,14049

simblock.block.ProofOfWorkBlock@3ba7bae2:60
43,0
29,790
16,1548
19,1586
37,2307
22,2339
13,2345
14,2381
8,3067
15,3101
10,3107
18,3146
23,3825
34,3860
46,3894
3,3982
31,4025
45,4583
7,4620
30,4654
44,4856
24,4896
25,5351
41,5412
36,5501
32,5729
33,5770
50,6113
11,6296
48,6591
35,6648
2,6715
27,6997
49,7525
26,7582
6,7715
38,7874
5,7981
20,8402
47,8749
17,9207
42,9389
40,9734
1,10747

simblock.block.ProofOfWorkBlock@4000c8b3:60
13,0
4,792
7,1550
34,1587
8,2315
37,2346
23,2381
41,3074
30,3116
50,3140
12,3833
21,3874
46,3900
29,4592
17,4632
14,4637
19,4661
25,5353
22,5400
11,5509
33,5536
16,6116
35,6283
27,6381
24,6410
45,6878
9,7159
49,7256
26,7397
20,7753
31,8032
1,8402
32,8627
5,9040
36,9500
42,10025
47,10381
40,11010
38,11254
48,12355
2,13352
6,14356
39,15403

simblock.block.ProofOfWorkBlock@2a4e39f9:61
21,0
18,793
8,1553
19,1587
30,2312
10,2344
37,2383
35,2463
25,3082
45,3105
16,3217
20,3258
11,3337
7,3841
13,3865
38,4093
47,4136
28,4192
9,4209
4,4602
14,4623
15,4757
2,5079
24,5086
46,5378
43,5388
5,5754
36,5957
50,6138
17,6897
48,7049
40,7151
6,8055
27,11596
32,14218
49,15089
42,18808

simblock.block.ProofOfWorkBlock@487180b9:62
19,0
14,1746
29,2508
23,2537
8,3276
7,3296
16,3307
30,3329
34,4034
45,4066
12,4079
46,4090
4,4129
17,4760
37,4797
43,4829
25,4839
41,4848
1,5554
18,5557
13,5587
10,5598
22,5608
9,5634
28,5908
50,6317
15,6356
21,6375
3,6460
39,6677
47,7189
36,7230
11,7252
33,8066
38,8102
44,8942
27,8974
35,9819
26,9961
24,10694
5,10953
32,11565
40,11946
31,12438
2,12932
6,13936
49,14201
48,15287
42,16274

simblock.block.ProofOfWorkBlock@19102b23:62
38,0
28,940
31,1779
9,2629
44,2700
43,3570
11,3619
4,3633
35,4460
22,4505
41,4565
20,5300
15,5434
21,5501
32,6220
50,6229
14,6367
34,6430
3,7058
17,7163
13,7310
19,7361
49,7905
29,8100
10,8241
46,8836
24,8844
30,9032
48,9291
27,9685
5,9841
7,9961
39,10288
33,10532
45,10890
26,11299
18,11468
2,12303
8,12400
47,12533
42,13307
12,13345
36,15406
16,18314
1,21290
40,24293

simblock.block.ProofOfWorkBlock@43902ccf:63
16,0
15,792
29,1559
14,1591
7,2321
30,2352
45,2358
13,3084
37,3116
8,3116
25,3146
4,3188
33,3491
22,3846
19,3874
17,3874
46,3905
50,4177
35,4251
31,4337
9,4362
10,4604
18,4638
41,4664
39,4739
44,4767
12,4943
28,5015
20,5242
43,5364
21,5399
49,5550
40,5753
5,5929
23,6123
42,6234
47,6270
11,6423
2,6743
34,6882
1,7238
27,7296
6,7760
36,7766
24,8168
3,8638
38,9044
48,9738
32,9920
26,10723

simblock.block.ProofOfWorkBlock@487501b8:63
28,0
20,914
11,1753
24,2597
47,2674
38,3434
33,3515
34,3786
7,3864
35,4031
36,4357
50,4364
25,4579
30,4716
43,4795
49,4874
10,5288
17,5298
21,5337
1,5674
37,5728
44,5738
16,6098
23,6218
39,6292
32,6577
6,6689
15,7147
42,7295
3,7416
31,7497
29,7774
18,8077
26,8301
9,8335
13,8357
12,9006
14,9276
41,9296
40,10012
45,10229
46,11173
22,12133
19,13065
4,13995
2,14999
5,16003
48,17048

simblock.block.ProofOfWorkBlock@2e589efe:64
47,0
11,928
36,1767
44,1844
19,2696
28,2701
20,2759
16,2967
8,3488
33,3541
35,3610
17,3625
14,3902
34,4246
25,4289
3,4382
31,4451
12,4560
38,5047
49,5122
2,5125
9,5160
41,5313
21,5380
43,5493
32,5997
27,6035
46,6243
29,6310
30,6430
24,6874
39,7077
15,7190
13,7360
42,7859
18,8124
4,8289
40,9130
10,9225
5,10141
7,10156
37,11095
45,12026
50,12957
22,13891
23,14824
1,15782
6,16741
48,17797
26,18802

simblock.block.ProofOfWorkBlock@202ab08b:64
28,0
20,920
24,1766
38,2605
33,2689
11,3444
9,3521
27,3612
34,3621
31,4359
17,4384
25,4412
21,4542
15,4552
8,4724
40,5038
16,5173
10,5314
50,5316
7,5337
23,5472
18,5492
12,5932
14,6244
32,6269
39,6313
30,6423
6,6430
47,6477
37,6692
29,6750
49,7109
43,7174
26,7318
1,7386
3,7956
42,8325
36,8425
44,8797
35,9635
19,10565
22,12431

simblock.block.ProofOfWorkBlock@72dfcc72:64
10,0
50,793
29,1553
43,1588
16,2321
45,2345
19,2347
23,2386
41,3084
18,3106
13,3114
30,3139
37,3147
12,3185
17,3843
21,3875
7,3899
4,3932
22,3944
32,3992
27,4037
8,4601
34,4640
33,4772
39,4773
40,4977
31,5082
15,5391
46,5416
24,5650
25,6154
49,6305
20,6522
14,6912
28,7177
36,7394
47,7784
6,8177
9,8656
38,9533
11,10410
3,11283
35,12154
44,13032
48,14122
26,15107
5,16092
42,17087
2,18071
1,19071

simblock.block.ProofOfWorkBlock@5e78e7ff:65
15,0
16,791
25,1552
13,1583
30,2313
34,2342
45,2345
4,2395
10,3077
43,3101
12,3103
17,3121
50,3139
47,3266
46,3835
21,3867
23,3879
40,3888
37,3898
18,3923
44,3998
20,4137
14,4596
8,4625
29,4638
19,4665
28,4799
5,4984
6,5141
22,5363
7,5398
9,5499
33,5540
41,6123
3,6279
35,6378
31,6430
24,6996
36,7157
42,7383
32,7881
48,8245
2,8370
38,8752
26,9241
1,9369
49,9634
39,10411

simblock.block.ProofOfWorkBlock@6b3266b9:66
13,0
7,1849
25,2608
37,2644
16,3372
21,3403
19,3434
41,4149
18,4162
30,4194
27,4313
24,4576
8,4911
17,4921
50,4953
11,5287
5,5314
28,5494
12,5673
22,5683
40,5737
33,5825
29,6434
14,6446
31,6704
43,7113
45,7192
44,7321
49,7578
10,7872
3,8201
34,8631
32,8827
26,9210
36,9705
20,10576
35,12661

simblock.block.ProofOfWorkBlock@53f6fa17:66
29,0
45,793
43,1558
46,1589
19,2317
30,2347
50,2356
15,2386
8,3075
23,3108
4,3147
14,3157
34,3168
37,3246
16,3834
25,3871
12,3878
17,3906
18,3928
28,4037
38,4118
31,4282
13,4611
7,4631
21,4686
5,4909
48,4967
27,5000
10,5370
41,5447
20,5508
26,5896
39,6011
32,6245
35,6320
24,6387
22,6916
3,7124
33,7258
44,7996
9,8136
40,8981
47,9024
11,9910
2,9966
36,10782
6,10967
49,11654
42,12647
1,13647

simblock.block.ProofOfWorkBlock@3e30aed0:67
37,0
4,1187
7,1953
21,1980
19,2711
22,2755
23,3451
41,3471
17,3515
29,3515
15,3554
50,4211
34,4238
10,4268
13,4273
24,4407
38,4429
11,4591
28,4664
8,4970
30,5032
12,5042
25,5084
48,5500
1,5673
46,5736
43,5802
16,5843
31,5906
14,6605
33,6608
3,6679
9,6785
18,7373
49,7480
27,7552
20,7658
45,8139
35,8425
42,8650
32,9013
47,9308
40,9635
44,9886
36,10180
2,10870
5,11166
26,12154
6,13155
39,14200

simblock.block.ProofOfWorkBlock@7e59d21e:67
5,0
2,1267
40,2339
1,2458
26,3423
42,3531
27,3939
47,4461
6,4613
20,4616
38,4723
15,5130
43,5163
19,5247
50,5670
44,5798
3,5801
7,5956
9,6140
8,6389
31,6713
36,6988
13,7180
11,8178
39,9362
18,9600
34,11377
22,14193

simblock.block.ProofOfWorkBlock@3f0b2b5b:68
27,0
33,1201
49,2042
32,2118
24,2955
3,2970
46,2972
29,3313
25,3777
11,3793
20,3808
28,3891
17,3905
16,4162
41,4248
44,4451
35,4635
4,4700
47,4707
50,4743
38,4819
21,4836
9,4921
10,5098
13,5181
48,5246
31,5408
36,5545
19,5568
18,5672
14,5767
2,6101
30,6112
23,6500
39,6668
15,6698
7,7046
45,7433
43,7628
26,7676
42,8050
34,8369
37,8558
6,9328
12,9487
5,10331
22,10425
8,11361
1,12319
40,13327

simblock.block.ProofOfWorkBlock@5d12116e:68
13,0
8,3570
12,4329
21,4364
7,5092
46,5123
37,5130
45,5852
17,5887
34,5889
3,6297
29,6629
14,6645
50,6689
11,6772
26,7281
25,7392
43,7406
33,7561
5,7764
16,8151
10,8190
24,8436
42,8761
41,8924
23,8948
31,9309
4,9688
19,9706
1,9768
32,10561
35,10579
47,11432
9,11450
18,12060
36,12312
27,12326
38,13183
49,13199
20,14061
40,14187
48,15151
2,16137
22,16913
6,17141
30,18145
39,18189

simblock.block.ProofOfWorkBlock@14b292b8:69
26,0
6,1176
5,2249
33,3169
2,3321
27,4088
1,4499
28,4507
32,4848
24,4934
42,5574
43,5662
39,5693
19,5876
15,6598
13,6626
25,6808
47,6878
31,7016
8,7532
9,7562
38,8064
18,8402
44,9258
50,10189
36,10447
49,11646
46,11962
7,12870
40,13037
45,13738
34,14097
20,14222
21,15322
3,15419
4,15513
22,16548
11,16605
29,17299
23,17773
35,17790
14,19001
12,19080
16,20239
10,21467
30,22691
37,23915
41,25147
17,26373
48,27687

simblock.block.ProofOfWorkBlock@41bbb0d5:70
26,0
6,23965
5,25037
33,25965
2,26112
40,26330
47,27301
20,27515
32,27642
27,27926
49,28486
3,28708
8,29153
18,29415
44,29678
11,29898
43,30406
38,30863
35,31082
29,31186
28,32048
13,32967
39,33237
36,34429
4,34745
17,35656
46,36525
22,36888
23,38116
12,38300
14,39340
50,40076
21,40564
16,41792
45,41849
41,43017
10,44247
7,45474
37,46707
34,47936
30,49163
48,50482

simblock.block.ProofOfWorkBlock@63fffb00:69
17,0
10,794
12,1555
14,1586
34,2319
37,2349
41,2349
19,2384
18,3079
13,3108
15,3109
46,3144
43,3145
40,3381
7,3838
29,3868
23,3870
24,4018
22,4603
25,4627
49,4754
31,4896
30,5365
16,5386
6,5754
21,6128
35,6258
39,6798
4,6888
45,6969
38,7129
8,7650
9,8010
50,8412
48,9109
11,9284
5,10095
47,10172
44,11048
42,11086
27,11922
28,12794
20,13668
32,14541
36,15427
3,16300
26,17287
2,18276
1,19279

simblock.block.ProofOfWorkBlock@62dea77b:70
36,0
11,919
47,1759
33,1836
44,2673
4,2690
24,2751
43,2953
3,3517
31,3588
27,3590
14,3620
8,3744
9,3826
7,3884
28,4356
49,4428
20,4432
25,4508
13,4549
19,4814
42,4833
2,4933
32,5266
15,5286
29,5368
38,5381
39,5389
41,5478
1,5775
35,6117
50,6218
22,6407
21,7049
23,7159
12,7339
34,7983
10,8090
37,8268
46,9022
16,9202
5,10037
30,10137
40,11061
18,11067
17,12002
45,12932
6,13888
48,14938
26,15943

simblock.block.ProofOfWorkBlock@7e2416d9:70
22,0
21,793
7,1552
41,1584
15,2311
8,2343
13,2401
23,3075
46,3140
37,3161
16,3833
45,3869
18,3902
10,3921
19,3969
25,4593
43,4633
29,4637
50,4662
24,4793
4,5373
14,5392
1,5392
34,5420
11,5666
48,5729
17,6132
30,6182
35,6266
12,6942
49,7017
40,7254
28,7268
3,7814
9,7890
32,8706
38,8763
31,9578
47,9635
33,10450
27,10507
44,11322
20,11379
36,12261
39,12367
42,13254
26,14254
5,15240
2,16236
6,17240

simblock.block.ProofOfWorkBlock@3f8e4419:71
37,0
43,801
4,1560
45,1600
19,2318
29,2359
21,2360
46,2396
41,3089
18,3109
25,3118
30,3118
10,3159
15,3198
44,3276
34,3851
14,3871
22,3876
23,3885
11,4149
2,4153
12,4609
17,4637
16,4644
32,4746
33,5020
28,5081
7,5375
13,5402
50,5406
48,5835
49,5898
8,6174
3,6255
9,6292
24,6769
38,7047
47,7129
31,7165
35,8000
40,8033
20,8040
36,8877
42,9024
1,9048
27,9751
5,10742
26,11726
6,12730
39,13771

simblock.block.ProofOfWorkBlock@7c5ceea3:72
7,0
13,793
16,1552
4,1615
17,2311
43,2356
41,2394
22,3070
34,3120
50,3131
29,3154
46,3196
45,3832
15,3878
30,3916
8,3917
19,3918
11,4003
24,4071
49,4201
18,4594
23,4638
12,4678
9,4790
33,4791
28,4894
21,5356
10,5400
36,5552
35,5665
27,5774
37,6115
20,6430
31,6539
1,6779
25,6952
38,7302
5,7526
14,7710
48,8390
40,8512
32,8596
6,9393
47,9471
42,9504
3,10343
39,10446
44,11217
26,12206
2,13195

simblock.block.ProofOfWorkBlock@5dbc9ceb:73
11,0
44,913
28,1751
35,1829
33,2592
31,2676
38,2678
49,2774
3,3430
32,3508
20,3517
24,3520
9,3603
4,3704
47,4268
27,4347
30,4452
39,4524
43,4550
37,4635
16,4637
36,5112
6,5307
29,5382
13,5486
42,5544
34,5564
18,6042
7,6313
14,6415
25,6494
50,6972
21,7242
22,7344
8,7426
17,7904
19,8173
1,8385
48,8396
45,8836
26,9177
2,9405
10,9780
46,10716
41,11649
15,12578
23,13508
12,14438
5,15444
40,16456

simblock.block.ProofOfWorkBlock@7265a30d:73
34,0
46,815
41,1612
21,1662
8,2375
30,2411
4,2420
22,2470
45,3147
14,3170
10,3170
37,3179
7,3228
47,3553
38,3611
15,3910
29,3932
50,3937
13,3939
49,4103
5,4538
18,4668
43,4691
17,4696
32,4813
28,5073
42,5091
16,5458
11,5550
44,5687
48,5781
39,6137
23,6217
20,6425
3,6559
25,6975
27,7304
36,7436
19,7737
2,8288
40,9282
31,9382
35,10260
26,13886

simblock.block.ProofOfWorkBlock@588cbec6:74
21,0
22,2469
8,3230
15,3267
12,3992
14,4024
16,4027
24,4418
25,4750
45,4782
37,4790
9,4905
11,5297
28,5338
7,5508
29,5546
47,5785
1,5798
46,6266
13,6314
20,6659
50,7030
43,7078
38,7536
17,7790
10,7836
36,8412
34,8569
19,8602
18,9328
2,9397
35,9478
30,10087
5,10382
48,10566
23,10846
6,11383
40,11551
4,11612
41,12395
33,13268
27,14149
44,15020
3,15892
49,16772
32,17648
26,19508
42,20498
39,21539

simblock.block.ProofOfWorkBlock@45a0f205:74
17,0
10,792
8,1550
15,1591
30,2316
41,2351
7,3080
29,3110
23,3118
46,3151
21,3843
25,3870
45,3883
13,3918
43,3928
22,4603
16,4628
37,4680
24,4778
33,4802
34,5362
14,5403
31,5560
49,5720
40,5792
18,6124
38,6275
19,6650
6,6792
4,6892
39,7112
35,7153
50,7818
9,8025
12,8579
48,9113
20,9451
5,10110
11,10324
42,11097
36,11198
32,12087
44,12968
28,13847
27,14718
47,15589
3,16470
2,17456
26,18443
1,19446

simblock.block.ProofOfWorkBlock@6a978ecd:75
21,0
30,18005
12,18765
50,19539
22,20298
8,21060
4,21818
7,22625
46,23383
25,24146
18,24907
23,25667
34,26426
17,27185
41,27949
44,28822
31,29698
33,30585
49,31460
32,32338
3,33212
27,34083
42,35068
26,36057
39,37100

simblock.block.ProofOfWorkBlock@610a19e6:75
38,0
31,919
28,1760
44,1866
9,2614
11,2678
35,2782
41,2796
24,3521
10,3547
47,3596
37,3598
49,3700
29,3717
4,3729
18,3807
16,4342
20,4363
3,4435
32,4469
14,4477
30,4651
34,4662
27,4735
8,4743
6,4903
33,5273
50,5304
15,5418
7,5581
21,5599
25,5683
36,6118
17,6240
43,6348
45,6515
19,6547
1,6656
46,7049
13,7280
23,7983
22,8218
12,8917
39,9215
5,9927
48,10259
40,10934
2,11271
42,12279
26,13283

simblock.block.ProofOfWorkBlock@5a092d97:75
23,0
45,802
43,1563
7,1597
18,2324
13,2356
37,2358
17,2388
22,3083
29,3116
50,3127
4,3149
32,3276
41,3843
15,3881
24,3993
38,4000
48,4235
2,4267
16,4603
44,4868
27,4878
39,5287
14,5362
20,5743
46,6125
9,6616
10,6739
8,6883
49,7492
28,7612
19,7629
12,7645
3,8367
34,8410
21,9187
36,9238
30,9945
1,10239
33,10816
35,11690
11,12562
47,13437
25,14196
40,15183
42,16170
5,17162
26,18159
6,19161

simblock.block.ProofOfWorkBlock@41d009df:76
38,0
9,9307
31,10148
28,10990
14,11924
23,12720
10,12854
7,13485
13,13792
19,14250
29,14601
22,14729
50,15009
41,15360
17,15532
15,15660
12,15770
16,16118
21,16297
30,16325
8,16535
43,16595
4,16899
18,17084
25,17300
39,17591
45,17663
34,17843
32,18172
20,18540
48,18637
11,18716
36,19044
47,19413
44,19588
26,19640
49,19916
3,20459
42,20644
27,20792
1,21463
2,21656
40,21777
5,22762
6,23763

simblock.block.ProofOfWorkBlock@26554852:76
20,0
49,916
3,1760
24,1832
44,2597
11,2676
27,2677
34,3028
35,3435
31,3514
33,3531
37,3607
47,3630
43,3874
1,3988
9,4176
32,4274
38,4444
18,4461
36,4468
30,4537
28,5112
6,5177
8,5392
23,5406
7,5477
46,6042
15,6322
10,6413
40,6414
45,6977
21,7265
25,7342
41,7908
50,8197
16,8272
19,8843
12,9143
29,9207
4,9784
14,10077
13,10713
39,11079
22,11643
17,12573
48,13621

simblock.block.ProofOfWorkBlock@1d746abb:77
1,0
2,1714
26,2973
39,3361
5,4052
6,4145
9,5039
42,5128
40,5309
49,5330
8,5639
38,6314
50,6444
11,6495
44,6515
15,6524
24,6713
19,6869
20,7499
33,7680
28,7701
27,8387
3,8690
36,8885
4,8908
14,9915
47,10058
31,10070
21,10111
7,11143
30,11335
32,11730
46,12371
37,12559
35,13403
13,13603
41,13783
29,14827
16,15011
17,15185

simblock.block.ProofOfWorkBlock@22719dbc:77
14,0
12,6859
8,7620
13,7656
15,8385
45,8453
21,8455
50,9143
37,9216
29,9230
43,9251
23,9902
34,9975
16,9988
46,10013
19,10661
22,10695
17,10736
30,10774
20,10869
31,11127
7,11420
18,11459
41,11494
3,11651
10,12179
4,12256
35,12333
33,12531
25,12938
11,13130
9,13403
49,13809
47,14008
44,14275
27,14690
42,14993
24,15147
36,15586
1,15994
38,16461
39,17043
32,17343
48,18444
26,19430
5,20426
40,21429
2,22416
6,23418

simblock.block.ProofOfWorkBlock@77655f5e:78
3,0
24,918
11,1765
33,1830
20,2603
32,2668
44,2681
35,2755
49,3442
28,3509
36,3526
27,3592
31,3597
22,3795
14,3868
8,3948
47,4373
10,4373
38,4434
18,4477
6,4548
26,4601
4,4736
43,4799
39,4829
9,5082
29,5304
23,5312
15,5407
13,5666
25,6234
12,6245
34,6341
48,6710
7,7166
46,7174
19,7274
37,8100
40,8196
1,8236
30,9031
42,9241
17,9964
45,10893
50,11823
16,12768
21,13698
41,14635
2,15645
5,16648

simblock.block.ProofOfWorkBlock@5a8ea89b:78
15,0
22,793
30,1553
23,1589
25,2317
45,2349
17,2351
10,3075
21,3114
13,3122
50,3144
44,3222
16,3836
12,3845
7,3878
19,3971
28,4016
3,4094
1,4127
31,4260
41,4598
34,4605
4,4639
48,4677
39,5171
46,5357
43,5368
36,5528
14,6115
8,6129
47,6403
29,6660
18,6890
24,6992
20,7278
35,7763
49,7866
9,8150
37,8554
33,8643
32,8742
2,9144
38,9615
40,9633
26,10131
27,10488
5,11116
11,11370
42,12105
6,13120

simblock.block.ProofOfWorkBlock@5f26ae8d:79
10,0
15,797
41,1557
22,1588
16,2315
30,2347
37,2350
4,2382
8,3090
46,3108
13,3108
34,3109
7,3142
45,3143
19,3147
29,3849
43,3867
40,3872
18,3874
49,4005
6,4149
39,4189
33,4241
17,4607
12,4633
24,4890
50,5366
21,5396
27,5780
14,6125
28,6144
23,6163
32,6656
31,7038
35,7755
20,7910
44,8629
36,8791
9,9520
38,10400
11,11275
3,12149
47,13033
48,14125
5,17088
2,18077

simblock.block.ProofOfWorkBlock@449fc843:79
35,0
20,918
44,1767
28,1831
49,2607
3,2687
11,2689
38,2752
33,3445
32,3526
31,3527
47,3611
24,3621
9,3683
16,3886
18,4378
36,4457
50,4461
17,4464
14,4619
39,4625
6,4805
19,5308
21,5391
12,5392
13,5395
43,5551
4,6248
15,6323
29,6327
41,6348
34,7179
30,7279
22,7296
40,7331
46,8120
45,8229
7,8237
8,9055
26,9254
48,9275
23,9993
42,10280
10,10923
2,11285
37,11854
25,12783
1,13747
5,14760

simblock.block.ProofOfWorkBlock@5aef5a3:80
46,0
25,792
21,1552
10,1583
34,2314
43,2341
4,2356
8,3073
37,3107
13,3108
17,3116
36,3486
15,3831
19,3865
14,3867
30,3884
28,4261
7,4625
41,4669
24,4742
49,4767
12,5385
50,5446
31,5640
22,6162
18,6205
32,6518
23,6968
9,7034
44,7406
45,7730
3,7906
26,8412
33,8606
42,8893
20,9478
1,9899
11,10355
39,10942
27,11228
35,12105
2,13094
16,14067
40,14085
6,15090
38,15705
47,16586
5,18667

simblock.block.ProofOfWorkBlock@69965600:80
7,0
25,792
22,1554
21,2323
23,2354
45,3087
4,3114
34,3148
14,3848
29,3882
41,3926
15,3999
17,4608
10,4684
30,4693
24,4757
49,4883
18,5366
8,5454
19,5463
1,5757
36,5759
13,6125
43,6213
27,6634
37,6890
12,6972
38,7511
16,7649
39,7679
46,7730
20,8384
28,8436
47,8522
11,8602
9,9259
31,9277
32,9393
35,9482
48,9503
50,9717
42,10247
3,10267
33,10354
44,11140
5,11232
40,11338
26,12126
6,12242
2,13116

simblock.block.ProofOfWorkBlock@705b51e2:81
4,0
22,791
34,1565
19,2361
17,2361
13,3123
18,3153
14,3168
50,3173
12,3881
8,3912
41,3932
29,3933
46,3942
43,3988
30,4645
10,4672
45,4742
33,4814
32,4815
37,5412
28,5547
24,5685
39,5783
48,5902
21,6171
3,6421
1,6686
36,7049
11,7303
15,7460
31,7924
44,8178
25,8230
35,8809
7,8993
20,9696
23,9848
9,10568
16,10606
47,11445
27,11492
5,12430
26,15227

simblock.block.ProofOfWorkBlock@3bfdedce:82
39,0
1,1777
49,3346
2,3507
33,4266
42,4773
28,4908
3,5124
32,5191
11,5195
20,5964
29,6001
36,6109
23,6124
41,6325
38,6474
4,6497
24,6867
50,6897
44,6949
6,7089
7,7227
30,7256
31,7469
14,7829
40,7953
5,8044
16,8193
46,8452
47,8541
22,8761
26,9614
15,9694
9,10213
19,10624
8,11286
12,14630
10,15341

simblock.block.ProofOfWorkBlock@21e014f8:82
18,0
19,794
46,1564
8,1588
7,2331
29,2347
15,2358
10,2382
23,3089
37,3109
45,3120
22,3125
43,3141
30,3188
17,3849
5,3857
34,3869
25,3882
16,3884
12,3900
4,3904
38,4062
50,4610
14,4629
13,4659
27,4754
3,4757
28,5003
21,5370
44,5504
39,5706
2,5738
26,5742
41,6130
47,6385
40,6724
24,7014
31,7262
49,7887
20,8134
35,8761
33,9009
9,9633
42,10002
36,10511
11,11397
32,12269
48,13364
6,14366
1,15369

simblock.block.ProofOfWorkBlock@6929458b:83
11,0
33,972
44,1813
27,1893
28,2651
31,2739
32,2752
43,3085
3,3493
38,3568
20,3577
35,3608
25,3882
4,3935
13,3959
37,4015
47,4332
24,4447
30,4507
9,4514
39,4563
16,4650
2,4924
8,4951
36,5169
49,5284
7,5463
48,5558
42,5571
22,5898
18,6102
21,6219
29,6404
14,6828
45,7043
34,7163
26,7415
1,7785
15,7976
19,8094
50,8911
6,9052
17,9841
12,10775
46,11706

simblock.block.ProofOfWorkBlock@41735433:84
13,0
7,800
25,1558
14,1594
8,2317
43,2354
37,2354
19,2386
29,3077
22,3113
10,3114
50,3145
31,3529
16,3855
46,3872
18,3878
49,4026
11,4250
28,4282
24,4423
4,4615
23,4635
21,4638
27,4904
33,5301
45,5375
34,5400
17,5425
30,5625
40,5888
41,6135
15,6220
3,6308
5,6877
12,6896
9,7097
44,7184
38,7769
35,7972
26,8176
20,8647
42,8962
32,9522
1,9965
36,10413
47,11297
48,12385
2,13370
6,14372
39,15417

simblock.block.ProofOfWorkBlock@33883864:85
20,0
44,927
35,1765
11,1844
49,2614
31,2683
33,2687
47,2757
32,3453
24,3541
36,3596
29,3616
8,3634
38,3637
43,3957
6,3984
28,4292
27,4378
16,4429
15,4530
7,4549
9,4560
34,4564
3,5134
14,5320
12,5462
21,5483
25,5496
19,6065
39,6322
10,6423
18,6438
40,6490
4,7005
50,7359
23,7371
13,7941
30,8292
37,8303
17,8876
1,9278
26,9295
22,9822
46,10762
41,11708
45,12637
48,13683
5,14694
2,15698
42,16702

simblock.block.ProofOfWorkBlock@3902d1f:86
50,0
17,798
10,1561
4,1590
46,2324
22,2351
41,2352
37,2389
43,3086
15,3110
7,3113
23,3127
13,3153
24,3490
21,3844
16,3870
12,3872
45,3885
31,4026
39,4040
19,4603
25,4631
8,4636
33,4757
40,5010
14,5362
29,5390
30,5395
18,6124
38,6264
20,6269
34,6888
35,7135
36,7142
3,7760
9,8010
32,8020
28,8634
27,8893
48,9096
49,9513
2,9877
5,10086
44,10397
26,10865
42,11073
47,11269
11,12148
6,13156

simblock.block.ProofOfWorkBlock@32a395d2:87
41,0
13,807
21,1566
4,1602
18,2325
34,2360
45,2376
35,2737
30,3084
50,3118
19,3124
25,3140
43,3174
40,3744
37,3845
22,3881
29,3899
1,4150
15,4609
17,4647
16,4657
5,4747
8,5370
7,5416
49,5519
23,6131
38,6287
33,6393
46,6890
47,7165
27,7267
10,7649
48,8252
42,8257
14,8284
12,8407
28,9162
2,9236
36,9285
3,10157
6,10239
31,11030
39,11281
44,11902
24,12780
11,13672
32,14543
20,15416
9,16289
26,17279

simblock.block.ProofOfWorkBlock@216249f4:86
49,0
20,916
35,1753
24,2597
33,3439
27,4277
3,5125
19,6056
50,6986
15,7917
14,8847
8,9785
12,10716
18,11658
45,12587
22,13520
21,14461
39,15455
26,16470

simblock.block.ProofOfWorkBlock@213ca3d7:87
11,0
44,924
36,1769
20,1858
33,2613
31,2713
32,2784
4,2967
3,3454
35,3562
49,3623
38,3631
24,3702
13,3897
47,4291
30,4493
34,4569
2,4628
1,4663
37,4842
28,5132
29,5423
42,5640
16,5773
45,6062
19,6354
22,6703
17,6999
21,7297
14,7632
18,7936
7,8226
6,8592
23,8866
26,9230
48,9641
15,9801
41,10734
39,10835
12,11671
50,12604
10,13534
46,14474
40,15487
5,16491

simblock.block.ProofOfWorkBlock@3521a21a:88
16,0
34,798
23,1559
46,1595
10,2326
4,2358
8,2371
20,2726
43,3090
19,3117
41,3131
38,3473
49,3510
27,3597
28,3659
22,3862
12,3876
30,3892
44,4363
32,4512
39,4557
2,4582
29,4621
37,4640
45,4651
15,5381
50,5400
18,5414
7,6140
21,6158
14,6173
13,6900
17,6955
11,7044
25,7715
36,7771
47,7919
35,8588
3,8651
42,8904
24,9471
48,9739
40,9889
26,10733
5,10876
9,11218

simblock.block.ProofOfWorkBlock@44bb5da2:89
20,0
49,955
44,1796
33,1877
35,2634
24,2724
11,2730
34,3075
32,3472
31,3569
27,3570
47,3650
25,3837
23,4008
28,4313
10,4502
21,4502
36,4520
37,4767
43,4769
6,4967
3,5157
29,5433
12,5433
40,5523
1,5728
22,6090
15,6363
7,6365
17,7041
8,7294
30,7310
41,7973
16,8115
14,8228
46,8905
38,8960
9,8987
18,9165
4,9836
50,10096
13,10775
26,11107
19,11709
39,12107
45,12644
48,13695
2,14703
5,15712
42,16719

simblock.block.ProofOfWorkBlock@4ff4f5e9:88
40,0
5,1257
27,2444
2,2524
26,3596
11,3630
3,4788
8,4857
20,5976
14,6087
39,7163
43,7310
32,8349
23,8538
35,9537
46,9772
33,10726
4,11008
22,11953
29,12240
12,13191
48,13552
30,14419
10,15652
37,16877

simblock.block.ProofOfWorkBlock@196ce4b8:88
31,0
38,914
44,1765
19,2704
4,3636
21,4573
34,5507
41,6444

simblock.block.ProofOfWorkBlock@64652240:90
19,0
14,794
29,1558
10,1588
34,2322
12,2346
43,2352
41,2403
8,3082
25,3109
45,3111
21,3119
4,3164
17,3165
30,3203
37,3841
23,3867
13,3873
46,3882
22,3916
11,4037
39,4205
28,4310
18,4608
7,4625
16,4637
9,4909
50,5368
15,5386
3,5515
1,5915
33,6239
38,6258
32,7112
36,7136
24,7986
27,8009
44,8859
5,8998
47,9737
26,9989
49,10612
2,10989
31,11484
40,11978
20,12355
6,12979
35,13238
48,14325
42,15314

simblock.block.ProofOfWorkBlock@50a5b9b5:90
38,0
28,915
9,1756
11,1852
31,2597
24,2692
3,2776
41,2948
15,3526
20,3532
49,3623
36,3625
21,3802
4,3891
37,3972
35,4449
32,4462
14,4465
44,4466
17,4466
27,4691
19,4733
18,4833
16,4903
6,4942
33,5305
30,5394
50,5397
10,5413
34,5763
29,5846
47,6142
43,6347
45,6693
7,6801
46,7080
13,7278
8,7622
23,8014
22,8217
25,8559
12,8943
48,9262
1,9522
5,9954
39,10259
40,10969
26,11266
42,12269
2,13275

simblock.block.ProofOfWorkBlock@20c4564e:91
50,0
34,796
19,1575
25,1597
21,2333
37,2358
15,2392
8,2909
43,3103
4,3118
30,3126
45,3151
36,3498
38,3527
29,3667
17,3862
23,3885
41,3888
22,3909
40,4390
5,4489
20,4543
18,4629
12,4643
7,4673
27,4760
46,5395
16,5404
32,5416
13,5431
10,6156
31,6276
2,6422
48,6510
14,6921
9,7155
39,7464
42,7503
47,7798
35,8026
44,8669
24,8898
28,9542
33,9770
11,10416
26,10756
49,11287
1,11762
3,12158
6,13168

simblock.block.ProofOfWorkBlock@31a38aef:92
37,0
12,793
4,1551
8,1621
7,2311
30,2355
13,2414
46,2417
19,3072
18,3113
22,3118
15,3159
14,3174
45,3178
50,3216
38,3547
43,3835
16,3872
23,3934
10,3937
9,3992
24,4032
33,4099
28,4358
41,4594
29,4697
17,4705
32,4744
20,4872
34,5355
25,5471
44,5627
31,5748
21,6231
35,6235
2,6616
40,6735
11,7103
47,7109
49,7977
36,7981
3,8857
48,9067
27,9731
42,10058
5,10717
1,11059
26,11704
6,12704
39,13747

simblock.block.ProofOfWorkBlock@36b48350:92
42,0
2,1253
24,2440
20,3628
28,4821
32,6007
38,7193
4,8417
19,9648
10,10875
25,12099
45,13328
21,14555
22,15781
23,17004
12,18234

simblock.block.ProofOfWorkBlock@4e0cac2f:93
42,0
2,15173
20,16371
24,17565
32,18752
38,19937
28,21125
25,22351
10,23584
4,24809
22,26038
12,27263
19,28492
45,29730
21,30956
23,32183

simblock.block.ProofOfWorkBlock@3e0a65ea:93
41,0
37,794
13,1554
7,1597
8,2315
16,2346
34,2364
14,2392
21,3073
25,3106
4,3130
17,3154
50,3155
49,3484
46,3835
45,3865
43,3900
22,3913
33,4028
28,4289
40,4483
42,4548
12,4596
29,4625
19,4661
1,5039
23,5360
38,5497
47,5542
30,6121
35,6421
48,6597
10,6886
27,7293
2,7585
18,7651
5,8283
15,8418
6,9283
20,9299
44,10174
39,10325
11,11046
32,11921
31,12793
9,13674
24,15429
26,17297

simblock.block.ProofOfWorkBlock@45d1efc3:93
16,0
10,792
15,1550
8,1590
13,2312
30,2342
41,2350
7,3077
46,3102
14,3110
45,3136
34,3837
25,3881
4,3896
32,3974
29,4616
17,4640
21,4667
27,4848
20,4891
22,5375
50,5401
24,5727
33,5733
28,5811
37,6056
43,6134
35,6278
49,6614
19,6663
23,6904
12,6987
47,7154
18,7603
3,7778
40,7996
11,8032
6,8560
36,8650
44,8909
48,9736
38,9786
9,10661
26,10721
5,11650
39,12320
2,12634
42,13627
1,14627

simblock.block.ProofOfWorkBlock@59405dfd:94
41,0
23,12208
8,12970
18,13731
13,14492
37,15252
30,16018
46,16784
10,17549
21,18313
12,19072
15,19833
20,20708
36,21581
11,22453
31,23327
44,24198
9,25075
3,25948
32,26823
24,27698
26,28688

simblock.block.ProofOfWorkBlock@10819a20:94
18,0
23,793
41,1557
25,1617
21,2315
14,2379
13,2407
50,3074
4,3114
34,3137
15,3166
29,3221
38,3528
19,3833
22,3897
37,3913
10,3924
44,3986
20,4097
28,4210
17,4597
45,4655
3,4796
31,4875
7,5359
8,5414
27,5747
2,5783
46,6122
30,6188
39,6834
16,6947
36,6995
43,7706
32,7867
12,8465
9,8743
47,9337
35,9618
33,10212
49,10490
42,11199
11,11376
40,12184
24,12259
5,13178
48,13347
26,14164
6,14350
1,15363

simblock.block.ProofOfWorkBlock@5436f78b:94
26,0
6,1194
2,2267
32,3190
5,3344
47,4551
33,4862
39,5741
45,6634
49,6926
38,8116
18,8410
36,9300
29,10187
28,10485
44,11673
13,11958
41,12899
12,13735
30,14126
22,15351
46,15524
34,16579
50,17296
21,17803
7,19035
4,19073
23,20265
37,21494
14,22723
16,23947
10,25175
17,26401
48,27734

simblock.block.ProofOfWorkBlock@9e1f2a7:95
23,0
30,798
22,1573
4,1597
41,2333
15,2356
7,2366
37,2390
12,3094
17,3118
13,3149
19,3192
20,3252
14,3855
50,3918
29,3948
24,3996
31,4022
38,4125
39,4238
16,4616
48,4648
28,4812
36,4871
49,4999
18,5376
1,5656
44,5750
27,5872
21,6135
32,6627
9,6758
34,6893
3,7501
8,7664
2,7772
25,8423
46,9182
43,9951
45,10710
10,11192
35,11584
33,12456
11,13328
47,14215
5,15211
26,16195
42,17192
40,18176
6,19180

simblock.block.ProofOfWorkBlock@48458cde:95
25,0
12,801
15,1562
34,2390
46,3150
16,3185
43,3909
37,3944
18,3950
23,4668
29,4702
17,4705
41,4708
21,5428
50,5463
38,5579
11,5580
10,6199
19,6221
47,6451
27,6462
36,6508
22,6958
4,6983
20,7340
28,7365
30,7645
7,7720
48,7772
33,7854
44,8205
40,8329
8,8486
24,8742
49,8767
5,9210
14,9247
32,9606
31,9622
45,10006
26,10608
13,10766
6,11608
9,11643
3,12515
35,13389
42,14391
2,15402
1,16407
39,17452

simblock.block.ProofOfWorkBlock@6417b156:96
10,0
25,796
15,1562
43,1589
29,2320
46,2348
30,2356
37,2419
50,3078
23,3106
19,3112
4,3149
18,3177
32,3227
40,3406
14,3839
13,3871
36,4025
20,4057
49,4107
6,4115
28,4218
31,4246
17,4599
21,4629
33,4953
24,4980
16,5359
12,5393
27,5854
8,6118
22,6154
41,6902
7,6915
34,7678
44,7781
45,8437
9,8652
39,9480
47,9523
38,11269
48,14112
42,16088
2,17078
5,18064

simblock.block.ProofOfWorkBlock@4759700a:96
49,0
33,915
24,1757
11,1840
3,2598
28,2675
32,2680
44,2758
35,3438
47,3600
41,3604
46,3611
31,3677
16,3800
20,4276
13,4414
36,4448
30,4535
23,4543
4,4633
7,4732
43,4811
27,5119
9,5286
10,5379
34,5475
1,5495
25,5668
48,5859
45,6056
38,6204
17,6310
6,6458
42,6504
29,6603
21,6986
40,7318
5,7465
37,7532
15,7917
2,8537
19,8866
14,9810
22,10740
8,11677
12,12612
18,13544
50,14474
39,15482
26,16489

simblock.block.ProofOfWorkBlock@518c8488:97
20,0
3,913
35,1760
24,2489
44,2600
33,2684
11,3334
28,3441
31,3528
23,3617
27,3623
15,3700
36,4253
37,4265
49,4287
38,4363
43,4414
26,4534
18,4563
6,4580
47,5091
32,5126
14,5177
25,5198
9,5285
39,5370
34,5496
12,6026
4,6074
7,6127
8,6428
46,7003
40,7030
29,7056
1,7389
45,7935
10,7986
19,8869
21,8919
41,9805
16,9851
22,10738
50,10785
17,11667
30,11721
13,12599
48,13644
42,14650
2,15671
5,16682

simblock.block.ProofOfWorkBlock@19d6f815:98
18,0
19,799
7,1572
8,1595
41,2333
29,2357
16,2368
10,2398
50,3101
34,3116
25,3128
15,3133
43,3161
38,3538
46,3859
37,3882
30,3891
22,3900
4,3909
12,3924
28,4243
5,4526
23,4622
14,4650
45,4664
27,4796
17,5383
13,5426
47,5534
40,5784
21,6143
3,6308
33,6411
39,6836
11,7015
31,7290
2,7296
9,7887
20,8162
26,8294
44,9038
42,10027

simblock.block.ProofOfWorkBlock@65751b09:99
3,0
24,917
11,1766
33,1841
49,2605
32,2678
36,2703
27,2789
20,3443
28,3517
47,3541
35,3631
14,3795
13,3876
4,3901
43,3984
16,4378
44,4383
38,4440
34,4457
6,4588
22,4743
48,4944
9,5049
23,5313
41,5324
19,5396
8,5676
31,5922
46,6243
50,6253
15,6328
39,6673
12,7173
37,7183
18,7259
26,7678
45,8115
40,8188
1,8218
21,9047
42,9221
10,9980
17,10913
7,11849
29,12779
30,13709
25,14638
2,15651
5,16656

simblock.block.ProofOfWorkBlock@5abd26f:99
23,0
18,796
41,1558
14,2330
25,3091
34,3850
15,3889
7,4454
12,4608
13,4647
17,5215
37,5259
8,5368
10,5446
50,5974
4,6027
22,6127
44,6132
3,6319
19,6738
21,6886
28,6908
2,7304
32,7609
43,7662
20,7784
39,8346
45,8422
24,8494
27,8669
46,9185
36,9368
16,9946
49,10247
30,10709
9,11125
35,11585
48,12216
33,12457
1,13215
47,13330
11,14202
40,15188
5,16174

simblock.block.ProofOfWorkBlock@672981c1:99
5,0
2,1259
40,2331
1,2444
26,3402
42,3517
32,4586
38,4705
11,5776
25,5931
39,6965
13,7155
35,8152
46,8381
3,9338
7,9606
33,10525
29,10842
20,11711
17,12074
22,12937
37,14169

simblock.block.ProofOfWorkBlock@6c59a08:100
8,0
12,800
19,1560
34,1595
17,2339
4,2354
18,2366
16,2395
25,3097
37,3112
50,3126
30,3130
15,3189
26,3388
45,3855
22,3889
47,3993
32,4015
38,4331
43,4615
7,4653
36,4866
44,4889
46,5375
3,5530
11,5741
24,5764
29,6136
28,6405
31,6636
42,6726
13,6896
2,7393
20,7517
23,7663
5,7710

simblock.block.ProofOfWorkBlock@22f144e8:100
44,0
31,925
35,1770
38,1846
11,2612
49,2690
28,2763
34,2775
20,3451
33,3531
47,3536
9,3602
27,3603
4,3711
29,4382
36,4388
32,4390
24,4440
18,4464
43,4540
6,4803
16,5175
3,5226
50,5318
25,5399
14,5478

simblock.block.ProofOfWorkBlock@3525d7da:100
21,0
4,792
30,1555
12,2322
50,3082


simblock.block.ProofOfWorkBlock@5013c293:45
simblock.block.ProofOfWorkBlock@111d4b1c:40
simblock.block.ProofOfWorkBlock@297454f7:17
simblock.block.ProofOfWorkBlock@6ecbf948:45
simblock.block.ProofOfWorkBlock@45707f76:12
simblock.block.ProofOfWorkBlock@311a569d:32
simblock.block.ProofOfWorkBlock@443641bf:43
simblock.block.ProofOfWorkBlock@4b1ec694:9
simblock.block.ProofOfWorkBlock@572d2320:52
simblock.block.ProofOfWorkBlock@5627cb29:11
simblock.block.ProofOfWorkBlock@41d009df:76
simblock.block.ProofOfWorkBlock@50a5b9b5:90
simblock.block.ProofOfWorkBlock@45d1efc3:93
simblock.block.ProofOfWorkBlock@6bddd4ce:33
simblock.block.ProofOfWorkBlock@5a8ea89b:78
simblock.block.ProofOfWorkBlock@45037e16:10
simblock.block.ProofOfWorkBlock@69965600:80
simblock.block.ProofOfWorkBlock@216249f4:86
simblock.block.ProofOfWorkBlock@3e573440:57
simblock.block.ProofOfWorkBlock@767f6ee7:8
simblock.block.ProofOfWorkBlock@21e014f8:82
simblock.block.ProofOfWorkBlock@22f144e8:100
simblock.block.ProofOfWorkBlock@ffd66e1:39
simblock.block.ProofOfWorkBlock@4145bad8:2
simblock.block.ProofOfWorkBlock@457f64e2:58
simblock.block.ProofOfWorkBlock@4ff4f5e9:88
simblock.block.ProofOfWorkBlock@5a092d97:75
simblock.block.ProofOfWorkBlock@4a6d1ccd:48
simblock.block.ProofOfWorkBlock@4e0cac2f:93
simblock.block.ProofOfWorkBlock@62dea77b:70
simblock.block.ProofOfWorkBlock@45a0f205:74
simblock.block.ProofOfWorkBlock@51f714d1:27
simblock.block.ProofOfWorkBlock@2e589efe:64
simblock.block.ProofOfWorkBlock@35798cd0:32
simblock.block.ProofOfWorkBlock@72dfcc72:64
simblock.block.ProofOfWorkBlock@290df0bf:59
simblock.block.ProofOfWorkBlock@4000c8b3:60
simblock.block.ProofOfWorkBlock@19102b23:62
simblock.block.ProofOfWorkBlock@7548e1fb:12
simblock.block.ProofOfWorkBlock@38d7e9ec:56
simblock.block.ProofOfWorkBlock@5436f78b:94
simblock.block.ProofOfWorkBlock@59405dfd:94
simblock.block.ProofOfWorkBlock@27aa7294:19
simblock.block.ProofOfWorkBlock@2d6eabae:1
simblock.block.ProofOfWorkBlock@2b454886:30
simblock.block.ProofOfWorkBlock@5abd26f:99
simblock.block.ProofOfWorkBlock@3116c353:2
simblock.block.ProofOfWorkBlock@3ba7bae2:60
simblock.block.ProofOfWorkBlock@3f2ab6ec:19
simblock.block.ProofOfWorkBlock@9e1f2a7:95
simblock.block.ProofOfWorkBlock@18c60d81:16
simblock.block.ProofOfWorkBlock@2114955c:29
simblock.block.ProofOfWorkBlock@4eaada62:52
simblock.block.ProofOfWorkBlock@39fe60b6:59
simblock.block.ProofOfWorkBlock@66297b63:22
simblock.block.ProofOfWorkBlock@22719dbc:77
simblock.block.ProofOfWorkBlock@6c59a08:100
simblock.block.ProofOfWorkBlock@312e3de0:48
simblock.block.ProofOfWorkBlock@6fd6d887:30
simblock.block.ProofOfWorkBlock@4759700a:96
simblock.block.ProofOfWorkBlock@196ce4b8:88
simblock.block.ProofOfWorkBlock@5dbc9ceb:73
simblock.block.ProofOfWorkBlock@6da640fe:39
simblock.block.ProofOfWorkBlock@67e2f838:53
simblock.block.ProofOfWorkBlock@6a978ecd:75
simblock.block.ProofOfWorkBlock@24090655:51
simblock.block.ProofOfWorkBlock@449fc843:79
simblock.block.ProofOfWorkBlock@1e32a3ed:26
simblock.block.ProofOfWorkBlock@43902ccf:63
simblock.block.ProofOfWorkBlock@3e30aed0:67
simblock.block.ProofOfWorkBlock@efcc91d:48
simblock.block.ProofOfWorkBlock@53f6fa17:66
simblock.block.ProofOfWorkBlock@7dcb42a9:8
simblock.block.ProofOfWorkBlock@36b48350:92
simblock.block.ProofOfWorkBlock@5bc63e20:10
simblock.block.ProofOfWorkBlock@672981c1:99
simblock.block.ProofOfWorkBlock@5fa957c2:51
simblock.block.ProofOfWorkBlock@213ca3d7:87
simblock.block.ProofOfWorkBlock@41bbb0d5:70
simblock.block.ProofOfWorkBlock@1174a305:7
simblock.block.ProofOfWorkBlock@105e5baf:56
simblock.block.ProofOfWorkBlock@1419a868:60
simblock.block.ProofOfWorkBlock@99c3cee:13
simblock.block.ProofOfWorkBlock@59456e1:24
simblock.block.ProofOfWorkBlock@24328fca:33
simblock.block.ProofOfWorkBlock@390a13f2:45
simblock.block.ProofOfWorkBlock@2ae0eb98:21
simblock.block.ProofOfWorkBlock@5d12116e:68
simblock.block.ProofOfWorkBlock@3ab2d64c:26
simblock.block.ProofOfWorkBlock@1a482e36:2
simblock.block.ProofOfWorkBlock@63fffb00:69
simblock.block.ProofOfWorkBlock@3525d7da:100
72
3757

BUILD SUCCESSFUL in 8s
2 actionable tasks: 2 executed
