> Task :simulator:compileJava
> Task :simulator:processResources NO-SOURCE
> Task :simulator:classes

> Task :simulator:run
simblock.block.ProofOfWorkBlock@4769b07b:0
18,0
23,186
7,341
30,372
50,493
34,533
37,536
15,564
46,651
16,685
13,690
10,692
4,717
17,805
14,837
29,874
19,958
44,960
8,989
28,1025
31,1068
27,1081
38,1094
41,1111
45,1141
20,1191
3,1225
21,1266
12,1296
22,1448
49,1531
39,1579
43,1619
2,1619
25,1790
24,1803
47,2059
11,2070
33,2330
9,2337
32,2602
5,2715
36,2870
26,3098
35,3137
40,3478
42,3856
6,3921

simblock.block.ProofOfWorkBlock@167fdd33:1
37,0
43,190
7,346
16,379
19,499
50,533
14,570
10,573
34,653
29,694
17,723
15,726
46,729
4,808
45,849
13,876
30,912
12,963
25,1006
24,1026
18,1030
11,1065
9,1112
8,1159
21,1214
47,1232
48,1258
49,1296
23,1312
28,1343
22,1377
27,1498
31,1573
38,1578
44,1649
41,1653
33,1870
36,1925
32,1926
40,1957
20,2138
35,2204
2,2310
1,2355
3,2485
42,2518
5,2864
26,3242
6,3636
39,4078

simblock.block.ProofOfWorkBlock@1b11171f:2
10,0
50,192
16,346
21,414
14,498
7,533
46,569
12,601
41,650
23,689
18,729
37,738
30,756
25,811
22,842
34,881
45,892
4,911
8,963
13,996
43,1049
20,1105
15,1120
27,1177
24,1181
19,1201
36,1264
29,1279
40,1369
31,1449
17,1453
28,1470
32,1718
9,1724
49,1741
38,1994
33,1995
6,2136
47,2265
39,2434
3,2540
11,2813
35,3111
44,3379
48,3774
26,4152
42,4534
5,4920
2,5300
1,5697

simblock.block.ProofOfWorkBlock@40db2a24:3
42,0
2,481
1,868
20,872
35,1138
5,1145
38,1261
44,1324
33,1404
26,1418
49,1512
31,1531
39,1550
40,1620
32,1654
8,1681
41,1789
6,1803
15,1808
3,1815
50,1882
37,1959
27,2001
11,2008
28,2043
48,2142
36,2233
29,2244
24,2433
47,2448
30,2448
16,2658
14,2676
23,2858
9,2919
7,3105
45,3286
18,3468
46,3534
19,3713
17,3961
34,4016
12,4139
43,4559
21,5004

simblock.block.ProofOfWorkBlock@13c3c1e1:4
31,0
38,279
44,472
28,556
35,742
9,744
41,750
24,831
11,936
8,950
49,1004
13,1022
4,1036
3,1098
20,1127
23,1128
33,1191
16,1210
47,1211
27,1269
25,1282
46,1282
32,1286
22,1300
19,1315
7,1413
37,1446
1,1496
14,1579
34,1592
18,1601
29,1704
40,1706
12,1763
10,1860
5,1863
21,1899
6,1934
50,1982
36,2031
15,2137
17,2260
43,2418
30,2545
48,2772
45,2825
26,3127
42,3479
2,3834

simblock.block.ProofOfWorkBlock@704b2127:5
10,0
25,189
29,351
21,374
17,522
7,529
19,541
4,563
41,675
12,687
18,716
37,739
8,834
23,842
30,869
32,891
15,986
43,994
28,1065
24,1096
33,1145
22,1147
16,1156
40,1271
34,1299
50,1308
20,1331
31,1417
14,1461
46,1463
36,1596
13,1615
6,1666
27,1690
38,1729
45,1810
49,1960
47,1996
39,2248
35,2272
11,2544
9,2831
44,3098
3,3373
48,3776
42,4154
2,4537
26,4921
5,5299
1,5698

simblock.block.ProofOfWorkBlock@365553de:6
50,0
19,185
46,340
37,376
34,508
45,525
29,531
4,570
14,678
23,681
8,685
16,695
30,712
13,724
12,724
22,758
17,831
25,835
7,894
24,950
21,987
15,989
9,1047
43,1140
41,1147
36,1167
38,1203
32,1215
10,1299
27,1417
1,1444
18,1451
20,1493
5,1548
11,1717
33,1759
40,1805
26,1932
44,1985
35,2026
2,2187
3,2252
31,2293
39,2369
47,2522
48,2685
49,2792
42,3067
6,3455

simblock.block.ProofOfWorkBlock@3eabe84a:7
14,0
7,193
12,346
13,377
23,499
17,529
34,532
29,567
25,656
41,685
43,685
21,695
8,817
46,838
4,846
22,847
20,901
45,1001
30,1001
31,1062
15,1089
11,1121
37,1157
28,1168
10,1243
33,1270
16,1310
24,1327
19,1405
18,1483
42,1499
35,1537
50,1561
9,1592
47,1756
49,1831
1,1896
3,2028
38,2097
44,2295
39,2333
32,2368
27,2634
36,2919
48,3310
2,3690
5,4068
26,4457
40,4837
6,5235

simblock.block.ProofOfWorkBlock@5477a1ca:7
21,0
50,189
18,342
17,495
8,697
7,849
36,876
29,889
4,1003
20,1034
45,1052
35,1145
12,1156
13,1206
34,1313
24,1411
2,1416
37,1420
41,1468
40,1586
25,1621
9,1678
16,1708
22,1774
5,1916
10,1917
23,1945
48,2068
19,2073
46,2098
38,2222
14,2228
30,2254
43,2384
1,2461
32,2519
47,2651
31,2785
28,2916
49,3052
11,3182
27,3320
6,3587
33,3590
3,3857
44,4123
26,4501
42,4886
39,5328

simblock.block.ProofOfWorkBlock@341b13a8:8
21,0
18,191
41,344
19,380
30,511
15,534
14,579
22,663
13,686
45,709
36,721
29,733
16,784
23,817
37,842
43,901
34,973
24,986
10,997
47,1006
38,1077
50,1125
35,1263
20,1269
4,1292
5,1387
12,1444
40,1447
11,1530
25,1597
28,1665
17,1750
9,1818
2,1834
46,1903
8,2055
48,2209
44,2476
1,2603
6,3004
49,3009
27,3278
42,4490
26,4872
39,5308

simblock.block.ProofOfWorkBlock@73971965:8
24,0
3,265
28,451
11,536
33,638
38,716
20,727
32,825
36,826
35,902
9,1004
37,1005
49,1011
47,1012
27,1088
31,1191
39,1195
44,1207
13,1275
45,1289
7,1290
6,1394
8,1443
43,1471
46,1487
26,1547
4,1559
15,1568
29,1571
14,1750
23,1765
41,1850
21,1868
22,2033
12,2043
19,2129
10,2149
48,2381
40,2395
30,2407
25,2429
18,2689
50,2706
34,2975
17,2985
16,3266
1,3286
2,3622
42,3639
5,3984

simblock.block.ProofOfWorkBlock@6a1ef65c:8
31,0
44,269
38,467
35,532
20,717
4,748
11,910
34,1028
50,1192
19,1310
29,1470
41,1588
17,1747
21,1885
45,2031
30,2309
7,2590
10,2871
26,3224

simblock.block.ProofOfWorkBlock@55b5cd2b:9
22,0
4,186
7,346
34,372
21,499
37,524
14,553
19,562
16,655
30,677
18,709
43,713
46,715
10,741
29,754
25,811
13,840
45,862
50,870
23,964
12,992
15,1117
32,1133
33,1140
31,1259
17,1272
11,1291
28,1398
44,1407
24,1409
48,1411
35,1527
36,1539
3,1673
1,1802
9,1807
40,1908
20,2073
49,2351
38,2622
27,2899
47,3166
42,3544
26,3927
2,4320
39,4540
5,4707
6,5102

simblock.block.ProofOfWorkBlock@3d3a1903:10
7,0
37,203
45,361
43,395
13,515
23,551
19,552
50,586
25,667
46,705
4,732
10,778
17,821
15,869
34,886
30,902
38,930
14,973
41,1039
29,1055
31,1078
28,1114
16,1125
12,1191
8,1210
21,1283
40,1308
48,1400
18,1453
36,1463
11,1479
47,1718
27,1729
49,1744
44,1987
35,1994
20,2010
32,2254
24,2278
5,2374
3,2524
33,2560
22,2678
6,2772
9,2829
2,3066
39,3213
42,3217
26,3446
1,3612

simblock.block.ProofOfWorkBlock@2e0ad709:11
46,0
21,223
18,375
4,426
25,530
19,565
30,587
13,614
41,684
43,722
22,740
29,754
37,769
16,804
34,838
10,881
7,892
36,906
23,990
47,1037
14,1045
12,1049
38,1140
15,1145
9,1173
17,1204
45,1300
5,1419
28,1431
24,1444
8,1460
49,1469
50,1613
44,1736
48,1838
20,1884
32,2009
11,2161
1,2233
3,2283
27,2437
31,2552
35,2702
26,2934
33,2983
42,3312
39,3751
6,4141

simblock.block.ProofOfWorkBlock@14a1769d:12
37,0
34,190
43,349
16,395
19,505
29,539
50,550
22,583
41,657
25,704
45,712
18,719
10,738
12,810
30,847
23,859
8,866
14,884
13,922
7,965
17,1011
11,1082
15,1088
4,1121
38,1135
20,1151
46,1163
21,1329
28,1351
27,1388
2,1405
32,1424
48,1485
40,1530
24,1594
36,1656
49,1708
33,1865
35,1930
44,1977
9,2134
47,2200
42,2355
31,2402
3,2467
1,2795
5,2846
26,3228
6,3629
39,4071

simblock.block.ProofOfWorkBlock@47797401:13
18,0
21,187
7,340
25,372
19,496
34,526
16,550
15,561
17,653
22,678
29,687
45,705
43,726
23,819
12,847
13,860
10,878
50,973
8,1000
37,1014
20,1030
38,1093
46,1130
4,1152
14,1170
28,1181
41,1283
30,1310
47,1441
9,1548
5,1553
40,1556
31,1575
36,1816
2,1823
44,1840
35,2100
3,2111
24,2368
33,2382
32,2642
27,2652
49,2908
42,3031
26,3422
48,3572
1,3969
6,4362

simblock.block.ProofOfWorkBlock@2d459bda:14
36,0
47,284
11,471
44,736
17,758
7,823
28,937
8,948
31,1000
25,1025
37,1035
23,1100
34,1103
33,1122
38,1210
35,1211
21,1255
4,1316
3,1318
10,1383
20,1396
24,1397
9,1479
27,1524
14,1599
46,1600
19,1663
29,1677
39,1742
49,1747
32,1798
15,1885
41,1891
43,1947
42,2107
45,2172
2,2179
50,2227
40,2236
22,2458
1,2535
5,2602
12,2736
16,3019
13,3297
30,3576
18,3859
6,4167
48,4521
26,4881

simblock.block.ProofOfWorkBlock@1c421b0f:15
45,0
23,190
25,344
14,378
46,496
12,530
15,532
50,569
29,650
22,684
10,688
17,720
19,724
7,816
41,836
37,873
30,970
32,989
21,989
4,1028
28,1097
43,1127
18,1146
2,1217
38,1273
31,1276
8,1280
34,1310
13,1432
16,1467
27,1549
39,1658
33,1697
35,1734
48,1947
36,1978
40,2116
47,2260
5,2495
11,2534
3,2802
26,2878
9,3070
24,3338
20,3605
49,3871
44,4136
42,4514
1,4911
6,5304

simblock.block.ProofOfWorkBlock@79fcd194:16
13,0
41,222
25,374
18,417
8,542
43,563
37,569
50,606
29,696
34,717
46,727
19,759
12,849
22,869
10,885
17,913
7,1001
14,1035
30,1045
27,1079
28,1134
45,1156
49,1178
23,1208
33,1243
35,1304
4,1308
21,1362
5,1444
40,1459
16,1461
15,1516
42,1696
32,1732
11,1782
36,1999
24,2051
1,2092
38,2268
9,2320
47,2534
44,2591
20,2801
3,2860
31,3133
48,3196
26,3519
2,3590
6,3985
39,4421

simblock.block.ProofOfWorkBlock@333a2df2:16
14,0
23,186
7,338
16,373
25,490
46,526
37,526
29,561
8,650
34,680
17,681
15,803
43,834
13,839
50,956
30,1002
44,1112
19,1114
22,1163
10,1274
21,1316
24,1333
31,1384
3,1392
12,1426
45,1475
20,1572
28,1620
18,1634
27,1693
41,1787
4,1936
1,1951
36,1965
11,2055
32,2230
33,2326
49,2501
47,2596
38,2768
35,2872
48,3172
42,3250
40,3551
2,3931
26,4311
5,4694
6,5088

simblock.block.ProofOfWorkBlock@14fe085b:17
7,0
18,193
21,380
41,387
45,534
46,539
8,571
15,574
13,688
19,692
34,723
29,723
10,729
16,840
23,858
4,876
30,882
43,886
37,1004
50,1017
12,1029
38,1102
20,1148
14,1157
24,1285
33,1297
17,1310
28,1364
40,1423
25,1468
35,1553
27,1570
5,1600
22,1622
9,1825
31,1843
44,1891
11,2091
3,2159
42,2223
49,2366
47,2426
36,2631
39,2660
32,2694
48,3030
26,3079
1,3430
2,3458
6,3833

simblock.block.ProofOfWorkBlock@4542af89:18
13,0
45,202
25,355
46,389
16,510
30,541
34,543
50,575
8,667
22,696
43,701
21,729
17,729
19,755
29,826
14,854
23,854
18,886
37,908
4,982
15,1011
28,1109
49,1120
7,1135
27,1152
10,1164
31,1174
41,1291
24,1386
26,1387
5,1429
35,1430
12,1445
40,1535
3,1652
38,1712
9,1928
47,1978
11,2197
32,2244
33,2462
20,2516
44,2728
36,2785
42,3107
48,3186
1,3501
2,3578
6,3985
39,4430

simblock.block.ProofOfWorkBlock@727e61ed:19
23,0
46,185
45,346
50,372
16,501
15,524
13,536
10,557
34,655
7,693
19,713
4,727
20,793
41,819
29,845
37,853
17,866
18,972
27,1062
32,1063
36,1115
21,1125
28,1145
31,1193
30,1279
38,1328
48,1375
9,1385
2,1443
12,1471
39,1583
22,1629
3,1653
43,1782
49,1918
8,1934
14,2087
24,2191
25,2243
44,2456
47,2510
1,2854
5,3698
26,4078
40,4461

simblock.block.ProofOfWorkBlock@7621c3f7:20
28,0
20,264
11,465
32,529
24,653
44,714
33,734
38,842
49,903
36,923
31,979
27,1000
7,1067
35,1088
47,1109
9,1110
17,1120
34,1196
25,1259
3,1279
21,1346
18,1388
43,1391
50,1411
8,1451
16,1488
45,1559
29,1624
10,1668
39,1753
37,1775
46,1836
14,1903
23,1946
22,2114
42,2125
30,2197
15,2224
41,2394
26,2476
1,2502
12,2509
4,2671
6,2819
40,2861
13,2949
19,3231
48,3579
2,3930
5,4282

simblock.block.ProofOfWorkBlock@5ab70df7:21
33,0
49,263
27,449
3,527
11,640
20,715
24,827
47,905
17,995
15,1008
35,1016
30,1077
36,1091
32,1203
4,1253
37,1274
44,1280
22,1287
41,1357
28,1470
23,1480
13,1532
31,1545
43,1551
14,1569
38,1571
29,1643
34,1762
9,1788
18,1850
1,1856
48,1883
16,1926
19,2043
12,2163
7,2203
40,2209
42,2235
45,2321
8,2441
10,2480
21,2600
50,2725
25,2764
46,2879
39,3072
2,3138
6,3183
26,3426
5,3536

simblock.block.ProofOfWorkBlock@2d541e01:22
37,0
34,185
19,340
17,380
43,521
23,533
8,534
30,571
12,674
14,687
16,690
45,715
10,723
13,743
15,767
41,826
18,842
50,843
22,876
4,983
29,995
21,996
38,1057
7,1140
11,1149
46,1153
20,1269
25,1306
27,1407
28,1414
40,1436
49,1536
9,1583
3,1675
2,1797
44,1802
33,1855
36,1942
32,2069
31,2121
35,2212
24,2400
48,2459
47,2478
1,2795
42,2838
5,2862
26,3249
6,3652
39,4098

simblock.block.ProofOfWorkBlock@5295a774:23
8,0
43,188
10,342
50,389
12,495
15,540
37,546
18,582
21,653
4,689
16,712
22,732
34,734
7,734
23,808
44,876
30,891
19,962
47,982
28,1000
36,1030
29,1117
3,1144
24,1166
31,1180
20,1238
38,1252
46,1277
6,1394
11,1411
45,1433
32,1442
33,1451
25,1585
1,1655
13,1749
5,1790
41,1919
14,2074
42,2169
17,2227
9,2493
2,2549
35,2759
26,2928
49,3024
27,3290
48,3684
40,4067
39,4502

simblock.block.ProofOfWorkBlock@6ea4b4b2:24
31,0
44,269
38,456
11,537
20,723
28,726
4,736
3,807
35,911
9,919
37,923
32,989
33,993
24,1004
19,1019
49,1179
36,1180
29,1191
8,1207
22,1215
27,1272
34,1297
16,1348
47,1368
30,1471
13,1504
1,1537
21,1578
25,1626
12,1649
6,1651
45,1770
14,1785
41,1859
18,1929
50,2049
43,2067
46,2208
7,2327
15,2360
23,2492
17,2613
48,2710
5,2847
10,2894
2,3061
40,3205
26,3253
39,3413
42,3773

simblock.block.ProofOfWorkBlock@7c5eb88c:25
47,0
36,268
11,465
33,729
7,759
14,807
28,919
21,953
49,999
8,1013
17,1041
16,1084
25,1106
3,1115
32,1188
20,1189
29,1197
44,1303
43,1325
38,1335
41,1363
27,1388
31,1484
9,1548
46,1583
35,1591
30,1605
2,1635
18,1645
39,1672
24,1782
15,1865
37,1886
42,2027
34,2062
10,2164
40,2226
22,2442
5,2582
50,2728
13,3006
45,3291
23,3569
4,3853
12,4133
19,4414
6,4727
1,5036
48,5386
26,5746

simblock.block.ProofOfWorkBlock@1440a166:26
29,0
45,200
10,355
7,385
19,508
50,543
25,553
18,573
16,662
34,694
15,697
22,725
12,740
23,756
8,817
14,849
21,878
4,885
30,909
43,969
17,1004
37,1030
31,1059
46,1063
28,1093
13,1129
41,1156
27,1233
47,1340
3,1404
38,1430
39,1600
20,1608
32,1671
35,1695
49,1875
44,1937
48,2090
9,2150
40,2316
24,2415
26,2473
33,2680
2,2696
5,2852
36,2948
6,3098
11,3217
42,3606
1,4003

simblock.block.ProofOfWorkBlock@2fb5e706:26
2,0
1,400
42,675
5,954
39,1098
26,1231
28,1491
24,1550
20,1617
21,1922
9,1998
3,2004
23,2350
38,2407
47,2489
4,2783
13,2837
27,2932
19,3212
22,3265
35,3387
14,3695
32,3829
46,4122
43,4381
17,4548
34,4925
25,4983
29,5409
45,5473
10,5840
12,6020
7,6274
18,6566
48,7162

simblock.block.ProofOfWorkBlock@1088b120:27
6,0
26,498
36,942
2,964
11,1207
5,1242
32,1393
49,1646
24,1658
40,1741
15,1784
47,1842
27,1915
19,1946
28,2034
35,2127
8,2201
33,2290
43,2389
44,2426
31,2479
9,2742
38,2813
14,2844
39,3201
23,3389
10,3627
34,3935
16,4054
37,4479
30,4479
41,4906
46,5023
1,5278
17,5333
42,5551
29,5566
21,5760
3,5937
22,6114
7,6189
20,6324
12,6658
48,6702
25,6756
4,7202
45,8292
50,8835
18,9379

simblock.block.ProofOfWorkBlock@7625bfbd:28
49,0
33,261
3,447
32,521
20,633
11,711
35,819
44,907
10,984
36,986
34,1003
24,1014
13,1065
28,1093
47,1173
31,1190
27,1201
16,1265
23,1283
1,1370
4,1376
43,1456
15,1481
9,1513
40,1535
7,1545
46,1561
48,1725
42,1727
8,1764
38,1783
30,1822
6,1867
22,2045
37,2124
5,2219
12,2332
41,2410
14,2616
29,2692
50,2899
17,2981
21,3177
25,3266
18,3457
2,3631
19,3748
45,4031
39,4382
26,4739

simblock.block.ProofOfWorkBlock@20bd4fd2:29
38,0
28,263
9,461
11,529
31,650
24,716
44,800
20,901
13,932
49,987
36,1003
4,1011
35,1072
16,1123
32,1173
50,1180
21,1194
47,1196
10,1209
37,1212
27,1254
18,1290
29,1357
3,1387
30,1454
17,1469
19,1482
22,1490
34,1571
33,1572
6,1637
7,1644
15,1768
46,1849
8,1850
14,2047
23,2126
41,2128
43,2325
12,2404
25,2414
48,2681
45,2707
40,2756
1,3012
39,3031
5,3109
42,3385
26,3736
2,4096

simblock.block.ProofOfWorkBlock@27dc95b9:30
43,0
45,191
16,344
7,389
37,497
34,541
46,543
18,576
50,655
19,687
15,697
30,698
14,729
8,809
4,841
10,850
13,852
17,887
25,962
41,996
22,1005
21,1039
31,1117
44,1130
12,1150
28,1187
23,1253
32,1308
20,1400
48,1401
35,1417
29,1420
33,1671
38,1687
2,1687
26,1784
5,1796
9,1942
47,1952
3,2210
27,2218
39,2231
11,2476
40,2597
49,2745
1,2992
36,3013
24,3288
42,3668
6,4072

simblock.block.ProofOfWorkBlock@19ad99fa:31
46,0
18,193
15,347
17,383
23,507
22,532
7,535
4,576
8,661
14,689
19,690
43,696
12,733
13,736
34,815
30,846
29,882
37,891
24,958
45,968
16,1000
28,1001
31,1107
25,1128
10,1160
9,1227
47,1276
50,1281
5,1385
38,1433
21,1434
32,1497
3,1542
41,1589
39,1707
42,1769
36,1770
44,1809
11,1856
49,2052
27,2123
26,2189
33,2395
48,2471
20,2661
1,2870
35,2928
2,3312
40,3693
6,4092

simblock.block.ProofOfWorkBlock@7e3f4f0:32
4,0
22,186
13,338
25,372
17,499
15,528
41,530
43,567
12,652
23,682
8,685
18,697
10,720
30,804
7,841
45,843
50,850
14,873
19,875
37,957
16,994
29,1004
46,1030
24,1072
28,1117
21,1119
33,1218
32,1271
34,1272
38,1274
3,1302
44,1385
49,1539
36,1545
11,1653
48,1662
1,1700
27,1804
31,1815
35,2093
39,2097
2,2185
47,2361
26,2564
20,2636
9,2912
40,3292
42,3673
5,4058
6,4464

simblock.block.ProofOfWorkBlock@16fc5679:33
48,0
47,1085
11,1365
45,1643
44,1648
36,1785
25,1832
28,1837
37,1924
29,1998
21,2021
33,2023
34,2173
7,2202
3,2208
49,2266
35,2441
27,2458
50,2481
38,2486
41,2494
9,2532
32,2532
31,2548
39,2583
23,2765
46,2771
24,2804
2,2828
15,3056
30,3063
20,3185
42,3190
22,3340
17,3618
43,3915
10,3927
4,4194
6,4505
19,4676
12,5418
8,6159
16,6910

simblock.block.ProofOfWorkBlock@3be22500:33
49,0
35,261
33,455
44,529
24,640
32,724
31,816
10,816
20,829
11,911
28,916
16,1006
27,1028
38,1090
29,1096
4,1105
43,1197
6,1229
3,1237
13,1271
47,1344
7,1374
25,1382
42,1404
15,1526
36,1549
48,1560
9,1611
46,1660
41,1663
50,1807
40,1810
2,1922
17,1942
37,1951
8,2111
30,2221
34,2229
14,2407
23,2513
22,2685
1,2820
21,2963
5,3182
18,3246
45,3524
19,3803
12,4080
26,4431
39,4778

simblock.block.ProofOfWorkBlock@50b03929:34
21,0
4,190
18,342
37,382
8,507
19,533
13,536
43,591
30,662
45,696
16,756
36,812
41,815
15,851
10,852
24,875
46,978
14,1006
38,1073
47,1081
34,1130
11,1143
29,1158
28,1166
50,1287
35,1354
23,1442
2,1453
48,1536
12,1594
20,1622
17,1747
9,1890
22,1900
1,1934
7,2056
25,2208
5,2270
40,2657

simblock.block.ProofOfWorkBlock@276ccfec:35
11,0
44,261
3,451
35,533
28,636
31,718
24,721
33,824
20,903
38,911
49,920
32,989
36,1014
8,1077
27,1093
9,1182
30,1186
25,1199
47,1203
34,1359
39,1390
6,1444
22,1445
14,1461
7,1469
16,1484
12,1485
4,1647
13,1725
43,1741
42,1742
21,1749
37,1762
23,1763
1,1954
29,2027
10,2042
48,2078
2,2113
19,2304
45,2323
15,2616
26,2656
41,2893
50,3174
46,3459
17,3738
18,4020
40,4382
5,4738

simblock.block.ProofOfWorkBlock@12bc9450:34
26,0
6,383
2,661
5,937
47,1324
38,1713
49,2099
39,2488
44,2876
28,3268
36,3657
21,4089
14,4527
10,4954
41,5385
30,5812
37,6258
17,6685
16,7125
34,7555
23,7982
7,8413
22,8846
48,9375

simblock.block.ProofOfWorkBlock@368814bb:36
28,0
11,264
38,452
20,637
31,714
24,823
9,902
35,910
3,918
32,1100
44,1110
17,1111
13,1181
21,1263
49,1288
36,1297
30,1365
50,1392
8,1443
43,1460
37,1460
33,1486
34,1547
19,1566
27,1654
47,1674
1,1704
6,1725
25,1728
39,1734
14,1739
16,1755
4,1849
23,1952
7,2032
22,2051
42,2102
41,2230
29,2314
48,2399
26,2457
45,2507
2,2766
15,2789
18,3072
12,3350
10,3627
46,3905
40,4263
5,4614

simblock.block.ProofOfWorkBlock@30c716ce:36
18,0
19,188
23,340
21,499
46,653
50,806
25,848
17,960
34,1000
7,1113
8,1156
41,1266
15,1352
45,1507
32,1533
27,1774
9,1804
20,2045
11,2069
33,2311
36,2338
49,2607
40,2690
35,2873
2,3072
24,3138
48,3546
1,3942
6,4339

simblock.block.ProofOfWorkBlock@6af4c74e:37
40,0
5,465
11,865
26,937
47,1135
2,1211
27,1251
44,1322
28,1536
6,1587
1,1587
31,1589
32,1600
19,1678
4,1680
36,1737
24,1808
42,1862
13,1956
49,1975
33,1991
17,2026
23,2107
25,2293
50,2314
9,2360
38,2372
20,2382
14,2558
45,2602
3,2777
7,2803
18,2889
46,2987
15,3167
35,3187
16,3236
8,3416
41,3452
39,3576
34,3665
43,3844
10,4002
21,4098
29,4271
37,4431
48,4785
12,4863
30,5291
22,5721

simblock.block.ProofOfWorkBlock@92fe6e5:38
29,0
13,185
19,341
25,377
45,496
12,530
14,530
46,564
43,655
41,685
30,686
37,705
23,719
17,726
8,813
4,840
34,857
22,872
16,965
7,996
18,1011
11,1033
27,1086
15,1118
10,1122
50,1166
28,1257
36,1262
21,1278
32,1394
5,1420
49,1442
26,1467
38,1529
9,1552
3,1670
33,1710
20,1805
44,1941
1,1946
35,1975
47,2074
31,2243
40,2325
48,2470
24,2510
2,2714
42,2892
39,2909
6,3117

simblock.block.ProofOfWorkBlock@4054e55b:39
32,0
24,265
33,468
3,544
20,653
11,731
49,733
27,919
28,920
14,934
44,938
36,1000
25,1086
35,1108
38,1182
47,1188
31,1201
34,1211
41,1214
4,1215
8,1272
50,1369
23,1393
43,1461
22,1492
45,1493
18,1494
40,1539
12,1553
9,1624
37,1646
46,1685
19,1790
48,1839
39,1897
16,1928
7,2068
10,2211
26,2254
21,2353
2,2565
30,2647
17,2929
15,3208
13,3488
6,4081
1,4406

simblock.block.ProofOfWorkBlock@737fbdc2:40
36,0
47,273
11,462
16,741
44,751
43,809
29,933
28,940
8,996
31,1012
17,1021
34,1087
50,1088
33,1129
25,1152
20,1210
24,1210
22,1303
3,1315
23,1366
35,1406
38,1420
32,1474
9,1551
12,1582
15,1599
19,1663
39,1685
21,1687
27,1692
49,1817
2,1853
18,1859
46,1880
10,1944
42,2043
4,2136
7,2223
40,2233
13,2417
1,2529
5,2586
30,2698
45,2977
37,3255
41,3534
6,4145
48,4499
26,4855

simblock.block.ProofOfWorkBlock@9d7522:41
21,0
18,187
25,340
19,402
46,525
43,526
29,594
22,679
10,680
11,717
16,731
37,748
17,832
14,836
9,982
28,986
12,987
13,988
47,1017
38,1087
15,1143
50,1147
35,1253
20,1284
45,1295
34,1299
40,1392
4,1457
36,1519
5,1557
30,1613
2,1674
8,1766
24,1805
23,1932
7,2088
48,2197
41,2241
32,2511
1,2594
27,2779
6,2997
49,3049
3,3315
44,3587
31,3855
33,4128
42,4512
26,4891
39,5326

simblock.block.ProofOfWorkBlock@7ec8ac50:42
37,0
19,190
41,343
18,376
12,497
8,528
15,531
17,587
4,652
50,680
21,687
25,718
45,718
16,723
43,805
14,835
10,856
22,880
7,957
29,990
46,1011
34,1111
28,1122
38,1156
13,1201
24,1262
1,1290
23,1356
47,1381
40,1395
30,1508
2,1515
32,1528
35,1646
9,1775
20,1793
27,1912
11,2044
33,2064
3,2184
31,2335
36,2450
44,2602
5,2831
49,2869
26,3210
48,3264
6,3615
42,3644
39,4056

simblock.block.ProofOfWorkBlock@5472a171:43
32,0
33,269
20,474
49,532
24,668
11,717
3,738
27,923
28,931
17,948
47,984
8,1089
35,1110
44,1116
36,1170
38,1202
21,1231
37,1283
50,1369
31,1392
22,1394
45,1414
10,1448
43,1493
7,1521
25,1563
9,1621
12,1647
4,1677
34,1694
14,1801
40,1809
16,1848
46,1975
39,1995
48,2025
30,2105
23,2255
26,2346
2,2377
19,2413
18,2693
13,2978
29,3273
15,3571
41,3849
6,4467
5,4823

simblock.block.ProofOfWorkBlock@4d25d217:44
11,0
28,267
3,452
24,532
44,639
38,718
49,723
32,804
33,825
20,904
31,913
9,986
25,1000
36,1013
27,1014
19,1083
35,1099
47,1200
39,1249
43,1263
30,1285
8,1292
34,1367
4,1456
46,1479
22,1544
37,1579
26,1602
1,1672
17,1774
13,1827
29,1860
42,1954
50,2063
14,2106
21,2140
41,2342
7,2425
48,2455
10,2621
16,2705
15,2900
2,3060
12,3181
6,3449
45,3460
18,3751
23,4031
40,4383
5,4736

simblock.block.ProofOfWorkBlock@3241c573:45
33,0
24,265
35,453
28,536
11,639
20,715
3,733
38,798
27,825
44,904
36,915
32,1013
30,1016
9,1072
50,1087
47,1105
37,1183
49,1198
31,1258
22,1262
7,1275
18,1295
17,1372
12,1393
8,1467
46,1480
43,1540
13,1541
16,1555
41,1573
39,1719
4,1747
40,1753
23,1763
14,1817
29,1836
15,1856
48,1889
25,2025
21,2049
26,2079
1,2169
2,2246
10,2306
19,2327
42,2527
34,2609
45,2891
6,3197
5,3559

simblock.block.ProofOfWorkBlock@33ba19a3:46
11,0
3,263
36,453
20,527
44,638
24,721
35,793
47,826
49,913
31,914
32,981
14,997
33,1014
38,1183
7,1197
28,1203
27,1232
19,1262
34,1263
4,1282
8,1342
43,1366
9,1454
25,1480
50,1480
13,1560
1,1577
42,1617
39,1659
17,1760
37,1774
22,1839
12,2041
30,2054
6,2148
46,2323
16,2335
48,2502
41,2609
21,2613
26,2860
10,2888
29,2900
23,3166
2,3253
15,3445
45,3724
18,4013
40,4365
5,4718

simblock.block.ProofOfWorkBlock@3930db96:47
25,0
12,191
21,345
4,383
23,510
30,529
17,536
45,678
50,682
37,691
16,700
7,831
18,834
41,852
19,873
29,878
20,912
34,1006
24,1058
28,1074
32,1105
11,1120
22,1162
40,1291
43,1315
38,1346
33,1380
36,1392
46,1474
10,1631
44,1650
49,1662
15,1784
31,1917
47,1932
8,1938
27,2198
26,2295
3,2526
48,2591
35,2793
5,2972
6,3367
2,3445
42,3828
39,4662

simblock.block.ProofOfWorkBlock@56d8283a:48
16,0
13,186
23,338
45,374
10,495
41,527
14,543
7,648
4,688
21,702
50,708
19,741
22,803
37,837
8,842
46,855
17,868
49,899
15,957
12,994
30,1007
31,1066
27,1083
34,1110
18,1164
9,1166
25,1196
28,1244
29,1263
43,1418
33,1431
44,1449
20,1469
36,1693
11,1696
24,1724
47,1739
3,1958
35,1962
38,2014
1,2123
32,2282
40,2344
48,2349
2,2664
42,2724
26,2728
6,3060
5,3104
39,3498

simblock.block.ProofOfWorkBlock@8847a1d:49
12,0
14,627
25,782
19,827
8,934
50,980
29,1033
21,1089
7,1135
18,1195
16,1223
34,1241
30,1273
10,1288
41,1395
15,1443
24,1471
28,1515
17,1548
23,1702
38,1713
33,1736
13,1855
45,1921
32,1982
20,2007
37,2009
46,2075
4,2164
22,2230
44,2273
26,2360
43,2385
36,2437
31,2543
3,2654
11,2712
40,2739
9,2922
47,2981
2,3124
35,3212
27,3250
49,3517
48,3909
42,4289
5,4673
1,5068
6,5464
39,5903

simblock.block.ProofOfWorkBlock@48afc141:50
43,0
37,186
50,339
19,374
23,493
41,527
46,531
29,664
4,679
30,681
18,684
13,717
8,816
34,833
22,838
10,842
15,871
20,909
16,969
21,994
12,997
45,1122
9,1146
17,1147
7,1152
32,1176
25,1275
14,1300
2,1404
3,1422
33,1448
38,1540
44,1567
35,1693
24,1715
47,1811
49,1841
36,1961
31,1986
27,2081
28,2111
26,2341
48,2377
11,2377
40,2460
5,2729
42,2756
1,2856
6,3128
39,3566

simblock.block.ProofOfWorkBlock@2823a822:50
21,0
23,228
8,384
41,537
22,695
12,849
17,1005
30,1158
18,1311
4,1465
46,1619
50,1790
7,1951
34,2106
25,2263
31,2529
32,2809
3,3078
27,3344
44,3610
33,3876
49,4150
26,4529
42,4915
39,5354

simblock.block.ProofOfWorkBlock@37d6fadd:51
43,0
16,186
29,341
7,372
25,498
34,524
19,530
17,561
8,672
10,680
46,685
4,711
14,713
30,751
15,835
50,841
12,863
18,865
32,882
41,906
37,995
22,1007
21,1018
35,1037
20,1059
28,1087
33,1129
45,1147
44,1148
13,1165
23,1300
9,1304
49,1325
11,1358
24,1399
3,1433
2,1545
5,1551
38,1572
31,1668
42,1689
36,1706
47,1839
6,1944
48,2097
27,2112
39,2132
26,2479
40,2494
1,2898

simblock.block.ProofOfWorkBlock@616c1605:52
1,0
2,494
39,927
5,965
26,1245
47,1370
40,1438
42,1518
36,1636
6,1656
28,1772
9,1816
33,1826
20,1910
19,1914
44,2052
50,2192
11,2213
49,2226
27,2259
38,2297
31,2462
41,2480
30,2648
3,2685
32,2708
15,2756
8,2791
16,2912
37,3083
7,3114
24,3172
21,3347
4,3508
46,3540
35,3621
23,3937
22,3967
25,4166
14,4395
34,4723
13,4824
29,5254
45,5268
10,5813
12,6357
17,6903
18,7448
43,8007
48,8599

simblock.block.ProofOfWorkBlock@17d17822:53
33,0
24,269
32,472
28,542
27,664
3,727
20,734
38,815
11,853
41,1007
44,1009
17,1022
49,1045
9,1089
50,1096
36,1124
22,1203
35,1233
16,1264
31,1275
4,1286
15,1301
14,1302
47,1312
39,1439
43,1487
23,1510
10,1547
30,1583
7,1585
48,1636
8,1766
45,1788
26,1806
25,1825
18,1860
29,1864
37,2047
19,2067
13,2146
1,2168
2,2179
12,2336
46,2349
42,2522
34,2640
40,2687
21,2925
6,3229
5,3582

simblock.block.ProofOfWorkBlock@136bb4b:53
12,0
21,187
25,360
18,372
17,512
46,525
15,551
19,561
4,664
7,679
10,704
16,741
29,753
14,819
30,834
43,857
24,913
41,972
22,990
45,1038
28,1048
38,1084
8,1127
50,1143
37,1285
9,1303
20,1313
40,1404
31,1409
13,1439
35,1569
23,1611
33,1677
34,1766
44,1945
2,1949
49,2039
32,2211
36,2317
3,2483
11,2582
27,2851
26,2866
47,3116
48,3516
5,3914
42,4292
1,4694
6,5089
39,5525

simblock.block.ProofOfWorkBlock@5a84e8ec:54
24,0
32,268
3,453
20,534
33,645
11,714
35,798
21,812
28,830
27,907
36,981
44,988
16,995
8,1008
49,1015
7,1090
38,1096
12,1161
47,1168
23,1187
43,1190
22,1268
25,1277
19,1293
9,1368
29,1369
31,1428
40,1520
4,1550
50,1560
15,1573
26,1608
14,1649
46,1833
37,1838
18,1851
17,1927
39,1957
10,2121
34,2132
48,2180
13,2210
41,2412
2,2475
6,2519
45,2696
5,2871
30,2982
1,3288
42,3642

simblock.block.ProofOfWorkBlock@7023f6c:54
5,0
2,461
40,734
1,841
26,1007
42,1114
6,1385
33,1396
38,1507
27,1536
47,1600
3,1784
44,1809
25,1936
43,1972
9,2042
19,2049
35,2175
28,2202
29,2361
8,2400
50,2446
24,2485
20,2562
36,2590
46,2801
11,2953
49,2983
45,3028
7,3227
39,3341
16,3409
34,3576
13,3656
32,3728
21,3837
17,4089
18,4121
23,4161
41,4266
14,4605
4,5033
37,5476
30,5905
22,6334
10,6760
12,7191
48,7706

simblock.block.ProofOfWorkBlock@2755f323:55
41,0
10,184
23,337
25,373
12,489
45,523
16,528
7,574
13,642
43,676
50,685
4,686
18,796
34,831
14,845
19,877
46,963
22,984
17,1010
27,1026
15,1115
29,1164
28,1222
33,1251
21,1270
49,1302
37,1423
39,1424
35,1433
30,1576
40,1641
38,1709
8,1728
47,1985
24,1999
6,2036
20,2265
48,2376
31,2534
2,2756
32,2804
11,3073
5,3137
9,3358
42,3522
44,3624
36,3897
1,3916
3,4165
26,4547

simblock.block.ProofOfWorkBlock@31084a85:56
33,0
11,275
27,465
44,547
35,668
36,735
20,820
24,854
28,921
22,1005
31,1011
49,1042
47,1107
38,1195
4,1218
32,1235
13,1283
14,1284
29,1291
3,1294
25,1496
34,1525
9,1540
37,1562
16,1563
18,1575
2,1578
30,1584
39,1670
19,1809
43,1843
17,1855
7,1861
48,1910
42,1930
46,2087
8,2123
10,2133
26,2212
23,2372
15,2414
1,2428
21,2660
41,2698
45,2942
50,2978
6,3254
12,3260
5,3611
40,3625

simblock.block.ProofOfWorkBlock@76dec16f:57
21,0
50,185
30,340
43,373
17,493
10,526
15,528
29,602
23,646
45,684
14,686
16,756
4,803
19,838
13,883
37,913
36,951
22,955
20,1024
9,1066
28,1106
18,1109
38,1191
24,1219
46,1261
35,1331
47,1373
2,1403
7,1414
25,1570
40,1574
5,1598
11,1645
48,1722
41,1726
12,1893
1,1968
6,2042
8,2046
34,2199
32,2464
31,2732
27,2999
49,3267
44,3534
26,4463
42,4845

simblock.block.ProofOfWorkBlock@87fdcd1:57
29,0
43,185
13,348
16,502
25,551
19,696
12,703
15,739
10,849
7,858
34,891
37,896
4,1011
45,1014
46,1046
17,1048
18,1065
50,1091
41,1163
8,1169
14,1209
27,1314
23,1362
30,1374
33,1431
47,1431
3,1438
22,1515
49,1583
21,1681
38,1698
31,1701
44,1708
26,1731
11,1867
35,1946
32,1976
24,1981
36,1982
9,2241
5,2247
20,2249
40,2356
28,2539
42,2620
48,2641
2,2737
1,3025
39,3082
6,3131

simblock.block.ProofOfWorkBlock@13ea4fd6:58
28,0
38,270
11,456
9,534
20,644
3,719
31,740
24,831
47,912
32,913
43,1029
4,1075
33,1098
49,1107
17,1111
21,1257
36,1292
35,1296
10,1309
34,1355
27,1383
50,1389
44,1484
37,1538
6,1539
19,1578
22,1594
8,1633
39,1732
23,1767
16,1822
14,1871
25,1915
46,2049
42,2089
30,2102
13,2148
1,2228
12,2342
29,2380
15,2440
26,2441
18,2628
7,2662
48,2789
45,2906
2,3159
41,3189
5,3543
40,3895

simblock.block.ProofOfWorkBlock@4046e87d:59
30,0
4,189
21,345
22,397
17,498
46,533
13,553
16,601
15,651
50,691
12,706
10,708
29,748
41,804
43,811
14,838
18,844
34,859
19,883
38,940
45,957
25,996
37,1028
11,1032
23,1114
8,1152
28,1298
35,1312
7,1316
2,1319
36,1386
48,1434
31,1584
49,1589
47,1651
1,1705
20,1850
27,1856
24,1920
9,2115
33,2121
32,2190
3,2463
42,2496
39,2558
44,2732
40,2876
26,3113
6,3273
5,3492

simblock.block.ProofOfWorkBlock@72388b94:59
24,0
3,269
49,457
11,538
33,653
35,723
20,748
44,810
32,840
27,913
36,996
28,1025
21,1032
31,1072
47,1181
14,1193
6,1274
4,1283
38,1292
13,1296
37,1309
18,1318
23,1466
12,1470
43,1471
7,1588
30,1596
48,1645
46,1746
8,1754
50,1867
15,1875
22,2037
40,2097
25,2149
41,2154
39,2383
16,2431
45,2439
17,2709
19,2721
26,2736
10,2990
34,3009
29,3269
1,3314
5,3624
42,3668
2,3980

simblock.block.ProofOfWorkBlock@3fd5e7c8:60
3,0
11,276
24,463
36,541
20,649
28,729
32,746
49,834
33,915
35,928
38,1008
34,1038
13,1085
27,1105
16,1116
44,1120
9,1269
47,1309
43,1313
19,1317
4,1362
8,1383
30,1394
31,1454
39,1484
23,1594
1,1622
14,1641
50,1673
15,1876
22,1931
45,1955
42,1975
46,2155
25,2237
6,2245
12,2432
21,2523
48,2593
18,2716
10,2802
26,2956
40,3070
41,3087
5,4571
2,4928

simblock.block.ProofOfWorkBlock@516edacb:60
42,0
2,468
32,857
1,871
5,1146
20,1247
26,1425
40,1602
28,1647
6,1804
3,1811
11,1996
38,2037
47,2220
17,2249
39,2384
27,2409
24,2429
50,2434
18,2603
49,2613
46,2677
33,2772
43,2839
25,2854
44,3000
13,3102
35,3163
22,3282
8,3285
36,3394
29,3529
30,3594
10,3716
41,3820
14,3954
37,4044
21,4144
34,4258
7,4400
48,4572
23,4587
16,4686
12,5025
4,5460
19,5892
45,6318

simblock.block.ProofOfWorkBlock@139866a7:61
38,0
28,294
31,480
11,562
9,680
44,742
24,747
20,937
15,957
35,1003
32,1014
19,1022
16,1148
49,1201
50,1221
8,1236
14,1237
29,1288
37,1294
34,1300
27,1486
17,1503
36,1507
43,1514
25,1520
7,1567
21,1582
6,1634
33,1696
10,1792
1,1828
30,1846
4,1863
3,1884
13,2071
47,2075
41,2143
12,2355
22,2356
46,2653
48,2705
18,2938
39,3052
23,3221
26,3404
45,3501
42,3761
5,3856
2,4113
40,4208

simblock.block.ProofOfWorkBlock@586eaac8:62
19,0
29,192
50,348
13,381
34,502
16,533
46,540
25,570
37,656
10,687
21,693
23,694
12,727
22,728
14,810
43,839
17,854
15,880
30,882
4,897
18,963
9,1028
41,1053
45,1061
27,1077
8,1115
28,1121
7,1206
3,1333
31,1383
11,1393
26,1407
36,1474
5,1533
49,1668
40,1717
38,1753
1,1800
24,1933
2,2099
47,2202
39,2206
20,2467
6,2493
35,2733
44,3002
33,3269
32,3539
48,3935
42,4317

simblock.block.ProofOfWorkBlock@ca8d77d:62
47,0
36,269
11,461
50,739
30,1029
12,1312
45,1594
7,1872
10,2152
43,2430
37,2708
17,2987
22,3267
19,3550
23,3830
4,4116
13,4394
1,4705
6,5012
48,5359
26,5713

simblock.block.ProofOfWorkBlock@3e92cda3:63
32,0
24,273
20,459
28,544
33,656
35,722
49,740
38,805
44,909
3,926
27,927
13,944
11,991
9,1069
16,1153
46,1188
45,1204
17,1221
23,1222
31,1254
37,1261
50,1272
47,1277
12,1285
22,1473
36,1475
34,1491
29,1502
43,1540
8,1541
39,1619
40,1691
4,1750
21,1780
25,1824
26,1971
41,2060
48,2103
10,2118
30,2345
2,2457
19,2624
15,2903
14,3182
18,3462
7,3741
6,4049
1,4354
5,4709
42,5066

simblock.block.ProofOfWorkBlock@22dac77c:64
49,0
33,261
20,446
32,533
27,631
28,717
11,729
35,818
44,904
36,992
38,995
24,1003
34,1008
29,1074
43,1172
47,1179
31,1180
13,1185
3,1189
16,1212
9,1287
46,1288
30,1355
25,1369
37,1449
10,1464
41,1465
14,1467
23,1566
7,1637
4,1743
21,1747
40,1801
6,1873
1,1949
17,2037
19,2044
5,2226
50,2326
48,2386
8,2607
2,2742
15,2886
42,3095
18,3178
12,3477
45,3755
22,4033
39,4379
26,4742

simblock.block.ProofOfWorkBlock@7b7ec3e7:64
48,0
38,1081
20,1779
36,2481
47,3191
18,3937
13,4678
19,5424
12,6168
8,6913
10,7660
14,8406
16,9151
1,9973
5,10812
40,11657
26,12504

simblock.block.ProofOfWorkBlock@1953f27f:65
34,0
21,185
17,344
30,370
50,497
22,523
10,546
45,557
37,654
8,688
43,690
15,722
29,766
13,783
4,806
14,842
18,842
47,874
23,966
7,1007
38,1073
16,1127
36,1147
41,1159
5,1258
46,1281
20,1415
48,1416
3,1432
25,1433
40,1568
12,1585
28,1696
49,1701
19,1770
11,1967
44,1971
35,2045
32,2238
24,2315
2,2362
27,2506
9,2581
31,2848
42,2884
33,3122
39,3325
26,3505
6,3900
1,4294

simblock.block.ProofOfWorkBlock@37a156ea:65
1,0
2,493
39,918
24,1379
35,1824
32,2268
9,2713
27,3156
47,3601
45,4146
43,4696
17,5248
18,5796
25,6341
10,6900
34,7445
12,7990
48,8584

simblock.block.ProofOfWorkBlock@621e9c3d:66
4,0
37,188
21,340
19,378
17,510
23,525
7,531
14,568
22,664
18,688
10,695
43,696
16,714
29,721
15,758
12,817
8,846
41,849
45,866
34,972
24,1002
25,1012
28,1045
38,1095
3,1118
30,1129
11,1133
46,1165
13,1287
50,1317
27,1393
48,1407
2,1429
20,1552
33,1582
26,1775
1,1823
47,1825
32,1847
36,2090
44,2115
39,2229
9,2364
49,2393
31,2909
40,3287
5,4046
6,4453

simblock.block.ProofOfWorkBlock@39dbc612:67
33,0
11,272
35,461
3,543
24,649
28,731
20,740
27,852
47,918
38,1000
8,1019
32,1042
7,1091
44,1112
49,1231
31,1262
22,1292
4,1299
36,1299
29,1386
43,1410
42,1413
9,1447
39,1475
21,1509
13,1572
18,1577
37,1589
16,1665
14,1691
19,1790
26,1834
10,1856
25,1871
48,1919
30,1957
23,2067
50,2134
1,2187
2,2309
46,2351
17,2415
34,2631
41,2696
45,2908
12,2974
6,3215
15,3254
5,3568
40,3612

simblock.block.ProofOfWorkBlock@63237b2e:68
31,0
38,275
44,479
28,547
20,741
9,742
19,763
24,811
35,931
8,950
32,1009
10,1029
41,1041
33,1087
37,1107
11,1116
23,1145
3,1194
16,1222
18,1261
25,1288
12,1298
43,1308
4,1318
49,1380
36,1381
45,1400
47,1531
27,1580
14,1587
34,1595
1,1599
6,1640
46,1658
30,1678
13,1868
21,1879
29,1956
40,1959
5,2012
22,2145
50,2248
15,2455
7,2526
39,2802
17,2808
48,3150
42,3509
26,3861
2,4213

simblock.block.ProofOfWorkBlock@15d1c3ac:68
30,0
17,185
41,338
7,372
21,512
12,526
25,561
4,669
34,688
46,704
14,729
45,824
18,842
13,883
19,888
15,979
10,998
37,1039
33,1050
29,1079
23,1136
22,1150
16,1192
9,1222
38,1265
43,1289
50,1305
31,1319
47,1405
8,1464
35,1487
40,1592
49,1593
48,1676
24,1676
11,1730
6,1884
3,1951
42,1977
28,2007
32,2216
27,2275
39,2414
36,2483
20,2551
44,2755
2,2934
5,3134
1,3334
26,3512

simblock.block.ProofOfWorkBlock@34aad95:69
22,0
23,188
25,343
46,376
16,495
43,529
13,533
50,569
7,651
41,682
10,690
37,734
29,751
19,755
4,810
8,839
3,960
15,967
34,997
32,1072
44,1096
21,1121
12,1152
17,1274
30,1305
48,1353
1,1361
28,1369
9,1543
14,1617
18,1772
39,1797
20,1816
35,2039
49,2087
11,2590
24,2816
47,2911
40,2979
31,3088
36,3177
26,3976
42,4355

simblock.block.ProofOfWorkBlock@77c16f87:70
41,0
46,191
23,348
50,379
37,502
45,533
30,664
34,686
4,689
29,729
17,757
12,818
25,838
7,842
19,945
10,1003
27,1108
13,1165
28,1212
15,1322
33,1376
1,1458
8,1475
49,1480
38,1532
39,1545
18,1627
35,1646
48,1702
21,1779
2,2033
22,2363
40,2417
16,2517
11,2592
43,2672
6,2813
14,2825
32,2862
47,3091
9,3127
24,3401
5,3474
20,3673
42,3857
31,3939
3,4206
44,4473
36,4738
26,5127

simblock.block.ProofOfWorkBlock@2062f7f2:69
5,0
40,466
26,740
2,1018
6,1129
20,1404
38,1536
39,1794
49,1930
11,2193
28,2318
35,2583
44,2706
33,2975
36,3092
3,3362
47,3480
32,3758
7,3906
37,4184
21,4335
30,4617
16,4763
10,5048
41,5202
14,5477
17,5627
12,5903
34,6056
4,6328
22,6755
23,7183
48,7698

simblock.block.ProofOfWorkBlock@27dfa9a4:71
9,0
38,267
31,535
8,546
28,726
19,752
44,802
25,834
29,905
50,943
20,994
43,1007
7,1030
46,1057
16,1102
37,1110
18,1112
24,1193
12,1213
15,1285
30,1346
21,1365
3,1368
32,1378
11,1379
22,1389
23,1519
14,1564
33,1645
36,1650
45,1670
17,1673
5,1794
6,1829
13,1842
47,1913
41,1952
35,1954
48,2196
49,2219
10,2233
27,2495
4,2524
42,2552
34,2810
40,2876
39,2894
1,3122
2,3246
26,3601

simblock.block.ProofOfWorkBlock@320be167:72
34,0
21,184
19,339
41,371
25,502
30,529
14,531
13,567
22,683
29,686
46,688
45,689
15,725
43,841
16,852
18,852
10,877
20,966
23,1005
7,1014
38,1066
11,1151
17,1159
8,1173
47,1233
28,1235
4,1317
2,1375
5,1410
36,1418
27,1443
40,1452
12,1475
50,1628
48,1631
32,1712
37,1780
44,1977
33,2045
3,2242
9,2310
49,2508
35,2576
24,2845
42,2887
31,3111
39,3328
26,3491
1,3885
6,4279

simblock.block.ProofOfWorkBlock@4ac79791:73
18,0
21,190
7,345
41,505
37,536
23,684
13,689
10,698
43,731
46,838
45,846
15,856
29,886
19,993
14,999
20,1124
17,1146
16,1156
38,1238
50,1305
28,1391
5,1404
47,1422
40,1576
49,1584
2,1808
24,1858
25,2053
9,2123
12,2211
8,2367
35,2401
22,2522
11,2671
4,2676
30,2828
32,2937
34,2993
36,3202
44,3264
33,3545
48,3601
3,3812
1,3995
27,4078
31,4347
6,4390
42,4729
26,5115
39,5552

simblock.block.ProofOfWorkBlock@6c75b16b:74
31,0
38,281
44,466
28,544
20,731
9,731
21,745
24,845
35,918
8,935
32,995
10,1011
19,1028
25,1091
11,1108
3,1182
16,1200
37,1216
46,1243
15,1291
41,1312
49,1380
1,1385
29,1394
12,1403
36,1407
47,1546
18,1573
22,1574
34,1597
6,1627
7,1671
23,1726
5,1734
40,1809
14,1851
4,1881
30,1967
27,2002
43,2128
45,2245
33,2279
13,2407
17,2522
48,2759
50,2811
39,3110
2,3464
42,3815
26,4181

simblock.block.ProofOfWorkBlock@5a1acf73:75
11,0
44,263
47,449
35,535
28,638
31,729
49,800
3,826
24,904
20,917
37,994
36,1017
27,1067
38,1089
8,1098
32,1174
19,1199
33,1204
43,1282
14,1345
9,1359
16,1370
34,1381
39,1433
7,1479
23,1487
13,1571
25,1660
2,1724
21,1756
17,1766
42,1784
22,1863
29,2038
41,2044
4,2149
30,2321
18,2333
6,2457
15,2610
26,2673
1,2768
46,2900
48,3117
12,3180
10,3458
45,3735
50,4024
40,4386
5,4743

simblock.block.ProofOfWorkBlock@3d711dfe:76
1,0
2,494
39,913
26,962
5,1237
6,1350
9,1359
42,1515
40,1700
28,1760
44,1762
24,1801
4,1900
38,1904
31,2039
33,2092
36,2154
49,2218
27,2256
3,2302
15,2348
50,2432
19,2447
11,2487
30,2586
20,2694
35,2698
21,2781
41,3011
22,3122
32,3164
8,3338
37,3440
46,3565
47,3619
23,3866
13,3992
45,4166
16,4295
7,4419
12,4717
14,4849
34,5261
29,5279
43,5809
10,6357
18,6905
25,7449
17,7992
48,8585

simblock.block.ProofOfWorkBlock@67ce31a5:77
40,0
5,459
27,849
2,921
49,1129
26,1202
11,1244
1,1309
24,1400
17,1418
28,1516
42,1586
6,1586
39,1589
34,1604
43,1676
45,1686
15,1699
44,1704
36,1891
18,1964
21,1977
35,1978
38,1986
9,2076
47,2080
8,2106
16,2126
31,2143
50,2243
20,2366
41,2368
7,2416
19,2522
14,2543
3,2754
13,2854
23,2982
32,3142
25,3284
46,3407
33,3529
29,3852
12,3960
4,4277
30,4399
48,4793
22,4825

simblock.block.ProofOfWorkBlock@1c8f79e0:78
4,0
30,186
37,338
15,380
34,490
7,526
41,534
10,569
12,643
19,680
45,691
50,700
25,724
8,729
18,735
29,756
17,799
43,834
23,843
14,883
22,952
33,1017
46,1037
13,1107
24,1111
27,1114
16,1193
28,1229
21,1265
32,1380
2,1402
1,1416
48,1436
49,1465
47,1544
39,1552
3,1653
38,1743
36,1813
44,1922
11,2024
9,2079
26,2301
31,2351
35,2621
20,2904
5,3285
42,3680
40,4059
6,4456

simblock.block.ProofOfWorkBlock@4cd8731e:79
24,0
49,269
3,457
35,531
28,642
20,717
11,724
44,806
33,836
27,907
38,923
36,998
10,1004
32,1022
31,1072
23,1087
47,1185
21,1190
9,1206
13,1263
25,1282
34,1299
46,1367
43,1460
6,1461
22,1471
40,1550
37,1565
19,1581
48,1614
4,1649
8,1748
17,1842
15,1864
50,2028
29,2121
30,2143
14,2310
16,2402
45,2424
12,2590
41,2705
39,2932
18,2993
2,3033
26,3291
1,3309
42,3661

simblock.block.ProofOfWorkBlock@51dc0bd7:80
38,0
31,274
28,469
44,545
9,659
20,734
35,811
34,839
24,920
15,949
49,1001
37,1024
33,1075
7,1091
11,1108
4,1119
3,1190
46,1199
25,1208
10,1226
23,1353
47,1375
32,1375
29,1377
41,1396
17,1398
8,1490
14,1504
36,1560
16,1609
30,1660
19,1673
50,1680
5,1734
12,1763
18,1768
13,1790
40,1911
45,1946
21,1954
27,2049
43,2070
1,2072
6,2164
22,2352
48,2701
39,3043
42,3396
2,3752
26,4113

simblock.block.ProofOfWorkBlock@1d3888b0:80
36,0
47,267
11,455
13,750
19,811
8,941
16,1028
10,1089
25,1093
29,1246
14,1312
43,1366
20,1511
45,1597
7,1644
32,1777
18,1877
50,1937
38,2043
41,2155
23,2227
2,2431
17,2450
1,2533
4,2735
39,2875
5,2890
12,3018
42,3172
37,3298
3,3561
30,3575
22,3856
46,3986
6,4169
48,4517
26,4874

simblock.block.ProofOfWorkBlock@45b6800a:81
36,0
11,266
47,454
33,532
28,718
4,737
24,802
44,917
38,987
35,989
43,1002
37,1021
3,1105
20,1175
49,1177
29,1189
31,1266
7,1290
17,1300
8,1347
27,1364
15,1388
25,1507
39,1521
9,1532
32,1556
30,1577
19,1587
50,1673
2,1761
21,1836
14,1860
42,1875
1,1908
23,1951
34,2115
16,2137
10,2239
18,2415
46,2524
45,2700
40,2880
22,2979
5,3238
12,3260
41,3553
13,3840
6,4152
48,4512
26,4864

simblock.block.ProofOfWorkBlock@8b58de4:82
49,0
35,296
24,481
44,570
33,669
32,750
31,833
10,847
20,855
28,945
11,1020
16,1036
3,1043
38,1115
34,1133
43,1223
41,1225
27,1229
6,1288
13,1290
7,1298
36,1305
9,1382
4,1427
30,1503
21,1508
17,1591
48,1593
47,1648
37,1705
50,1785
40,1799
42,1867
29,1870
2,1951
23,1986
18,2080
25,2266
19,2361
46,2555
8,2638
1,2865
14,2931
22,3210
5,3220
15,3489
45,3768
12,4049
39,4406
26,4759

simblock.block.ProofOfWorkBlock@78e99576:83
39,0
1,661
28,1125
2,1140
20,1387
11,1584
49,1585
9,1586
42,1610
44,1656
50,1861
33,1882
31,1920
4,1934
3,2014
24,2030
38,2040
36,2067
30,2200
19,2216
15,2350
29,2440
47,2473
41,2496
26,2503
6,2504
16,2595
23,2643
22,2873
27,2919
5,2965
40,3004
46,3305
32,3363
12,3527
14,3741
35,3815
13,4096
7,4169
17,4358
8,4652
45,4904
37,5765
48,7669

simblock.block.ProofOfWorkBlock@783b7a19:83
50,0
19,187
21,346
8,379
10,499
29,532
12,536
45,568
14,651
37,686
25,696
16,717
13,722
17,804
15,869
4,883
32,954
46,964
9,989
7,1039
36,1079
43,1117
38,1136
22,1196
33,1226
34,1270
30,1353
40,1376
18,1430
31,1496
23,1507
2,1526
41,1659
3,1699
20,1761
5,1907
27,1924
44,1968
35,2030
49,2234
24,2298
26,2308
1,2308
28,2500
48,2695
39,2743
11,2779
47,3045
42,3081
6,3464

simblock.block.ProofOfWorkBlock@394c9284:84
1,0
2,6620
39,7038
35,7485
47,7929
9,8371
27,8818
24,9265
32,9711
25,10259
10,10805
45,11351
34,11895
18,12443
17,12987
12,13538
43,14088
48,14682

simblock.block.ProofOfWorkBlock@1643f60a:84
36,0
47,271
11,456
33,727
30,739
19,808
44,914
21,932
27,994
12,1028
10,1087
3,1101
8,1121
32,1179
31,1188
25,1281
28,1290
4,1316
43,1365
20,1380
35,1383
38,1562
49,1571
15,1576
17,1593
50,1645
29,1657
24,1757
42,1806
9,1834
46,1865
2,1868
18,1879
23,1932
34,2048
13,2158
40,2217
7,2220
39,2243
16,2436
1,2531
5,2569
14,2725
41,3008
37,3287
22,3574
45,3852
6,4160
48,4507
26,4861

simblock.block.ProofOfWorkBlock@1bd1d9f0:84
15,0
10,190
25,344
29,379
22,498
7,530
50,535
19,571
46,656
43,687
4,689
17,695
37,728
30,808
23,841
8,848
18,882
16,974
45,999
36,1031
31,1097
35,1114
14,1128
12,1154
40,1264
41,1280
20,1297
34,1321
33,1369
44,1385
28,1387
13,1474
27,1546
21,1629
3,1657
6,1663
24,1819
47,1925
39,2065
49,2119
9,2213
32,2387
48,2604
11,2655
38,2929
26,2999
5,3380
2,3771
42,4154
1,4558

simblock.block.ProofOfWorkBlock@633ee113:85
13,0
45,187
8,345
23,400
41,501
19,532
30,553
34,585
16,657
14,688
15,697
46,707
50,717
18,737
25,810
37,854
10,855
43,860
22,893
4,966
17,1008
31,1119
29,1119
49,1126
21,1162
28,1248
7,1272
26,1276
44,1397
12,1426
27,1429
5,1656
9,1667
47,1704
35,1712
3,1933
20,1970
40,2091
24,2198
32,2238
11,2464
38,2509
33,2732
36,2774
42,3113
48,3166
1,3507
2,3544
6,3941
39,4390

simblock.block.ProofOfWorkBlock@91d1d53:85
24,0
33,267
32,453
35,546
3,647
20,718
27,740
28,839
11,932
7,998
49,1028
21,1213
14,1292
19,1308
23,1490
13,1574
41,1585
46,1773
29,1855
34,1867
6,2077
17,2133
30,2145
15,2422
5,2430
26,2560
45,2705
18,2986
36,3009
1,3301
47,3454
42,3664
37,4000
12,4544
4,5095
22,5643
50,6190

simblock.block.ProofOfWorkBlock@4b4eec61:86
11,0
28,264
33,453
24,528
36,646
27,714
38,715
44,832
49,901
20,903
31,985
3,1020
30,1076
32,1090
9,1175
37,1187
47,1207
39,1245
8,1268
35,1276
29,1377
1,1383
43,1455
4,1464
46,1490
19,1556
25,1563
42,1611
7,1661
16,1751
45,1768
2,1811
21,1834
26,1962
14,2034
12,2053
34,2112
13,2315
23,2348
6,2420
22,2594
18,2625
17,2905
48,2945
41,3182
10,3464
50,3750
15,4047
40,4400
5,4774

simblock.block.ProofOfWorkBlock@12c44418:87
19,0
18,187
34,339
17,374
37,498
25,527
23,531
22,567
50,651
16,681
21,685
43,686
15,722
30,723
29,805
12,834
7,842
10,875
13,879
8,957
4,988
46,996
45,1057
38,1115
3,1142
41,1148
14,1278
26,1371
5,1384
40,1408
28,1411
9,1416
47,1549
27,1680
36,1682
20,1816
39,1845
11,1949
2,2065
33,2087
1,2346
44,2354
32,2620
6,2742
24,2888
35,3159
31,3428
49,3696
48,4097
42,4477

simblock.block.ProofOfWorkBlock@7a40a0d9:87
48,0
38,1097
36,1802
20,2501
47,3207
18,3949
12,4690
16,5464
14,6218
19,6962
10,7718
13,8471
8,9217
1,10033
5,10872
40,11715
26,12554

simblock.block.ProofOfWorkBlock@1c9c3797:88
10,0
50,184
14,336
46,369
29,493
21,522
12,528
45,560
15,646
43,675
7,681
13,691
30,750
17,801
34,828
23,836
22,846
37,888
20,923
4,951
16,960
19,980
24,1086
27,1107
25,1113
18,1133
33,1214
41,1268
32,1373
28,1412
8,1420
31,1483
36,1644
49,1685
38,1685
47,1951
40,2025
6,2079
35,2218
11,2492
9,2761
3,3035
44,3320
48,3710
42,4090
5,4478
26,4858
2,5239
1,5639

simblock.block.ProofOfWorkBlock@32feee78:88
18,0
21,187
41,340
12,371
7,497
34,534
13,535
14,564
19,649
25,687
10,688
16,695
29,724
23,815
8,841
45,847
37,847
43,878
47,907
50,967
30,995
15,1003
38,1069
17,1120
22,1150
46,1279
20,1279
5,1293
4,1302
28,1334
2,1376
49,1545
31,1567
40,1694
32,1817
27,1845
24,2089
3,2114
35,2356
33,2379
36,2622
44,2645
11,2888
26,3034
9,3161
42,3429
48,3556
39,3869
6,3960
1,4359

simblock.block.ProofOfWorkBlock@44ac74ce:89
48,0
36,3085
11,3356
28,3620
22,3646
47,3784
44,3807
21,3834
24,3885
45,3924
33,3992
7,3996
34,4028
35,4069
25,4153
32,4166
3,4184
37,4204
31,4254
43,4330
39,4368
49,4418
50,4475
38,4484
30,4486
29,4539
27,4685
42,4722
46,4759
17,4768
9,4965
15,5037
4,5046
20,5183
23,5315
41,5327
2,5347
6,5633
14,5925
19,6669
16,7420
12,8162
13,8909
8,9656
10,10397
18,11138
1,11954
26,12809
40,13649
5,14494

simblock.block.ProofOfWorkBlock@2025ae7c:89
5,0
26,456
2,732
6,843
40,1010
1,1131
28,1250
33,1405
42,1408
49,1648
3,1792
27,1806
46,1848
24,1902
18,1911
47,2052
19,2100
11,2179
43,2236
29,2276
9,2350
38,2449
50,2457
20,2571
31,2633
8,2662
13,2710
36,2835
35,2958
45,3016
25,3135
44,3227
32,3352
34,3657
39,3738
7,4092
12,4168
17,4519
10,4594
15,4780
41,4951
30,5027
21,5377
37,5459
16,5807
22,5885
14,6315
23,6742
4,7169
48,7682

simblock.block.ProofOfWorkBlock@6948156f:90
2,0
1,383
5,658
42,938
39,1067
40,1114
26,1221
11,1500
32,1517
6,1598
38,1612
28,1756
33,1889
31,1891
49,1917
27,1964
3,2006
36,2019
8,2039
15,2047
19,2181
30,2314
50,2330
35,2407
20,2411
44,2421
21,2607
23,2746
7,2847
47,2853
41,2854
4,3172
10,3275
16,3279
37,3597
25,3710
9,3750
13,4136
29,5842

simblock.block.ProofOfWorkBlock@4d2b9075:91
3,0
20,264
11,454
44,529
24,639
28,723
36,724
31,818
49,825
47,909
35,910
38,999
27,1090
33,1094
32,1099
10,1106
34,1206
14,1266
26,1290
9,1290
8,1372
12,1379
46,1380
17,1389
43,1464
39,1472
1,1510
6,1573
18,1658
4,1659
45,1667
15,1935
13,1942
16,1952
23,2212
19,2222
7,2232
22,2509
50,2511
40,2570
30,2794
48,2875
25,3073
42,3230
37,3358
21,3639
41,3917
29,4196
2,4549
5,4911

simblock.block.ProofOfWorkBlock@2fe719da:92
28,0
20,265
24,451
44,530
11,641
33,721
35,735
31,796
38,840
47,904
32,922
18,1001
27,1014
21,1074
36,1095
49,1109
9,1115
17,1124
37,1276
34,1285
3,1296
6,1348
7,1354
23,1380
14,1398
50,1405
25,1553
15,1562
41,1576
10,1634
16,1649
12,1657
43,1697
26,1757
8,1832
19,1855
1,1879
29,1911
40,2016
39,2103
4,2133
30,2156
45,2415
42,2465
22,2705
13,2988
46,3269
48,3621
2,3972
5,4332

simblock.block.ProofOfWorkBlock@55735eaa:93
10,0
41,190
15,344
21,380
16,497
22,531
30,540
7,570
14,652
43,688
18,695
4,738
45,740
29,808
12,847
19,851
49,884
34,894
17,960
37,1001
25,1112
27,1151
13,1156
33,1159
50,1265
46,1311
8,1418
6,1461
23,1466
28,1491
40,1535
39,1595
38,1687
32,1744
3,1976
20,2027
47,2245
24,2293
9,2511
31,2558
44,2778
36,2833
11,3050
35,3319
48,3711
42,4091
26,4472
2,4864
5,5245
1,5641

simblock.block.ProofOfWorkBlock@420e9186:94
12,0
37,206
25,367
43,406
13,520
7,559
15,562
16,599
17,673
45,714
19,715
50,756
18,764
30,782
41,844
46,867
29,945
8,998
3,1006
10,1025
32,1055
44,1087
24,1100
34,1155
22,1179
28,1210
38,1224
31,1246
33,1246
35,1277
4,1313
20,1324
9,1446
23,1482
40,1609
21,1636
26,1662
14,1791
2,1824
47,2063
36,2335
49,2609
27,3144
42,3935
39,5555

simblock.block.ProofOfWorkBlock@4c23c5e6:95
21,0
7,187
23,341
13,484
18,497
43,535
45,637
4,650
29,675
19,684
37,793
12,804
11,872
10,887
16,945
34,967
38,1018
36,1035
15,1082
14,1099
46,1125
28,1137
35,1138
41,1278
20,1296
9,1301
47,1365
17,1432
5,1517
24,1566
22,1586
48,1697
30,1743
2,1745
50,1898
40,1902
1,1966
8,2052
25,2205
6,2298
33,2473
44,2747
3,3013
49,3292
31,3565
32,3832
27,4108
26,4495
42,4874
39,5311

simblock.block.ProofOfWorkBlock@2cbf9889:96
21,0
12,1920
34,2072
37,2115
25,2235
14,2268
16,2268
43,2317
50,2387
19,2421
10,2421
13,2426
29,2480
4,2541
45,2574
35,2686
41,2694
47,2699
15,2727
38,2816
17,2848
28,2932
20,2955
9,2958
36,2965
23,3013
2,3122
30,3167
40,3197
24,3225
11,3234
18,3319
7,3472
22,3626
48,3634
46,3778
8,3932
5,4018
31,4203
6,4432
3,4479
44,4746
1,4833
33,5018
32,5293
49,5560
27,5836
42,6217
26,6603
39,7042

simblock.block.ProofOfWorkBlock@381886f5:97
46,0
21,192
34,345
22,416
15,500
37,537
4,591
8,655
16,691
14,692
43,728
30,751
13,800
23,808
19,844
10,846
29,859
17,907
25,964
36,973
7,1060
9,1109
45,1119
12,1213
47,1246
41,1272
24,1375
28,1445
50,1451
3,1479
38,1518
48,1520
18,1603
44,1744
1,1798
27,1870
5,1900
49,2011
35,2140
31,2280
20,2418
32,2547
33,2685
42,2926
11,2950
26,3305
40,3330
2,3709
39,3747
6,4102

simblock.block.ProofOfWorkBlock@a86dc1c:98
26,0
6,389
2,664
5,939
1,1057
33,1158
36,1328
42,1339
40,1413
27,1434
32,1606
19,1714
28,1722
3,1734
35,1806
24,1823
8,1974
49,2123
20,2126
50,2155
11,2197
15,2251
31,2260
9,2268
38,2527
25,2555
12,2702
43,2812
39,2923
4,3246
47,3310
44,3697
46,3796
22,4128
29,4341
7,4553
13,4885
16,4981
37,5420
18,5453
17,5847
45,5998
21,6277
41,6705
23,7133
14,7563
10,7992
34,8420
30,8847
48,9361

simblock.block.ProofOfWorkBlock@6ca146d9:98
34,0
4,186
23,342
21,496
12,655
37,816
16,969
46,1129
19,1281
17,1434
25,1596
50,1750
33,2015
24,2289
35,2555
9,2820
31,3088
26,3469
6,3867
1,4276

simblock.block.ProofOfWorkBlock@78107aff:99
43,0
25,190
29,342
15,379
45,494
7,531
19,534
30,569
16,646
13,686
41,721
17,726
18,726
4,763
23,801
14,840
32,878
37,955
49,988
20,1037
10,1063
31,1083
50,1108
44,1144
12,1216
11,1258
28,1262
8,1263
33,1308
21,1370
26,1421
5,1438
48,1478
46,1525
38,1529
6,1540
24,1543
36,1573
34,1678
27,1797
22,1830
47,2075
3,2096
9,2362
40,2469
35,2627
1,2866
2,3016
42,3399

simblock.block.ProofOfWorkBlock@5b144f61:99
40,0
5,466
11,859
2,931
26,1206
27,1246
1,1323
49,1515
20,1594
42,1598
8,1673
15,1792
38,1985
35,1986
21,2076
47,2087
14,2098
44,2260
33,2376
28,2405
17,2414
23,2529
9,2532
3,2769
19,2831
7,2839
46,2955
24,2975
39,3159
25,3265
29,3381
45,3521
32,3556
13,3725
4,3809
12,3981
18,4068
43,4243
22,4408
34,4612
48,4773
37,4833
30,5260
10,5688

simblock.block.ProofOfWorkBlock@1f468801:100
14,0
23,192
19,348
16,418
7,500
37,538
43,578
13,609
8,652
17,690
29,691
46,730
4,731
50,814
18,883
3,951
31,956
25,974
30,1045
12,1130
9,1190
34,1198
20,1230
28,1245
10,1283
41,1351
15,1437
24,1500
1,1501
22,1506
39,1583
21,1660
38,1703
44,1772
45,1821
27,1968
11,2095
32,2233
33,2366
36,2516
35,2635
49,2782
47,2903
48,3178
42,3294
40,3560
2,3946
26,4327
5,4708
6,5104


simblock.block.ProofOfWorkBlock@2823a822:50
simblock.block.ProofOfWorkBlock@6a1ef65c:8
simblock.block.ProofOfWorkBlock@394c9284:84
simblock.block.ProofOfWorkBlock@30c716ce:36
simblock.block.ProofOfWorkBlock@1643f60a:84
simblock.block.ProofOfWorkBlock@37a156ea:65
simblock.block.ProofOfWorkBlock@51dc0bd7:80
simblock.block.ProofOfWorkBlock@1c9c3797:88
simblock.block.ProofOfWorkBlock@63237b2e:68
simblock.block.ProofOfWorkBlock@91d1d53:85
simblock.block.ProofOfWorkBlock@2062f7f2:69
simblock.block.ProofOfWorkBlock@ca8d77d:62
simblock.block.ProofOfWorkBlock@7b7ec3e7:64
simblock.block.ProofOfWorkBlock@7a40a0d9:87
simblock.block.ProofOfWorkBlock@78e99576:83
simblock.block.ProofOfWorkBlock@3eabe84a:7
simblock.block.ProofOfWorkBlock@3be22500:33
simblock.block.ProofOfWorkBlock@44ac74ce:89
simblock.block.ProofOfWorkBlock@516edacb:60
simblock.block.ProofOfWorkBlock@79fcd194:16
simblock.block.ProofOfWorkBlock@12bc9450:34
simblock.block.ProofOfWorkBlock@7023f6c:54
simblock.block.ProofOfWorkBlock@87fdcd1:57
simblock.block.ProofOfWorkBlock@73971965:8
simblock.block.ProofOfWorkBlock@2fb5e706:26
simblock.block.ProofOfWorkBlock@5b144f61:99
simblock.block.ProofOfWorkBlock@6ca146d9:98
simblock.block.ProofOfWorkBlock@4046e87d:59
simblock.block.ProofOfWorkBlock@136bb4b:53
22
3418

BUILD SUCCESSFUL in 10s
2 actionable tasks: 2 executed
