> Task :simulator:compileJava
> Task :simulator:processResources NO-SOURCE
> Task :simulator:classes

> Task :simulator:run
simblock.block.ProofOfWorkBlock@cc34f4d:0
40,0
790,49
763,63
1701,80
1254,116
993,130
1334,139
1508,145
1969,160
491,165
1884,176
1861,177
1735,184
1242,191
1033,195
994,196
1095,198
621,200
387,207
897,210
486,212
278,213
958,215
1688,219
916,224
1557,225
464,227
41,228
1355,229
969,230
499,238
1591,238
233,239
72,240
143,242
56,242
1943,243
193,244
1071,246
1925,246
948,248
445,250
1384,256
201,258
895,258
1229,258
377,261
904,262
812,263
1112,264
1048,265
1783,265
837,266
1503,272
24,274
484,274
1437,276
1905,279
1327,279
1706,280
150,281
1449,283
870,284
92,285
109,286
1046,286
1287,287
1533,287
1018,288
549,288
1705,288
1868,289
1444,290
845,290
1085,291
1385,291
254,292
1696,293
1855,293
1251,294
1010,294
1230,295
1493,296
888,297
922,298
872,300
300,300
1134,302
1913,303
37,304
1370,305
1512,305
1357,305
1549,306
1777,306
771,306
1315,306
1916,306
1052,308
1003,308
1690,310
1197,310
1341,310
1272,312
734,313
406,313
672,313
878,313
1222,314
1827,314
579,314
186,314
1319,315
743,315
634,316
844,316
1380,317
731,317
325,318
1741,320
1190,320
331,320
816,320
658,321
853,321
1266,321
295,321
647,322
902,323
1176,324
863,324
513,326
1396,326
989,326
403,327
1964,328
1009,328
1178,328
687,328
1623,329
1605,329
1098,329
334,329
357,329
1472,331
271,331
551,332
632,332
860,332
598,333
1410,334
420,334
885,336
1672,336
1104,336
1511,338
436,338
309,339
1853,339
1968,340
477,341
1908,341
310,341
199,341
1859,341
21,342
1017,342
946,343
641,343
121,343
1107,344
1290,344
889,344
659,345
1347,345
454,345
1314,345
1610,346
141,346
521,346
1824,346
1392,347
762,347
1555,347
324,348
1900,348
1826,348
447,349
284,349
1849,350
807,351
859,351
1544,351
241,351
602,352
1062,352
1302,353
1461,354
637,355
510,355
804,355
941,355
1978,356
356,356
626,356
636,357
89,357
507,357
142,357
1194,357
1886,358
222,358
1187,358
260,358
617,358
705,359
267,360
424,360
1778,361
1821,361
1876,361
189,361
1668,362
1528,362
1080,362
1394,362
644,362
703,363
1732,363
1028,363
1702,363
1872,364
1476,364
1874,364
711,364
1902,364
1779,364
538,365
1069,365
543,365
400,365
495,365
44,365
1208,366
1776,366
1475,367
673,367
1867,368
1720,368
1909,369
1592,369
144,370
834,370
1213,370
139,370
1083,370
481,371
243,371
1946,371
415,372
690,372
1664,372
359,372
124,372
1676,372
1890,372
966,372
441,373
1263,373
903,374
475,375
1554,375
1044,376
1604,376
1406,377
1281,377
1923,377
679,377
1535,377
1306,378
1704,378
323,378
1350,378
449,379
823,379
504,379
80,379
1831,379
379,380
1113,380
1482,380
536,380
654,381
963,381
1042,381
439,381
330,381
1502,381
953,381
1191,382
1684,382
49,383
1505,383
471,383
1077,383
1546,383
758,383
1115,384
215,384
1878,385
450,385
985,385
1588,385
1893,385
1333,385
1280,385
182,386
456,387
208,388
1405,388
1376,388
1029,388
354,389
1328,390
1624,390
280,390
248,391
1313,391
1146,391
1957,391
279,391
1193,392
1283,392
592,392
1531,392
370,392
251,392
769,392
1020,392
54,392
1043,393
1132,393
1381,393
238,393
1765,393
170,393
453,394
1518,394
237,394
1265,394
1023,394
84,394
1026,395
304,395
1768,395
1325,395
1594,395
105,395
876,395
540,396
560,396
1074,396
1895,397
1639,397
1959,397
1845,397
1330,398
1740,398
1119,398
1536,398
1000,399
30,399
562,399
136,400
1276,400
419,400
1245,400
1792,400
1875,400
681,401
270,401
1695,401
1423,402
1709,402
412,403
1899,403
262,403
808,403
1312,403
713,403
516,403
1413,404
1750,404
259,404
342,404
578,404
918,405
967,405
1612,405
1288,406
1398,406
1246,406
697,406
268,407
571,407
1123,407
351,407
426,407
1239,408
1524,408
467,408
1012,408
204,408
1798,409
364,409
494,409
353,409
1600,409
1982,409
890,409
628,409
1364,410
195,410
1745,410
558,411
788,411
1235,411
1154,411
1203,411
326,412
281,412
565,412
1377,412
81,412
244,412
1896,412
1171,412
817,412
1416,413
555,414
1757,414
557,414
761,414
38,415
811,415
430,416
151,416
651,416
1499,416
1226,416
813,416
929,416
228,416
1457,416
1079,417
1481,417
214,417
1002,417
1483,417
1016,417
559,417
1980,417
1520,417
20,418
926,418
873,418
1202,418
1726,418
1038,418
699,419
446,419
852,419
862,419
586,419
1262,420
1931,421
1294,421
171,422
1403,422
961,422
1638,422
742,422
91,422
745,422
1037,422
229,423
754,423
1542,423
45,423
1616,424
1076,424
1547,424
825,424
1608,424
1271,424
1725,424
732,425
606,425
847,425
503,425
1317,425
113,425
1136,426
1164,426
1409,426
1150,426
1199,426
476,426
655,427
1975,427
936,427
990,427
130,427
1682,429
677,429
1774,430
1523,430
127,430
460,430
1464,431
1915,431
156,431
1658,431
1086,431
397,432
1041,432
1421,432
796,432
846,432
1304,433
795,433
1992,433
1721,433
1036,433
1571,433
119,433
1707,434
925,434
1743,434
1259,434
1543,434
919,434
392,434
371,435
940,435
1004,435
740,435
640,435
274,435
737,435
1947,435
1256,435
115,436
341,437
1724,437
806,437
982,439
1635,439
85,439
1025,439
1742,439
1011,439
285,440
277,440
691,440
318,440
29,440
527,440
246,440
1693,441
726,441
1749,442
1575,442
307,442
977,442
293,443
1564,443
1161,443
605,443
158,443
128,444
79,444
1988,444
1090,444
1843,445
577,445
1422,445
384,445
308,445
1598,446
266,446
498,446
1734,446
901,447
1427,447
583,448
501,448
1865,448
843,448
1802,448
1823,448
1343,449
1467,449
1912,449
505,449
496,450
1976,450
1963,450
1211,450
1168,451
247,451
772,451
1072,451
1060,451
965,451
316,451
1057,451
1141,451
1939,452
147,452
791,452
349,453
1267,453
815,453
1374,453
1762,454
394,454
1653,454
1105,455
1556,455
1834,456
1675,456
1462,456
839,457
206,457
1903,457
1310,458
938,459
369,459
1948,459
614,459
1504,460
120,460
82,460
1869,461
1586,461
1967,461
548,461
1114,462
1769,462
1597,463
1565,464
1417,464
1147,464
934,465
1501,465
96,465
1820,465
1258,466
601,466
1268,467
468,467
951,467
451,467
1951,467
1744,467
1082,468
1270,468
332,468
352,469
60,469
1373,469
1825,469
1260,469
135,470
1207,470
1008,470
596,470
1142,471
1404,471
335,472
1454,472
1470,473
945,473
1495,473
1530,473
88,474
1806,474
434,474
4,474
568,474
1224,475
1395,476
892,477
1196,478
311,478
1772,478
797,478
1928,479
395,480
110,480
760,480
1363,481
381,481
1492,482
15,483
595,483
1857,483
1047,484
1428,484
1922,485
1755,486
1159,486
630,486
252,486
1574,488
385,488
1983,488
1353,489
793,489
483,490
1911,490
8,490
523,491
629,492
1936,492
616,492
1713,493
794,493
1719,494
126,494
1529,494
1356,495
1981,495
6,496
959,496
366,496
1810,500
211,501
924,503
78,503
194,503
7,503
1250,503
389,504
500,504
954,504
572,504
1485,505
1278,506
1209,506
1298,506
879,506
826,506
1255,507
1839,510
733,510
345,510
933,513
1326,513
36,514
1471,514
765,515
256,515
553,516
1866,517
404,521
1456,521
1366,522
1407,522
1954,522
1234,522
787,523
53,523
1877,523
339,525
373,525
437,527
1687,527
1990,527
173,529
567,529
980,531
714,531
1131,532
1035,536
1930,536
1309,541
1303,541
657,541
1102,542
1027,543
1648,546
1882,547
1440,551
276,552
1293,554
840,563
1088,563
391,564
261,565
780,570
675,571
1966,573
686,573
1337,578
337,579
322,586
137,586
1124,586
1435,590
976,590
1173,593
1665,593
470,596
532,596
1942,603
1917,604
700,608
730,608
692,611
803,612
2000,615
671,617
593,619
824,623
443,627
169,627
1274,632
962,634
1699,635
656,642
198,652
1348,653
537,654
1739,654
770,657
978,672
1646,673
547,676
185,678
212,678
1198,682
1829,682
511,683
1452,685
1323,685
1551,690
22,692
1803,692
52,694
995,700
1673,700
1188,701
757,701
1093,701
1974,702
1801,706
1182,708
1022,708
435,709
386,710
428,711
1715,714
462,714
850,714
908,717
207,717
1819,717
1497,717
971,718
363,720
1521,723
718,723
290,724
1894,724
1149,724
1996,724
421,724
413,726
1180,726
107,727
849,727
1880,728
838,728
721,729
615,731
100,732
1419,732
176,732
773,733
1108,733
855,734
533,734
719,734
1106,734
682,735
1545,737
905,738
179,738
401,739
1970,739
257,740
594,740
891,740
1390,741
519,741
680,741
98,743
75,743
746,744
455,745
1389,745
1935,747
1228,750
1987,752
1024,752
1308,752
1760,753
31,753
328,754
1576,754
939,756
1007,758
1881,758
1723,758
164,758
1885,758
1860,759
1640,759
1562,759
822,760
1662,760
750,760
1129,762
1517,763
50,763
1507,764
493,764
1540,764
1904,764
1780,764
877,765
183,765
106,766
358,766
1359,767
1789,767
1295,767
1971,769
1506,769
1116,769
418,770
1952,772
667,772
159,772
63,772
1938,772
459,773
717,776
1830,777
755,777
1175,777
1459,778
1596,778
376,779
1805,780
1647,780
1817,780
669,780
1130,781
1563,781
535,782
180,784
759,784
1382,786
514,786
18,788
1841,789
1965,790
1441,790
140,791
1160,791
62,792
716,793
86,794
1595,795
283,795
1984,796
466,800
327,800
1519,800
1215,801
116,803
1727,805
1166,806
1477,809
603,810
529,810
411,812
554,813
1679,815
1167,815
138,818
981,819
821,820
1487,820
709,821
1678,823
1785,824
1689,826
599,826
292,827
728,827
1862,828
515,828
1814,829
801,829
1889,833
1791,833
301,836
1064,837
1680,837
1165,839
1218,841
1567,842
232,842
528,844
225,845
1368,845
1371,845
165,846
805,846
1655,848
231,849
1924,849
1716,850
43,851
1979,853
627,853
580,854
59,854
1099,856
1442,856
1937,856
1718,857
585,860
1746,861
1063,864
1525,865
1494,866
160,866
1921,868
398,871
678,871
1360,871
1710,872
39,873
1538,874
23,875
1717,882
830,884
42,885
409,885
1070,885
1014,887
534,888
1140,888
1184,889
408,890
70,891
1514,891
1490,891
661,893
1883,894
1121,896
1305,896
1510,898
1566,899
1383,900
923,901
313,903
857,904
1087,904
1056,905
1641,905
1607,906
1273,906
1264,906
944,910
1541,914
819,915
374,918
1628,919
1050,920
584,926
166,927
1560,930
930,934
848,938
1552,939
607,940
112,940
1135,941
442,943
314,943
693,943
1771,945
1049,948
1163,955
1534,956
1322,960
1906,962
774,963
1478,965
457,965
907,966
463,966
321,972
1277,976
1367,979
1910,979
842,980
1685,981
611,983
288,983
799,985
1488,985
520,986
1960,989
1241,995
789,995
1300,996
1061,997
1039,998
1148,999
619,1002
875,1002
1219,1002
1084,1006
753,1008
1362,1009
1660,1009
1686,1009
1926,1010
786,1011
1489,1012
368,1013
1352,1016
83,1016
1728,1017
1486,1017
203,1019
1879,1020
1667,1021
1694,1021
1172,1021
1782,1024
1590,1026
48,1026
874,1026
1204,1027
258,1027
213,1031
715,1031
1133,1033
783,1035
723,1040
1593,1040
77,1041
1748,1041
1553,1041
1001,1045
1788,1045
1945,1048
26,1050
986,1050
1793,1052
365,1052
1110,1052
1651,1054
263,1055
867,1057
722,1062
13,1066
974,1068
61,1072
707,1072
1599,1072
1513,1072
1248,1075
224,1075
784,1076
1579,1076
375,1076
1400,1076
1606,1077
841,1078
1282,1078
1927,1080
928,1080
1995,1083
492,1083
1570,1084
911,1084
117,1085
1344,1087
155,1088
776,1090
915,1091
1522,1091
739,1095
1096,1095
1005,1096
479,1097
74,1098
1787,1098
1369,1100
1030,1102
478,1102
1873,1103
913,1105
1073,1105
1081,1106
833,1106
778,1107
1770,1108
64,1109
1858,1110
575,1112
1516,1113
1474,1114
95,1117
131,1118
1185,1119
172,1120
153,1120
1835,1121
653,1121
1669,1122
76,1122
1708,1123
1585,1124
1231,1126
727,1127
1674,1127
706,1128
177,1128
1833,1131
1179,1133
531,1137
1626,1137
650,1138
497,1138
639,1139
623,1141
996,1141
433,1142
767,1147
1289,1150
1681,1150
250,1151
881,1151
865,1152
785,1152
1249,1153
71,1154
631,1155
775,1155
1630,1157
196,1159
1177,1160
1453,1161
1731,1163
1999,1164
12,1166
581,1173
695,1176
282,1177
1466,1179
1189,1180
1644,1182
777,1183
1075,1185
999,1186
1828,1187
512,1187
1217,1188
1238,1189
685,1189
1753,1189
94,1195
1994,1199
99,1201
1244,1201
882,1203
1424,1206
312,1212
620,1212
1285,1214
108,1215
1934,1215
1318,1215
1953,1215
1940,1218
1479,1220
1807,1221
1933,1222
378,1224
66,1224
1754,1225
255,1226
612,1227
997,1228
1151,1229
452,1231
720,1232
633,1233
103,1234
1712,1235
1572,1237
396,1238
148,1239
344,1243
1122,1245
47,1246
814,1251
1465,1254
809,1255
197,1256
73,1258
1109,1259
188,1261
522,1262
949,1264
983,1266
564,1266
932,1267
1813,1269
1181,1273
402,1276
1157,1276
485,1277
880,1280
1054,1281
1629,1282
624,1283
1414,1283
1649,1284
1015,1284
1429,1285
101,1287
487,1287
1301,1288
1316,1289
1700,1297
1786,1306
111,1306
1067,1309
1426,1313
810,1314
736,1314
643,1314
646,1315
191,1315
573,1319
1443,1319
856,1319
1691,1322
297,1324
937,1326
1766,1326
417,1326
440,1327
1111,1327
34,1329
1613,1330
1045,1330
1580,1335
490,1336
181,1343
230,1345
1223,1349
1158,1349
563,1352
317,1356
798,1359
979,1359
1391,1360
1790,1360
1051,1362
361,1363
245,1370
1145,1371
1870,1371
265,1377
1797,1379
1432,1381
886,1383
205,1387
1578,1391
648,1391
129,1391
820,1392
1496,1393
14,1397
333,1400
1509,1401
1411,1402
688,1408
1237,1410
51,1416
1993,1416
968,1419
1221,1419
590,1420
1809,1421
444,1422
957,1424
1625,1426
69,1432
1013,1432
1582,1434
893,1436
272,1437
220,1440
910,1440
766,1440
57,1441
1799,1442
570,1443
154,1443
286,1445
488,1447
273,1447
343,1448
956,1450
665,1451
561,1451
1183,1451
249,1453
1670,1454
67,1455
1956,1455
1433,1455
1561,1456
1775,1457
405,1458
1962,1458
68,1459
1320,1460
1210,1460
1247,1461
458,1461
174,1463
701,1464
827,1464
869,1467
829,1469
388,1469
1214,1469
1583,1470
1537,1471
1645,1473
1888,1473
269,1474
58,1474
1089,1474
1349,1474
1758,1477
253,1479
227,1480
1609,1481
289,1482
1650,1482
1,1482
1846,1482
702,1485
1714,1487
1446,1488
502,1489
972,1489
1815,1489
1711,1489
1736,1490
1729,1490
1991,1490
1901,1490
1767,1490
1455,1491
1773,1492
414,1493
943,1494
146,1496
1527,1496
1998,1499
235,1503
217,1504
1703,1506
319,1508
1661,1508
1120,1508
955,1508
1286,1509
1206,1509
921,1511
698,1512
1617,1514
1847,1516
1420,1516
1393,1516
518,1519
152,1520
1257,1520
1186,1521
1918,1521
1240,1521
666,1521
1138,1521
917,1524
46,1526
1346,1530
1887,1531
887,1531
1261,1532
1989,1532
422,1534
1059,1534
1399,1535
1425,1536
347,1537
662,1538
1388,1539
635,1541
1152,1541
1279,1542
1118,1548
168,1549
539,1550
1985,1551
210,1553
1034,1554
613,1557
1484,1559
1299,1560
894,1561
221,1563
410,1564
1584,1572
1977,1573
1091,1574
1227,1574
1663,1575
167,1578
642,1581
275,1585
674,1588
970,1590
764,1593
1747,1597
1451,1597
542,1600
298,1601
1832,1601
1955,1603
960,1605
1642,1607
114,1609
1402,1612
1619,1614
588,1616
1840,1618
638,1620
35,1622
1092,1624
663,1625
1850,1629
1581,1633
223,1634
1602,1636
1450,1638
1929,1639
694,1641
1169,1642
756,1642
1103,1642
461,1644
1848,1645
729,1645
380,1649
10,1651
1430,1652
1756,1652
1949,1653
556,1657
1275,1664
725,1666
149,1668
1838,1672
1354,1673
1659,1677
1897,1678
741,1686
524,1687
550,1687
427,1689
1796,1689
240,1689
1697,1691
1174,1693
1170,1696
161,1704
1864,1705
782,1708
132,1712
544,1713
1358,1717
234,1721
299,1726
1844,1727
1065,1728
689,1731
1342,1733
1448,1736
1021,1736
625,1738
1891,1741
1559,1743
346,1746
1632,1747
27,1749
1871,1754
738,1754
1920,1759
348,1760
1439,1761
1445,1763
1569,1768
1128,1768
818,1769
1335,1770
1677,1772
597,1772
1473,1778
1434,1778
1458,1779
1296,1781
1436,1783
2,1792
202,1792
868,1793
609,1794
987,1795
1397,1796
1324,1800
163,1804
1730,1806
1611,1806
65,1808
1153,1813
1892,1815
942,1817
1378,1817
920,1817
792,1818
1216,1818
1491,1819
104,1822
964,1822
1066,1828
432,1829
710,1837
1192,1840
1205,1844
1852,1845
1212,1846
399,1849
1361,1864
1784,1865
1144,1871
1794,1871
1986,1874
157,1877
912,1877
291,1879
438,1881
1365,1882
950,1883
992,1887
900,1887
1155,1900
294,1900
898,1902
751,1906
747,1909
866,1924
1550,1925
1143,1931
591,1931
118,1933
1375,1934
219,1935
362,1936
125,1940
574,1945
1127,1951
1627,1953
861,1954
305,1955
676,1958
664,1960
735,1966
506,1977
1126,1978
864,1980
184,1983
1836,1986
1863,1988
390,1989
831,1992
836,1994
1292,2012
1125,2012
509,2015
1253,2022
546,2036
1068,2038
303,2040
1006,2042
984,2045
1100,2051
178,2051
1666,2053
1621,2057
145,2059
1500,2060
1156,2062
569,2065
1614,2069
1652,2072
1336,2077
991,2082
416,2090
1094,2097
1460,2098
1139,2101
1055,2105
645,2110
1837,2112
1972,2112
752,2117
474,2119
1919,2129
1671,2135
1631,2137
1078,2142
1468,2144
1480,2149
576,2156
1804,2165
1236,2166
17,2170
947,2172
239,2173
1447,2186
1781,2190
1401,2192
11,2192
1053,2194
336,2196
1031,2197
190,2198
469,2202
652,2214
541,2219
704,2226
927,2234
1997,2238
600,2242
133,2244
622,2258
768,2259
1307,2269
473,2270
1854,2275
660,2278
1958,2286
1752,2287
1811,2290
90,2300
604,2308
1331,2319
545,2323
350,2324
1914,2325
123,2333
832,2333
1386,2358
175,2360
393,2362
1101,2362
1698,2367
1345,2367
858,2369
1577,2387
355,2388
1032,2396
683,2396
835,2407
425,2407
236,2410
1515,2431
407,2432
582,2436
668,2438
1232,2439
530,2443
1220,2453
187,2453
162,2455
1233,2460
1643,2460
1225,2472
465,2478
883,2480
122,2480
1201,2484
32,2485
472,2485
423,2500
1657,2506
608,2523
1200,2527
216,2528
1759,2530
1950,2533
744,2544
1812,2547
871,2555
1800,2560
1195,2565
340,2569
87,2589
296,2600
1737,2606
1822,2607
1338,2621
1243,2622
1601,2625
1633,2626
1618,2628
1438,2639
712,2643
1297,2655
382,2670
589,2674
1932,2676
1683,2676
899,2680
1339,2680
1856,2684
1656,2693
748,2695
1898,2698
1408,2698
1415,2704
480,2704
1291,2705
93,2707
1117,2722
1620,2730
25,2734
998,2734
489,2735
1379,2738
134,2738
3,2740
192,2750
1372,2771
914,2808
1539,2809
315,2841
1340,2846
431,2851
1818,2856
525,2861
209,2864
1463,2879
338,2884
1751,2912
287,2918
226,2926
33,2936
508,2936
1162,2939
1808,2952
302,2962
973,2973
1603,2975
1573,2979
526,2980
1351,2987
1637,2989
1851,2991
800,3007
708,3010
1941,3013
329,3015
482,3067
320,3071
367,3085
1761,3101
1548,3107
372,3129
587,3152
828,3152
1019,3161
242,3186
517,3189
28,3197
55,3225
724,3226
1795,3228
851,3251
1284,3257
552,3268
884,3271
1973,3304
649,3305
906,3307
1321,3311
1329,3322
1431,3332
566,3337
779,3355
1526,3355
1418,3415
975,3456
696,3460
1587,3467
1738,3470
19,3476
1469,3476
684,3483
1269,3486
1040,3500
1387,3536
1558,3546
909,3547
1097,3571
1412,3593
200,3599
448,3649
5,3679
1634,3713
1944,3714
618,3722
1137,3728
16,3754
1692,3769
1961,3781
802,3785
1816,3787
670,3802
429,3810
383,3853
1763,3882
102,3890
97,3921
306,3952
1252,3959
1636,4053
1332,4083
896,4090
360,4128
1532,4144
1654,4196
610,4253
1498,4255
1615,4326
1907,4389
1842,4402
264,4424
9,4460
1589,4636
1764,4737
781,4841
988,4841
1622,4857
952,4869
1058,4987
1568,5081
1311,5097
935,5227
854,5233
218,5615
931,5919
749,6170
1722,6651
1733,6952

simblock.block.ProofOfWorkBlock@13d50250:1
148,0
639,210
178,403
749,417
1387,683
196,688
32,694
1386,779
1311,787
1111,810
1006,852
777,853
145,881
1322,893
383,902
1342,928
1796,930
1816,956
22,964
61,968
866,969
642,976
382,979
800,979
1496,1000
1836,1015
535,1015
633,1017
1487,1018
1717,1020
1881,1039
1714,1040
1152,1043
103,1050
408,1053
667,1054
291,1074
848,1081
490,1085
1603,1085
482,1089
1906,1091
213,1091
722,1092
409,1092
1064,1100
1024,1120
554,1120
337,1129
1534,1130
1829,1135
908,1138
852,1148
1754,1160
1767,1162
183,1162
116,1165
1103,1170
185,1170
968,1174
1393,1174
1803,1176
710,1177
153,1178
785,1179
1932,1180
1323,1183
1607,1183
438,1185
417,1186
1174,1192
1560,1197
1316,1200
819,1203
1966,1203
976,1204
1106,1206
414,1206
1477,1206
631,1207
817,1209
1406,1212
1595,1214
874,1214
224,1214
1627,1215
1087,1216
1188,1217
1878,1227
1191,1227
828,1231
101,1231
1765,1231
231,1234
3,1237
118,1240
249,1243
50,1246
707,1248
1769,1249
1681,1250
526,1251
396,1253
1217,1253
1219,1258
736,1258
273,1260
1200,1262
755,1263
1510,1266
342,1267
928,1269
422,1271
582,1271
610,1276
1427,1276
723,1276
1274,1278
1142,1279
712,1279
1710,1280
692,1280
884,1282
306,1283
1675,1283
282,1284
188,1285
376,1286
645,1287
1297,1290
1093,1290
1715,1290
503,1291
1904,1292
603,1295
1329,1295
1891,1295
301,1296
588,1297
1691,1300
1575,1302
69,1305
1832,1305
65,1306
1361,1306
281,1308
718,1309
799,1309
1413,1312
593,1313
576,1314
59,1314
1935,1315
823,1315
1382,1316
1746,1318
48,1319
664,1321
594,1321
1400,1321
1630,1322
39,1322
9,1323
1979,1324
1593,1324
585,1324
1787,1324
1728,1325
245,1327
808,1328
798,1328
1865,1328
1458,1329
735,1331
1121,1331
1480,1331
857,1331
1488,1331
480,1332
1233,1332
1166,1333
1540,1333
650,1334
1279,1335
774,1340
1542,1341
1924,1343
1421,1343
1670,1343
1422,1343
1519,1345
394,1346
663,1346
1002,1347
436,1350
1938,1352
717,1353
767,1354
1481,1355
351,1356
1828,1358
1844,1359
1577,1359
240,1360
881,1362
14,1362
1739,1362
902,1362
128,1363
190,1363
620,1363
1644,1364
742,1364
274,1365
842,1365
1517,1366
1445,1366
689,1366
1362,1366
1580,1367
1949,1368
1118,1368
374,1368
532,1369
1353,1371
944,1371
1835,1372
487,1373
1055,1373
481,1374
1845,1375
1781,1376
307,1377
1663,1378
1685,1378
744,1379
1435,1380
1588,1381
193,1381
954,1381
212,1381
105,1384
78,1384
25,1384
1368,1385
1325,1386
1626,1386
1538,1386
205,1387
1289,1390
1657,1390
651,1390
1298,1390
1331,1391
367,1391
1449,1391
1167,1392
1140,1393
1261,1393
1545,1393
945,1394
384,1394
236,1395
136,1396
1855,1396
1360,1396
1001,1396
398,1397
1179,1397
445,1397
569,1398
402,1399
548,1399
114,1399
1862,1400
1879,1404
821,1404
43,1405
1970,1406
730,1406
1170,1406
1885,1407
1419,1408
88,1408
45,1408
435,1408
527,1409
1941,1409
1813,1409
135,1410
1718,1410
1276,1411
1640,1411
142,1411
678,1412
1148,1412
830,1412
971,1413
836,1414
549,1414
1884,1415
1278,1416
13,1416
1615,1417
1163,1418
753,1419
262,1420
1165,1420
1825,1421
1784,1421
520,1422
605,1423
1411,1424
1259,1424
893,1426
160,1426
1991,1426
1748,1428
1548,1428
1819,1429
1860,1430
825,1431
606,1431
439,1432
1036,1434
1598,1434
1144,1435
1183,1435
313,1435
814,1436
1573,1436
1983,1436
693,1437
275,1437
264,1438
1155,1438
838,1439
138,1439
859,1439
1658,1440
1160,1440
495,1440
1193,1441
681,1441
702,1441
476,1441
1159,1441
1355,1442
1039,1442
1673,1442
995,1443
2000,1443
265,1443
147,1443
171,1443
791,1444
1604,1445
395,1445
1072,1446
1641,1446
1451,1446
391,1446
829,1446
1846,1446
1180,1447
1168,1447
1326,1447
552,1448
1880,1448
203,1448
682,1448
1785,1448
1760,1449
1056,1449
165,1450
377,1450
715,1451
750,1451
1206,1451
267,1452
277,1452
1971,1452
1241,1452
1022,1452
728,1454
1856,1454
1614,1454
1788,1455
164,1456
1609,1456
1890,1456
1623,1457
1743,1457
1772,1457
299,1459
1104,1459
1478,1459
356,1460
1176,1461
1117,1461
1900,1462
1383,1462
566,1462
1388,1462
687,1462
1204,1462
1201,1463
1330,1463
1642,1463
619,1463
371,1463
826,1463
806,1463
1543,1465
625,1465
1823,1465
1619,1466
1453,1466
1599,1468
996,1468
832,1469
132,1470
1182,1471
1730,1472
601,1472
771,1473
1171,1473
553,1473
1237,1473
1288,1475
1132,1475
991,1475
636,1476
1842,1476
583,1476
1555,1476
672,1476
1756,1476
740,1477
1215,1477
1797,1477
1986,1478
1894,1478
1925,1478
1371,1478
1045,1479
443,1479
952,1479
1974,1479
453,1479
921,1479
602,1481
451,1481
1010,1481
1605,1481
1973,1481
258,1481
1990,1483
1708,1483
1959,1483
397,1484
320,1484
621,1484
1645,1484
858,1485
1253,1485
609,1485
1689,1485
1130,1485
1567,1486
616,1487
999,1487
1113,1487
1525,1487
1883,1488
1764,1488
1494,1489
460,1489
1662,1489
471,1489
660,1489
1491,1489
1240,1490
1802,1490
580,1491
1734,1492
1370,1492
81,1492
1439,1493
807,1493
1211,1493
44,1493
958,1493
1300,1494
1770,1494
544,1494
706,1494
1365,1494
1057,1495
1149,1495
1727,1496
454,1496
410,1496
1058,1497
850,1497
737,1498
514,1498
555,1499
1291,1500
1262,1500
379,1500
1463,1500
894,1500
1046,1503
1390,1503
1960,1504
1029,1505
1504,1506
673,1507
362,1507
1667,1507
1547,1507
120,1508
1154,1509
353,1509
1263,1510
1922,1511
719,1511
1185,1513
529,1513
1305,1513
327,1514
477,1514
1244,1514
513,1515
167,1515
483,1515
28,1515
278,1515
1466,1515
1967,1515
903,1516
1587,1516
1821,1516
294,1518
440,1519
75,1519
170,1519
97,1520
813,1520
1513,1520
1070,1521
986,1522
1282,1522
1562,1522
1817,1522
266,1522
900,1523
766,1523
305,1523
1690,1523
293,1523
1203,1524
757,1524
1521,1524
98,1524
1705,1524
1947,1525
973,1526
592,1527
1460,1528
772,1528
1824,1529
1735,1530
225,1531
1753,1531
563,1531
1676,1531
711,1532
1964,1533
1205,1534
571,1535
237,1535
1566,1535
1385,1535
1586,1535
1009,1536
1737,1536
1127,1537
597,1537
1367,1537
1937,1537
922,1538
106,1538
187,1538
1530,1539
761,1539
104,1540
843,1540
586,1544
1161,1546
1812,1546
1750,1547
381,1547
891,1547
994,1547
812,1547
1661,1551
40,1552
1065,1552
1892,1552
92,1554
875,1554
469,1554
23,1555
607,1555
708,1555
461,1555
963,1557
1621,1557
268,1558
919,1558
1840,1558
413,1559
486,1560
525,1560
66,1560
159,1561
318,1561
671,1561
917,1561
1660,1564
1505,1565
1761,1565
404,1566
1369,1567
1918,1567
1181,1568
1125,1569
1719,1569
622,1570
1307,1571
1903,1572
1239,1572
233,1572
386,1572
85,1573
930,1573
1854,1573
1135,1573
1157,1574
1726,1574
1242,1574
411,1575
886,1575
55,1575
758,1576
989,1577
1919,1578
793,1580
504,1580
1951,1580
415,1580
199,1580
759,1584
1101,1585
1596,1585
1352,1585
442,1586
861,1588
1697,1589
1062,1590
1309,1591
534,1591
280,1591
1616,1591
1049,1591
1729,1591
912,1592
38,1593
1337,1594
909,1595
1269,1595
1678,1595
141,1595
1489,1596
428,1596
700,1597
1350,1597
505,1597
756,1598
133,1598
335,1599
577,1599
314,1599
389,1600
1038,1601
139,1602
877,1603
1225,1603
1392,1603
924,1604
1469,1605
1277,1605
1052,1605
1940,1606
1430,1607
703,1607
140,1608
948,1609
1467,1609
169,1611
1395,1611
1646,1611
79,1612
1110,1613
1440,1614
1079,1615
1228,1615
589,1615
1207,1615
1373,1616
1826,1618
564,1621
1512,1623
611,1623
1992,1625
127,1625
1317,1625
1897,1626
1945,1627
151,1628
73,1629
720,1630
421,1632
162,1633
615,1635
1552,1635
433,1637
457,1639
186,1640
107,1641
1437,1642
1602,1642
179,1643
729,1643
1736,1643
1051,1644
64,1644
764,1644
1954,1644
1403,1644
181,1645
557,1645
1716,1646
143,1646
537,1647
1731,1648
194,1648
252,1648
499,1648
1766,1651
1020,1651
1793,1651
355,1652
1092,1653
1858,1653
661,1657
1901,1657
1346,1658
809,1658
947,1659
298,1663
1250,1664
1508,1667
885,1667
1653,1670
27,1671
646,1671
5,1672
300,1673
1063,1673
96,1674
455,1675
1984,1677
325,1677
1786,1677
978,1678
657,1679
1942,1679
1264,1683
1156,1683
1112,1683
1923,1686
1768,1686
929,1689
1523,1689
1914,1690
1687,1690
338,1691
176,1693
1804,1695
1591,1696
1456,1699
217,1700
1721,1700
1514,1701
1800,1701
1916,1701
1713,1702
430,1707
285,1708
686,1708
131,1708
600,1708
1896,1710
322,1711
1624,1712
796,1714
1839,1714
1810,1716
316,1717
1417,1719
1762,1719
985,1720
72,1724
1484,1725
1189,1725
1428,1726
373,1727
1720,1728
1866,1728
1807,1729
1295,1730
343,1731
1877,1731
259,1732
916,1732
951,1734
1556,1734
1550,1735
768,1738
130,1738
334,1739
822,1739
47,1740
870,1740
887,1740
1524,1741
1335,1741
1222,1744
1511,1747
993,1747
1724,1748
452,1749
1308,1752
1334,1754
1008,1756
369,1756
494,1757
1047,1757
1372,1757
1501,1758
654,1762
1680,1763
420,1764
1931,1764
932,1767
967,1767
1003,1769
86,1770
1345,1771
1594,1773
567,1774
1563,1775
925,1775
368,1776
1471,1777
1224,1778
1637,1778
71,1779
787,1779
860,1781
1169,1782
1266,1783
675,1783
363,1786
304,1786
150,1786
1648,1788
401,1789
1256,1790
1792,1792
52,1795
658,1796
1910,1796
765,1796
1606,1797
1333,1799
63,1799
1119,1799
1695,1800
1801,1801
1723,1801
1464,1802
1749,1802
824,1803
425,1805
447,1806
1197,1806
339,1807
1688,1808
1446,1808
1509,1809
156,1810
378,1811
459,1811
1109,1812
1267,1814
155,1815
1098,1817
855,1817
1175,1818
1249,1819
256,1819
1780,1819
628,1820
464,1822
1043,1822
405,1822
923,1823
851,1824
1408,1825
470,1827
980,1831
1260,1831
528,1834
1187,1835
1620,1835
965,1835
95,1835
241,1836
1834,1837
1486,1838
1852,1839
1482,1840
931,1840
1499,1840
15,1842
1407,1842
1507,1843
223,1846
762,1847
1722,1848
598,1848
1454,1848
243,1849
1533,1849
630,1855
1495,1855
1857,1856
214,1856
406,1859
878,1861
1850,1861
581,1861
491,1862
1011,1862
180,1863
846,1863
1255,1864
1976,1866
1272,1867
1150,1867
1391,1870
1243,1870
466,1871
1067,1871
1913,1872
721,1872
926,1873
1141,1874
515,1874
574,1877
613,1878
352,1879
627,1880
1895,1881
1448,1882
518,1882
1381,1884
969,1886
1618,1887
801,1887
990,1889
677,1889
146,1890
1184,1890
1275,1896
1441,1897
901,1897
975,1898
1319,1899
849,1900
18,1901
694,1903
1048,1904
670,1907
424,1908
946,1909
1434,1910
1965,1912
235,1915
288,1915
158,1915
90,1915
54,1916
1348,1924
1085,1925
244,1928
400,1929
810,1929
270,1931
144,1931
239,1933
1643,1934
222,1938
163,1939
1147,1939
497,1942
100,1942
1338,1942
716,1945
1948,1948
1711,1949
1963,1949
1773,1949
1470,1950
1473,1950
1820,1950
1213,1953
1341,1955
449,1956
1068,1957
1061,1959
296,1961
1871,1961
1074,1961
1081,1964
1751,1964
1778,1966
161,1968
392,1972
897,1974
1861,1975
626,1975
1776,1977
1069,1979
1131,1979
70,1981
578,1982
1078,1982
1571,1985
1994,1989
1592,1990
1666,1991
1396,1994
1977,1994
1953,1995
1468,1996
1536,1999
479,2000
12,2001
246,2004
184,2004
1806,2005
57,2005
649,2005
568,2006
1053,2006
773,2006
733,2008
550,2009
393,2010
1859,2011
789,2011
1073,2012
1238,2013
1985,2014
1472,2018
94,2019
725,2019
1281,2022
1004,2023
1126,2023
1397,2025
964,2027
1777,2028
1684,2029
688,2029
1930,2029
1021,2030
475,2030
117,2031
898,2032
745,2033
1091,2033
463,2036
1794,2036
1290,2038
960,2038
1887,2041
1292,2045
269,2046
695,2048
1535,2048
1128,2051
1867,2052
1700,2055
1199,2056
1378,2056
1107,2059
784,2060
1989,2061
511,2061
1465,2061
920,2065
524,2067
1196,2072
1672,2073
1999,2076
868,2076
1698,2076
913,2076
1094,2077
112,2082
632,2084
345,2084
1636,2090
1474,2090
1459,2091
1553,2093
684,2094
340,2096
358,2098
1005,2098
263,2100
1254,2102
1028,2102
538,2104
1336,2104
1869,2107
1218,2108
1568,2113
775,2115
974,2123
251,2124
988,2124
1015,2124
113,2125
1268,2131
804,2134
208,2135
1232,2136
512,2137
308,2138
157,2142
124,2142
1230,2142
1377,2143
330,2144
1399,2146
942,2146
93,2147
699,2151
863,2152
955,2154
984,2154
77,2154
746,2155
336,2156
641,2156
191,2156
1805,2157
972,2159
1853,2160
1742,2160
643,2162
788,2162
257,2164
841,2165
638,2165
1320,2169
1040,2170
166,2171
1635,2172
80,2172
1795,2172
1129,2178
724,2178
227,2182
175,2187
1363,2188
696,2192
1483,2195
46,2196
987,2201
1096,2204
982,2209
1981,2215
1848,2215
418,2217
769,2219
1833,2221
1564,2223
253,2223
1799,2226
781,2231
462,2232
1137,2235
940,2236
74,2239
1090,2239
747,2243
1216,2245
204,2245
84,2250
776,2252
1136,2254
1198,2257
1082,2263
173,2264
111,2265
1952,2269
1099,2269
1351,2269
172,2269
1492,2272
1969,2274
899,2276
1738,2277
290,2278
957,2278
572,2280
1398,2280
228,2283
811,2283
1962,2286
357,2289
1143,2290
1876,2290
959,2290
1864,2292
1457,2293
137,2295
780,2298
458,2298
1044,2300
1229,2300
206,2304
612,2304
911,2305
1622,2309
1541,2312
323,2315
219,2315
1693,2316
1915,2320
1838,2321
962,2323
981,2330
1479,2337
1,2342
198,2344
134,2350
29,2351
1145,2352
992,2353
727,2363
1116,2363
1498,2365
1811,2365
1944,2366
1425,2366
805,2372
1318,2373
561,2373
778,2373
1153,2373
1752,2373
1209,2378
500,2381
523,2384
429,2387
324,2388
328,2391
200,2395
360,2397
1283,2399
399,2403
840,2403
795,2404
1032,2405
234,2411
906,2414
668,2418
1847,2419
685,2420
58,2420
1306,2421
683,2422
1936,2422
1628,2424
1031,2425
1929,2428
1324,2429
1539,2431
882,2431
816,2432
1682,2435
1917,2436
595,2438
321,2439
530,2441
1712,2444
1401,2444
229,2445
1102,2447
797,2448
1669,2452
854,2456
591,2456
168,2457
202,2467
1420,2468
1246,2471
1907,2472
115,2474
1893,2474
1899,2475
1177,2477
1946,2480
587,2480
1151,2482
565,2484
1921,2485
1570,2488
1409,2488
635,2489
1202,2493
1686,2495
242,2497
1037,2499
67,2501
220,2502
1650,2503
1702,2504
573,2505
1968,2507
1908,2512
473,2513
1086,2514
1097,2515
60,2517
1996,2518
584,2518
1412,2518
416,2521
904,2522
192,2523
726,2526
1114,2528
950,2528
1208,2528
655,2528
1782,2529
596,2532
1531,2532
889,2533
36,2534
1789,2534
1134,2535
364,2537
831,2538
1455,2539
1703,2543
1608,2544
99,2544
1950,2545
1071,2556
1287,2557
1809,2559
782,2562
905,2562
361,2564
751,2565
558,2569
1774,2569
590,2572
1247,2572
283,2572
427,2573
559,2574
1629,2575
731,2575
820,2575
1344,2577
37,2581
1447,2584
1529,2585
1013,2586
2,2590
1611,2597
1139,2598
1584,2607
1815,2608
110,2609
310,2610
1957,2612
1558,2613
531,2616
1934,2622
1696,2623
83,2633
637,2634
1920,2635
691,2636
1252,2636
1286,2637
1874,2638
556,2639
1100,2639
1679,2642
1314,2642
1432,2643
1882,2644
1771,2645
640,2647
1234,2647
1452,2647
189,2648
319,2649
1332,2650
1683,2653
1651,2653
1998,2654
763,2655
1699,2656
1077,2659
312,2660
1436,2662
709,2663
390,2665
1108,2665
348,2668
489,2671
732,2671
834,2672
372,2673
1798,2673
125,2674
676,2675
1124,2676
493,2676
1284,2677
1888,2677
1659,2677
1995,2692
1790,2693
827,2694
1271,2695
760,2695
1578,2698
1431,2700
1227,2707
876,2707
869,2711
979,2713
441,2715
1694,2715
349,2721
1366,2725
910,2725
8,2729
698,2732
539,2735
354,2735
1438,2741
1783,2741
7,2745
1988,2752
871,2757
1450,2770
62,2771
4,2772
317,2772
705,2776
614,2779
108,2781
182,2782
1304,2783
752,2783
734,2790
492,2798
292,2801
1843,2801
510,2803
1035,2804
845,2804
42,2806
1537,2808
1549,2812
1837,2813
907,2813
431,2814
11,2820
1405,2824
1928,2824
1583,2826
704,2826
1863,2829
970,2832
19,2835
1982,2841
210,2842
1561,2843
880,2843
1019,2845
1173,2845
1631,2847
1851,2854
1192,2856
1030,2863
216,2866
1025,2868
1433,2871
543,2871
1115,2874
109,2874
1339,2880
1625,2883
1576,2904
599,2905
1245,2907
254,2908
1354,2911
344,2915
656,2918
1379,2918
501,2918
1089,2923
333,2925
754,2927
1909,2933
87,2934
426,2937
1075,2939
468,2941
1018,2950
1059,2957
1518,2959
833,2959
662,2964
30,2971
941,2972
1270,2973
1418,2987
119,2990
31,2995
51,2996
1544,2998
419,3000
669,3004
261,3005
873,3012
260,3015
102,3018
1831,3020
618,3024
953,3025
792,3026
359,3031
403,3035
1972,3036
888,3037
209,3039
1515,3039
1613,3047
998,3048
867,3049
623,3050
1706,3051
690,3052
604,3063
388,3072
1709,3072
311,3072
1905,3073
575,3077
1105,3077
1299,3080
872,3081
331,3082
1612,3088
1027,3094
1485,3094
434,3100
412,3118
738,3122
659,3126
665,3129
1600,3130
1050,3132
1146,3136
1042,3137
935,3148
1961,3154
297,3157
1522,3162
1758,3163
1172,3169
1088,3174
983,3174
1000,3175
238,3176
1303,3180
35,3181
1634,3183
21,3184
1500,3184
1273,3188
644,3188
1380,3199
247,3208
1943,3210
1226,3213
41,3217
864,3227
465,3233
939,3233
1315,3234
478,3235
1384,3236
407,3239
1532,3245
1302,3247
647,3250
1993,3252
1579,3255
1849,3255
1814,3257
1158,3257
1423,3259
1574,3259
714,3269
1902,3274
507,3274
1987,3275
303,3287
540,3307
1647,3311
437,3313
1744,3315
248,3324
1476,3325
1210,3335
1442,3337
375,3346
485,3356
786,3357
121,3368
1122,3369
1732,3375
862,3382
1424,3385
1164,3385
1162,3386
1939,3388
1590,3399
218,3402
1214,3412
1012,3414
783,3415
1747,3418
547,3430
1569,3430
271,3446
89,3446
551,3449
1830,3456
1313,3457
1080,3461
937,3462
123,3469
53,3472
502,3475
1933,3477
697,3478
713,3478
286,3494
977,3497
936,3503
346,3506
1374,3514
1343,3520
927,3533
545,3535
1054,3546
743,3546
1007,3551
1178,3552
1475,3556
856,3563
608,3563
1235,3575
1572,3584
739,3585
1671,3599
1034,3600
517,3604
844,3609
423,3620
542,3633
1520,3637
56,3639
1426,3650
34,3661
1926,3674
1674,3674
17,3686
674,3689
1389,3689
1818,3699
1220,3705
1585,3707
1741,3708
1704,3720
521,3724
1248,3724
474,3724
1493,3731
835,3733
770,3738
1076,3739
997,3750
865,3754
1912,3761
332,3764
915,3771
1791,3778
883,3786
1312,3787
1516,3793
956,3796
177,3808
1559,3849
472,3851
1654,3855
961,3857
387,3867
195,3868
1120,3868
1251,3870
1301,3872
1527,3873
533,3888
380,3901
1095,3902
20,3907
1889,3908
350,3910
1601,3910
295,3911
803,3931
68,3934
347,3939
890,3941
1359,3942
174,3945
666,3951
516,3955
1327,3967
1349,3973
76,3974
1328,3981
680,3989
1822,3994
1958,3998
1664,4003
1755,4003
1444,4005
1827,4010
1041,4013
918,4028
1775,4057
1649,4059
1017,4062
648,4064
508,4067
498,4071
624,4089
444,4094
1582,4101
1677,4102
1725,4124
1565,4134
1194,4140
679,4141
652,4145
315,4153
1506,4186
279,4187
790,4190
617,4193
49,4202
1195,4240
560,4255
579,4255
1997,4264
122,4265
1639,4265
847,4267
1911,4270
1443,4275
1927,4276
211,4279
629,4284
1375,4310
215,4312
1364,4324
1502,4335
1692,4335
1414,4338
1632,4358
446,4360
1186,4377
152,4416
1701,4435
10,4454
1978,4460
1429,4474
914,4474
149,4481
653,4483
966,4493
201,4500
496,4513
1285,4514
1656,4538
1066,4543
287,4555
226,4563
1033,4567
1554,4589
1293,4589
91,4592
1221,4602
1557,4618
1402,4626
1763,4668
1589,4682
879,4717
1873,4724
1875,4731
943,4745
1808,4749
16,4751
329,4753
1296,4756
6,4769
1707,4833
1190,4844
250,4868
456,4870
1257,4886
309,4903
541,4915
794,4916
1358,4924
1886,4925
815,4928
570,4948
818,4953
1280,4980
938,4989
1546,5001
432,5001
1356,5005
33,5019
366,5062
1955,5076
1617,5089
1975,5098
341,5098
1655,5117
302,5120
506,5127
1638,5138
837,5145
1733,5198
484,5225
892,5227
255,5238
1980,5248
230,5262
1026,5267
1376,5272
949,5325
779,5342
1462,5354
522,5355
1236,5363
1223,5366
1310,5405
1231,5410
154,5446
1060,5463
326,5487
741,5568
895,5589
488,5613
1870,5636
1410,5644
1138,5644
289,5658
748,5664
1416,5723
1665,5780
1759,5826
232,5836
536,5837
1610,5859
450,5889
448,5895
385,5917
365,6025
1526,6046
1258,6098
1357,6103
24,6132
1779,6192
276,6213
634,6242
1321,6259
82,6277
1404,6279
1597,6354
370,6411
272,6428
1016,6461
1123,6466
546,6469
1633,6474
1898,6513
467,6522
1868,6543
197,6622
284,6704
1023,6726
1581,6785
26,6843
126,6844
933,6844
853,6873
701,6910
129,6914
1528,7031
1956,7041
207,7053
1084,7076
1415,7082
1497,7122
1841,7252
1503,7302
1133,7333
1668,7341
509,7379
1394,7385
896,7492
1757,7501
802,7589
519,7590
839,7606
934,7648
1083,7764
1340,7890
1347,7952
1490,8027
1265,8094
1745,8218
1740,8440
562,8717
1461,8815
1652,9162
1212,9332
1014,9501
1551,9699
221,9970
1872,10244
1294,10608

simblock.block.ProofOfWorkBlock@62b43c97:2
772,0
152,1123
1409,1138
1339,1152
1101,1170
1060,1202
971,1216
307,1219
1735,1219
1766,1227
271,1238
1736,1246
465,1248
498,1249
1112,1261
902,1266
1535,1267
692,1268
1398,1269
1234,1269
1287,1270
1592,1270
1020,1275
1392,1275
1704,1284
1591,1285
1254,1285
1665,1287
1994,1290
1210,1296
1843,1298
558,1298
311,1301
926,1301
364,1302
1696,1305
1884,1308
1230,1310
1472,1311
214,1314
658,1315
495,1316
109,1318
903,1319
1202,1320
557,1320
808,1321
994,1322
551,1329
1911,1329
499,1331
1071,1331
1199,1332
1865,1333
1464,1334
454,1335
1224,1335
422,1336
255,1336
1263,1337
613,1337
990,1338
1082,1338
1812,1339
1213,1340
647,1346
527,1346
762,1347
1187,1348
577,1348
1012,1349
1771,1349
494,1350
1272,1350
1755,1351
395,1351
120,1352
1732,1353
1431,1353
621,1353
1783,1354
268,1356
403,1359
948,1361
1410,1362
458,1362
40,1362
862,1365
1690,1365
1988,1365
439,1365
813,1365
1134,1366
356,1366
1664,1367
765,1367
1302,1367
844,1367
267,1368
1011,1368
500,1369
604,1370
295,1373
1319,1373
1255,1374
1701,1374
1536,1374
450,1377
1565,1377
1025,1378
491,1379
871,1380
885,1381
1051,1381
1262,1381
47,1381
1604,1382
92,1382
1218,1383
144,1383
612,1384
441,1384
933,1385
605,1385
1742,1385
816,1385
713,1386
80,1386
1186,1386
953,1386
1531,1386
925,1387
1557,1387
812,1387
1226,1387
1564,1387
324,1387
96,1388
1150,1391
1876,1391
1142,1392
635,1393
788,1393
1191,1394
1190,1394
1333,1395
837,1395
1033,1395
420,1396
143,1396
1328,1397
1726,1397
1363,1397
1246,1397
1688,1398
175,1398
1594,1399
1026,1399
1259,1400
1792,1400
1546,1400
1414,1401
1820,1401
1298,1401
1827,1402
1902,1402
1981,1402
1750,1403
1251,1404
1623,1405
1448,1405
1493,1405
281,1406
1209,1406
1853,1407
135,1407
649,1407
340,1407
1544,1408
1650,1408
677,1410
1245,1410
1421,1410
530,1410
922,1411
807,1411
852,1411
1337,1412
1416,1412
453,1413
384,1414
1468,1414
1917,1414
79,1414
1705,1414
1765,1414
1983,1415
1315,1415
1239,1416
1987,1416
1384,1416
1036,1416
562,1416
217,1417
1132,1417
1444,1417
1901,1418
142,1419
30,1419
504,1419
1010,1419
156,1420
1672,1420
1357,1420
681,1420
1223,1421
780,1421
445,1421
371,1421
349,1422
629,1423
1638,1423
410,1423
38,1423
1758,1423
312,1424
1454,1424
1467,1425
1495,1425
182,1426
680,1426
467,1426
391,1426
1896,1427
1512,1427
193,1427
15,1427
1505,1427
1131,1428
1222,1428
760,1429
1115,1429
278,1430
802,1430
1343,1430
345,1430
1658,1430
1499,1431
1456,1431
1018,1431
1721,1431
1951,1431
571,1431
468,1432
1062,1432
151,1432
834,1432
1859,1433
754,1434
1805,1434
872,1434
37,1434
733,1434
1260,1434
1003,1434
304,1434
1330,1434
41,1434
1523,1435
961,1436
1857,1436
790,1436
758,1437
1494,1437
1385,1437
1338,1437
1709,1437
274,1437
634,1438
130,1438
1271,1439
673,1439
21,1440
1413,1440
1741,1441
1605,1441
636,1441
1483,1441
110,1442
1720,1442
1740,1442
1240,1443
734,1443
248,1443
265,1444
578,1444
54,1444
892,1444
354,1445
737,1445
1194,1445
1877,1446
385,1446
1617,1446
1276,1446
57,1446
389,1446
1975,1446
1837,1446
549,1446
1898,1447
53,1447
1449,1447
1635,1447
1396,1448
1967,1448
237,1448
426,1448
1554,1448
1201,1449
293,1449
259,1449
323,1449
586,1449
359,1449
934,1450
860,1450
1969,1450
228,1450
1395,1451
1470,1451
1312,1451
484,1452
817,1452
1763,1452
81,1452
369,1453
1874,1454
598,1454
1703,1454
1364,1454
1702,1454
254,1455
141,1455
1193,1455
1270,1455
1976,1456
1407,1456
791,1456
1925,1456
1845,1457
1824,1458
1744,1458
1380,1458
887,1459
1261,1459
1533,1459
1048,1459
316,1459
1265,1459
1612,1459
1757,1460
424,1460
1555,1461
1427,1461
436,1461
1463,1461
394,1461
555,1461
1893,1461
58,1461
1875,1461
266,1462
1173,1462
1870,1462
49,1462
671,1462
1076,1462
672,1463
889,1464
4,1464
472,1464
261,1464
761,1464
342,1464
1668,1465
711,1465
363,1465
941,1465
1549,1465
460,1466
1916,1466
121,1466
1266,1466
1931,1466
1203,1467
1356,1467
1113,1467
1571,1467
322,1467
993,1467
1107,1468
789,1468
620,1468
475,1468
332,1468
1475,1468
1098,1469
325,1469
787,1469
222,1469
1762,1469
397,1469
1394,1469
1821,1469
1050,1469
1278,1469
1503,1470
1406,1470
1198,1470
330,1470
1481,1470
1310,1471
1146,1471
946,1471
826,1471
1461,1472
82,1472
703,1472
405,1473
501,1473
959,1473
91,1473
1639,1473
1304,1474
1520,1475
308,1475
815,1475
1102,1475
1964,1476
1923,1476
1373,1477
1518,1477
699,1477
419,1477
1556,1477
793,1477
470,1477
375,1478
675,1479
1509,1479
1046,1479
229,1479
280,1480
1417,1480
696,1480
825,1480
1861,1480
1211,1480
936,1480
1915,1481
1798,1481
859,1481
85,1481
697,1482
1886,1482
1114,1482
537,1482
449,1483
771,1483
897,1484
845,1484
1281,1484
1908,1484
488,1484
919,1485
1341,1485
56,1485
1608,1485
513,1485
641,1485
379,1485
279,1486
137,1486
471,1486
277,1486
1303,1486
1235,1486
1317,1487
173,1487
1074,1487
1695,1488
373,1488
796,1488
412,1488
477,1489
1869,1490
1706,1490
1105,1490
1325,1490
1313,1490
867,1492
839,1492
335,1492
893,1492
763,1493
1242,1493
614,1493
1826,1493
1411,1494
918,1495
766,1495
659,1495
483,1495
1693,1495
572,1495
1928,1496
1773,1496
1992,1496
579,1496
1882,1496
270,1496
637,1497
1023,1498
215,1498
548,1498
1719,1498
595,1499
1806,1499
20,1499
1624,1499
1268,1500
1855,1500
804,1500
84,1500
136,1500
938,1501
823,1501
1043,1501
1581,1501
1574,1501
199,1502
553,1502
232,1502
1508,1502
559,1503
916,1503
1008,1503
146,1503
1656,1503
1990,1504
194,1504
352,1504
113,1504
105,1505
1376,1506
888,1506
381,1506
1653,1506
1809,1506
516,1506
879,1507
1440,1508
1041,1508
201,1508
166,1508
601,1508
1968,1508
432,1509
1922,1509
1484,1509
1229,1510
1069,1510
1588,1510
1868,1510
1912,1510
1524,1510
1866,1511
1778,1512
1528,1512
496,1513
1057,1514
1867,1514
1823,1514
726,1515
536,1515
1159,1515
331,1515
1959,1515
400,1515
357,1516
1939,1516
243,1517
1768,1517
940,1517
1930,1517
560,1518
1086,1518
521,1518
1978,1518
654,1519
318,1519
640,1519
276,1520
890,1520
241,1520
1207,1520
1340,1521
1810,1521
1371,1521
415,1521
503,1521
1490,1522
1846,1522
1661,1522
505,1522
1009,1523
247,1523
743,1523
88,1523
1980,1523
1042,1524
1878,1524
1381,1524
429,1524
657,1525
1903,1525
565,1525
1598,1525
924,1526
1147,1526
878,1526
300,1527
1457,1527
1370,1528
1123,1529
326,1529
1872,1529
1963,1530
1774,1530
1713,1530
1077,1530
1104,1530
1085,1530
69,1531
876,1531
126,1531
1350,1532
161,1532
251,1533
626,1533
1293,1533
1002,1533
523,1533
937,1533
1899,1534
1334,1534
973,1536
1600,1536
1366,1537
606,1537
965,1538
843,1538
1745,1538
189,1538
1799,1539
29,1539
1016,1540
977,1540
1404,1541
1482,1541
1154,1541
1682,1542
60,1542
1543,1543
353,1543
377,1544
1504,1544
244,1544
1353,1544
1586,1544
972,1545
1890,1545
127,1545
1954,1546
1064,1546
870,1546
1090,1547
1035,1547
797,1547
1052,1547
945,1550
158,1550
1802,1550
1047,1550
585,1551
895,1552
1171,1552
252,1552
208,1552
476,1553
227,1554
904,1555
67,1556
1446,1556
1485,1556
510,1557
779,1558
370,1558
873,1559
1049,1559
1948,1559
1280,1559
456,1559
617,1561
347,1561
1542,1563
1428,1563
1168,1563
1731,1563
1991,1564
1038,1564
742,1566
898,1566
115,1568
174,1569
1405,1569
651,1569
679,1571
596,1571
1576,1572
1597,1572
568,1573
1936,1574
1575,1575
691,1575
917,1576
1423,1576
6,1576
119,1577
955,1579
447,1580
44,1582
1670,1582
388,1583
811,1583
794,1583
745,1586
567,1586
1887,1587
1176,1587
437,1587
7,1588
1257,1588
339,1589
951,1590
967,1591
1197,1592
139,1594
262,1598
221,1599
954,1601
863,1601
1072,1601
1502,1603
256,1604
481,1604
795,1605
1256,1607
1374,1607
1215,1608
1004,1608
198,1609
260,1613
1027,1615
655,1621
1982,1622
285,1624
963,1624
1403,1628
1347,1629
1250,1632
1772,1635
1459,1643
538,1645
206,1650
1777,1651
1648,1663
1179,1664
985,1666
1283,1666
846,1667
583,1669
714,1670
1769,1672
1707,1678
962,1680
1946,1682
12,1684
1083,1685
1904,1686
1547,1687
1856,1688
1492,1690
225,1690
233,1693
211,1696
272,1700
1791,1703
532,1713
706,1715
1267,1715
1561,1720
514,1723
1753,1725
901,1726
1526,1726
1630,1726
996,1730
1121,1733
1521,1734
1851,1737
1644,1737
939,1739
717,1740
66,1740
1390,1741
1292,1742
1985,1742
1681,1742
188,1742
1180,1743
264,1743
999,1743
1345,1744
1087,1751
59,1751
1807,1753
1093,1755
1300,1756
1830,1756
1788,1759
1640,1760
1316,1764
1491,1765
451,1767
819,1767
773,1773
98,1773
404,1773
1075,1773
526,1774
1684,1774
1489,1774
131,1774
667,1775
1429,1776
5,1776
1686,1776
1920,1776
546,1779
534,1779
1796,1782
1587,1782
827,1782
1092,1783
849,1784
1212,1785
611,1785
912,1786
2000,1787
1258,1789
440,1789
1204,1790
1829,1793
209,1793
1419,1794
1895,1795
991,1797
1155,1797
1691,1798
633,1798
1149,1798
928,1799
179,1800
552,1800
1660,1801
1655,1801
1997,1801
457,1801
1253,1803
1241,1803
1389,1803
997,1804
1106,1805
882,1805
781,1806
736,1806
1045,1808
167,1809
329,1810
73,1810
1273,1811
669,1813
1724,1813
1784,1814
1442,1814
1782,1816
1840,1816
327,1817
1294,1818
1673,1818
716,1818
1188,1819
515,1819
1710,1819
855,1820
1094,1820
428,1821
1770,1821
14,1822
700,1825
619,1825
1225,1826
1295,1826
1940,1826
39,1827
1514,1827
661,1828
223,1828
138,1829
975,1830
398,1831
1534,1833
104,1833
603,1833
368,1835
190,1835
165,1839
386,1839
1538,1840
1889,1840
358,1841
452,1841
1718,1842
1852,1842
986,1843
1814,1844
140,1844
607,1845
25,1845
707,1846
1914,1847
1679,1849
723,1849
301,1851
1801,1851
576,1852
275,1853
1675,1854
313,1854
1525,1855
52,1855
213,1856
493,1857
1452,1857
725,1858
877,1858
376,1858
1728,1859
418,1860
205,1860
1615,1860
207,1861
682,1864
709,1864
1984,1864
75,1866
1329,1866
1949,1867
183,1867
461,1868
396,1868
728,1868
1793,1869
1880,1871
202,1872
163,1872
1891,1873
1748,1873
1369,1873
310,1873
18,1874
627,1875
822,1875
574,1879
106,1881
1519,1882
1734,1883
1580,1884
1359,1885
1786,1885
1712,1885
1367,1887
1458,1889
1336,1895
588,1897
881,1900
462,1900
519,1901
952,1902
1723,1903
1400,1904
1388,1905
1541,1906
309,1907
1614,1910
1685,1910
1269,1913
1717,1916
153,1917
600,1917
180,1918
129,1920
1537,1920
1439,1920
401,1923
337,1923
750,1925
1667,1926
1247,1926
529,1926
645,1927
1039,1927
821,1929
1305,1930
169,1930
683,1930
1910,1931
1183,1933
187,1935
900,1935
693,1935
757,1942
722,1942
149,1945
1746,1946
1137,1946
968,1947
1237,1947
1175,1948
71,1948
1560,1950
1937,1951
1708,1953
1382,1953
1063,1953
486,1955
480,1956
718,1956
70,1956
907,1957
1932,1959
801,1961
947,1964
246,1968
786,1969
805,1970
1441,1973
1860,1975
362,1975
593,1977
328,1979
273,1979
258,1980
408,1981
1858,1982
814,1983
1785,1984
374,1985
9,1986
1596,1986
1480,1989
1331,1989
479,1993
320,1995
414,1997
1663,1997
1756,1998
1500,2001
1747,2001
455,2005
1217,2007
1862,2008
1727,2009
249,2012
263,2014
678,2016
624,2016
1478,2017
1291,2019
1460,2023
367,2029
1348,2030
1938,2030
1813,2033
544,2037
580,2038
1979,2044
1971,2048
463,2048
1699,2051
1070,2054
995,2056
1397,2056
1412,2058
1361,2061
435,2068
11,2068
1633,2068
1479,2070
466,2071
1323,2078
27,2079
1125,2080
569,2083
1593,2085
905,2086
1700,2087
3,2087
1632,2088
1277,2088
33,2089
1926,2090
652,2091
283,2091
46,2092
338,2093
694,2093
883,2093
1849,2094
1091,2096
212,2100
1995,2102
1393,2105
1642,2106
1958,2113
1662,2113
1589,2115
1800,2115
597,2116
1590,2116
1232,2116
1164,2117
1019,2118
1166,2118
749,2119
1279,2119
646,2120
1308,2121
1848,2123
181,2123
1599,2127
1487,2127
101,2129
1953,2131
145,2132
155,2133
1606,2133
729,2134
594,2135
911,2135
433,2136
1346,2138
1182,2148
1145,2148
1030,2148
1185,2149
291,2149
535,2149
378,2150
832,2151
668,2151
355,2152
522,2152
550,2153
1402,2154
896,2155
1001,2156
100,2158
1532,2159
1387,2160
1572,2160
1996,2163
407,2164
770,2166
1096,2167
1795,2169
103,2172
741,2173
556,2175
960,2175
93,2176
1238,2178
297,2178
753,2178
932,2178
1628,2180
1284,2180
219,2181
399,2182
390,2182
1811,2183
764,2184
1163,2185
1354,2186
1674,2187
413,2187
1781,2187
383,2191
978,2191
914,2192
1110,2192
988,2193
1683,2196
1005,2197
1169,2198
913,2199
1231,2201
1864,2201
1014,2203
32,2204
1619,2205
1516,2208
1040,2208
1879,2208
982,2209
360,2209
200,2214
1804,2215
1585,2215
1177,2216
172,2218
653,2219
231,2221
1595,2221
542,2223
756,2224
1021,2225
1174,2228
148,2228
1200,2229
528,2231
76,2233
1032,2237
1722,2239
591,2239
1651,2240
487,2242
1471,2242
62,2246
1833,2246
185,2253
806,2253
957,2260
1156,2263
288,2267
1838,2267
1839,2268
1497,2273
1513,2283
775,2284
1894,2285
235,2291
1999,2293
899,2297
1622,2301
150,2302
710,2303
1582,2303
1935,2304
1649,2305
809,2305
1909,2306
1817,2307
203,2309
1285,2311
927,2314
564,2316
1905,2321
122,2324
245,2324
687,2325
48,2325
920,2327
1289,2327
748,2331
1426,2334
1111,2334
154,2337
615,2340
1249,2341
1301,2342
1192,2342
1358,2348
531,2349
118,2351
78,2354
1794,2354
1569,2354
1836,2357
1214,2358
630,2358
1135,2359
983,2359
525,2360
306,2361
998,2362
1883,2363
132,2365
841,2366
1143,2371
192,2372
1252,2377
448,2384
1477,2384
94,2385
1553,2389
616,2391
1420,2392
1780,2395
1607,2396
1117,2401
573,2402
1422,2407
1053,2408
1956,2408
964,2410
1907,2411
168,2414
660,2415
1676,2418
434,2423
1326,2424
1418,2425
984,2427
64,2427
1120,2428
34,2429
1432,2432
1947,2433
1153,2433
1610,2438
1068,2439
507,2439
1540,2439
533,2439
1583,2441
1998,2441
1206,2446
561,2446
45,2447
1349,2448
1158,2449
1961,2452
1433,2453
133,2453
1000,2453
1754,2455
1625,2455
1399,2457
204,2459
1733,2459
1372,2459
1435,2459
1579,2461
1227,2464
1205,2465
1737,2472
1957,2472
1178,2472
446,2472
220,2474
740,2475
1079,2475
923,2475
160,2475
1950,2476
36,2478
966,2479
444,2482
1510,2483
68,2485
847,2486
835,2490
747,2490
1943,2490
518,2491
1687,2491
1089,2493
1511,2493
767,2494
186,2494
1918,2495
1221,2496
1306,2496
592,2500
1288,2501
590,2501
632,2502
910,2505
1437,2506
1088,2507
1138,2508
1455,2508
1028,2508
1196,2510
665,2510
123,2512
865,2512
1408,2512
1527,2514
1609,2515
286,2516
989,2516
1355,2518
1863,2519
1900,2521
1776,2521
570,2523
701,2524
1314,2524
334,2525
1797,2526
894,2526
298,2527
87,2527
89,2528
1725,2529
1,2529
196,2530
1286,2530
1834,2531
10,2532
1327,2532
442,2534
343,2535
864,2535
638,2536
482,2537
644,2538
698,2538
317,2539
1462,2541
1822,2541
1220,2546
269,2547
1059,2548
1666,2549
1095,2552
1645,2555
1476,2556
1037,2556
333,2557
1825,2557
1743,2558
22,2561
171,2562
1181,2563
1729,2566
708,2568
628,2568
284,2569
1299,2571
1993,2572
690,2572
1759,2572
1616,2572
1548,2574
1208,2579
1871,2580
128,2580
778,2581
869,2582
61,2583
1577,2585
979,2585
1013,2586
425,2587
705,2591
1473,2593
1362,2593
969,2593
1749,2594
1320,2599
543,2601
1469,2601
1080,2603
1647,2603
721,2605
831,2606
769,2609
195,2609
1844,2612
1913,2613
1344,2616
1141,2617
380,2619
1450,2621
1643,2623
1530,2627
686,2630
840,2635
776,2639
124,2639
730,2639
351,2642
1160,2649
1465,2649
1434,2650
623,2651
803,2652
1764,2653
943,2655
631,2655
670,2655
930,2658
341,2659
622,2661
8,2662
350,2664
315,2667
1044,2667
1841,2668
1195,2668
157,2669
931,2669
987,2669
55,2671
1850,2672
443,2673
875,2673
1842,2674
799,2674
1552,2676
1835,2677
731,2677
406,2678
1144,2680
857,2691
1081,2696
1425,2698
768,2698
1831,2701
1618,2702
1352,2703
224,2704
1738,2705
1892,2706
1974,2712
1578,2714
1383,2715
702,2718
1627,2719
1621,2722
1631,2724
1677,2725
1017,2730
829,2733
1151,2735
1942,2736
1960,2736
1377,2744
83,2745
1157,2746
684,2746
1073,2747
581,2748
1550,2751
1024,2758
738,2758
97,2758
1129,2760
74,2760
942,2760
1126,2761
42,2767
856,2773
1167,2780
344,2781
599,2781
1130,2786
1790,2788
512,2792
1697,2792
1507,2794
1365,2796
361,2801
1584,2801
1006,2804
1694,2805
836,2806
818,2807
1324,2808
824,2808
1097,2809
509,2810
1966,2813
489,2814
880,2814
719,2823
992,2825
830,2826
1386,2834
1714,2841
744,2841
95,2851
610,2854
108,2856
950,2856
1986,2857
240,2863
785,2864
282,2866
65,2871
1945,2872
1933,2873
1567,2876
159,2879
784,2882
539,2887
1562,2888
874,2889
850,2892
230,2893
584,2896
1654,2897
1401,2899
336,2902
810,2903
1108,2904
1751,2906
642,2908
1109,2912
1965,2912
226,2917
1529,2917
886,2918
314,2920
1219,2923
1447,2925
650,2932
1716,2938
409,2939
416,2943
625,2943
976,2943
1832,2945
1332,2947
1941,2960
1970,2960
891,2960
90,2960
111,2962
1652,2962
704,2977
346,2989
1078,2990
348,2997
1099,2998
1127,2999
1818,2999
1297,3003
792,3004
492,3012
236,3017
1545,3017
1962,3017
473,3024
1148,3024
1563,3038
1360,3046
639,3053
848,3054
1767,3062
1711,3062
566,3069
1451,3070
1243,3070
777,3072
305,3073
1184,3078
176,3078
184,3084
1228,3094
851,3096
303,3096
234,3099
587,3108
242,3109
1603,3109
1443,3119
689,3123
861,3135
1066,3136
1641,3145
1054,3145
31,3152
17,3157
853,3158
1678,3160
1952,3164
1424,3183
1803,3183
421,3183
755,3190
1989,3191
554,3200
1854,3201
1760,3210
868,3215
1787,3218
1602,3219
1466,3224
1819,3224
1977,3238
1415,3241
782,3241
478,3258
1671,3261
292,3283
257,3291
1065,3301
838,3315
618,3315
511,3321
302,3325
162,3332
866,3334
238,3338
1436,3338
197,3344
1570,3345
663,3348
664,3350
1015,3352
1368,3353
715,3360
676,3360
520,3367
107,3372
319,3372
366,3373
833,3387
547,3390
688,3396
1236,3399
1927,3406
828,3410
906,3411
125,3420
116,3423
427,3427
1140,3428
1055,3430
1152,3433
909,3463
1296,3478
1973,3480
1170,3482
1453,3492
1084,3507
289,3509
459,3519
1646,3521
210,3522
1779,3524
35,3527
1274,3555
1216,3556
1669,3556
1233,3559
712,3576
117,3585
51,3598
674,3604
1061,3612
1311,3615
1689,3623
72,3628
1815,3638
685,3644
1919,3647
774,3651
1124,3652
469,3652
1318,3662
1501,3666
239,3667
1438,3669
545,3672
1634,3673
1165,3676
589,3687
956,3689
1934,3691
170,3696
929,3715
1034,3732
474,3734
1486,3741
1517,3748
1761,3756
1573,3757
541,3766
648,3767
752,3768
1626,3773
1248,3806
1430,3806
1885,3819
1657,3824
958,3831
99,3847
1100,3859
1847,3875
290,3875
1515,3895
1488,3903
490,3907
393,3908
854,3924
430,3926
497,3926
1775,3931
1375,3932
102,3935
1445,3936
1906,3953
1128,3963
1282,3965
935,3988
1022,3992
1715,3997
1162,4000
372,4026
1568,4028
112,4059
1921,4062
739,4064
656,4070
1116,4071
2,4075
727,4077
1522,4084
1944,4089
43,4097
1056,4098
695,4116
666,4122
1506,4129
981,4136
1816,4141
178,4146
1566,4154
438,4168
1307,4174
800,4180
908,4187
402,4195
1133,4197
23,4198
944,4199
134,4199
1659,4199
751,4202
24,4217
1161,4221
746,4226
980,4239
1897,4249
1692,4250
724,4257
1139,4273
1730,4274
1342,4278
1118,4296
1172,4304
1322,4310
296,4315
321,4316
1391,4346
1551,4349
540,4366
216,4384
1558,4389
114,4403
759,4425
294,4438
609,4441
602,4441
1335,4448
382,4461
26,4463
1029,4480
1873,4490
608,4492
1808,4492
921,4499
1698,4547
1601,4567
662,4574
387,4594
147,4600
86,4614
19,4629
1103,4633
1680,4645
1498,4665
1924,4682
50,4749
485,4752
177,4790
1929,4824
1752,4835
842,4915
1955,4922
1031,4923
517,4941
1244,4973
970,4995
253,4997
884,5036
431,5039
858,5050
1136,5060
287,5077
13,5148
1620,5166
1122,5218
1351,5218
1828,5226
365,5277
735,5280
1611,5281
1189,5305
191,5319
218,5349
720,5407
28,5421
392,5537
949,5550
575,5553
783,5562
1888,5649
250,5661
1379,5723
464,5736
1636,5778
1474,5796
1058,5835
1321,5860
1559,5878
820,5887
915,5903
1007,5910
732,5923
1309,6021
643,6158
1629,6159
1789,6175
299,6209
1972,6282
1275,6293
1637,6389
974,6402
1119,6420
16,6440
582,6537
563,6549
1290,6561
1881,6575
506,6660
1264,6712
411,6720
798,6748
1739,6852
502,6986
77,7188
1496,7232
1539,7486
423,7855
164,7956
63,9162
417,10368
524,11688
1613,13007
1067,14383
508,15757
1378,17143

simblock.block.ProofOfWorkBlock@4399e3df:3
1584,0
1621,1046
1788,1157
5,1195
650,1252
1596,1269
947,1305
995,1314
589,1341
991,1367
421,1402
22,1421
1056,1425
1242,1443
838,1451
358,1453
856,1459
1249,1461
1552,1480
1614,1485
547,1490
981,1490
708,1501
1923,1512
1305,1516
1383,1521
1919,1524
315,1528
212,1531
310,1537
907,1544
1173,1548
554,1549
1550,1550
1778,1551
848,1553
1701,1566
1686,1566
1022,1566
1652,1567
13,1571
1490,1573
771,1577
411,1578
1979,1581
1219,1582
1343,1589
1094,1596
923,1604
1126,1606
408,1606
882,1608
1902,1611
926,1611
1921,1613
1645,1613
993,1614
528,1617
106,1618
997,1618
258,1618
1521,1619
729,1620
1882,1621
1281,1625
1384,1626
193,1627
897,1628
24,1630
372,1634
288,1635
1655,1636
160,1639
1886,1641
1786,1642
1624,1643
1445,1643
1092,1644
843,1645
233,1645
72,1645
1075,1647
1369,1651
101,1651
418,1653
1361,1655
132,1657
1557,1659
127,1660
1255,1661
324,1662
646,1662
107,1663
1842,1664
439,1665
1705,1665
636,1666
1111,1668
607,1668
428,1670
261,1670
1517,1671
596,1674
593,1675
1615,1677
40,1677
1493,1679
551,1680
790,1680
605,1681
1113,1681
994,1681
182,1682
796,1682
1647,1683
281,1684
1728,1688
1042,1689
1388,1689
1115,1690
436,1691
836,1692
509,1693
1470,1693
1148,1694
304,1694
496,1694
1266,1694
881,1696
1901,1697
647,1697
1472,1698
933,1700
149,1701
1309,1701
50,1702
1355,1704
968,1704
1356,1705
43,1705
1151,1707
259,1707
59,1707
185,1708
953,1708
769,1710
323,1711
1308,1711
420,1712
453,1712
1250,1712
1104,1713
493,1713
631,1714
1885,1714
1890,1715
298,1716
208,1716
1121,1719
680,1719
736,1720
374,1721
129,1722
877,1723
1905,1723
1328,1724
1307,1724
1548,1724
483,1724
1938,1725
919,1726
1033,1727
1754,1727
1083,1728
1821,1728
1918,1729
1503,1729
1223,1729
813,1730
1400,1730
1813,1730
1085,1730
1617,1731
514,1731
1325,1731
1641,1731
1742,1731
1734,1731
353,1732
703,1733
1437,1733
1891,1733
503,1734
990,1734
382,1735
249,1736
1663,1737
840,1737
1268,1737
1884,1738
1729,1739
734,1741
504,1741
1768,1741
718,1741
513,1742
973,1742
600,1742
1861,1742
1758,1743
495,1743
359,1743
1512,1743
1988,1744
15,1745
805,1745
844,1745
45,1745
1801,1746
998,1746
1213,1747
834,1747
976,1747
1900,1748
1704,1748
274,1748
456,1749
1410,1750
625,1751
179,1752
1917,1752
1597,1752
1508,1752
1644,1753
705,1753
1749,1753
945,1754
391,1755
588,1755
1461,1756
999,1756
1428,1756
1747,1757
1547,1757
1799,1757
621,1758
1190,1758
1691,1758
488,1759
37,1759
894,1759
1545,1759
1417,1760
156,1760
1272,1761
1680,1761
893,1761
1736,1762
1431,1762
118,1763
498,1763
1210,1763
1542,1764
403,1764
948,1765
1976,1765
576,1766
1504,1766
938,1767
526,1767
1916,1768
1260,1768
1903,1768
724,1769
1070,1769
1229,1769
1912,1770
88,1770
267,1771
1964,1771
1382,1771
1224,1771
1182,1771
1541,1771
1761,1773
1334,1773
1865,1773
1528,1773
211,1774
1071,1774
1152,1775
661,1775
309,1775
475,1776
1987,1776
1329,1776
316,1777
206,1777
1118,1777
788,1777
918,1778
644,1778
1247,1778
978,1778
1218,1779
691,1779
1935,1779
1707,1779
1880,1779
1943,1779
202,1780
1193,1780
331,1780
1583,1781
540,1781
343,1781
1523,1781
1857,1782
1222,1782
1024,1782
470,1782
1257,1782
560,1782
128,1783
500,1784
1471,1784
1714,1785
754,1785
1648,1786
376,1786
693,1786
1576,1787
1841,1788
935,1788
1025,1788
36,1789
1766,1790
1026,1790
548,1791
1820,1791
1601,1791
799,1791
1208,1791
12,1791
1963,1791
1101,1792
768,1792
1180,1792
891,1793
812,1793
171,1793
1332,1794
829,1794
1178,1794
340,1794
1679,1795
1258,1795
1045,1795
1353,1795
1746,1795
1398,1796
1297,1796
332,1796
1006,1796
725,1796
241,1797
268,1797
201,1797
1283,1798
195,1798
459,1798
1161,1798
765,1798
1035,1798
1468,1798
1057,1799
1385,1799
464,1799
1130,1799
1771,1799
562,1799
1225,1799
1702,1801
806,1801
494,1801
96,1801
563,1801
143,1801
80,1801
1312,1802
1194,1802
334,1802
356,1803
758,1803
1038,1803
1740,1804
1170,1804
1234,1805
1131,1805
1484,1805
613,1806
284,1806
1132,1806
18,1806
341,1806
53,1806
221,1806
1448,1806
629,1806
1735,1807
435,1807
1646,1807
895,1808
1767,1808
395,1808
84,1808
1251,1809
1623,1809
1199,1810
527,1811
1982,1811
826,1811
853,1811
65,1812
486,1812
1732,1813
721,1813
1093,1814
986,1814
1806,1814
1737,1814
1485,1814
581,1815
1580,1815
1616,1815
1367,1815
467,1816
1522,1816
1374,1816
1610,1817
896,1817
1499,1817
1086,1817
417,1817
1370,1817
1273,1818
1263,1818
696,1818
1159,1818
1240,1818
1599,1819
1505,1819
138,1819
121,1819
1530,1820
1713,1820
929,1820
1114,1821
1051,1821
1703,1821
1862,1821
697,1821
972,1822
63,1822
1866,1822
1427,1822
941,1822
1696,1823
937,1824
6,1824
1495,1824
1685,1824
1359,1824
1619,1824
1531,1825
44,1825
56,1825
962,1825
120,1826
47,1827
1849,1828
434,1828
1560,1828
410,1828
759,1828
747,1828
471,1828
1259,1828
1650,1829
872,1829
379,1829
612,1829
1755,1829
1198,1830
602,1830
1605,1830
982,1830
311,1831
1830,1832
300,1832
1315,1832
367,1832
277,1832
190,1832
396,1832
1678,1833
136,1833
276,1834
544,1834
1687,1834
1959,1835
1969,1835
789,1835
110,1835
205,1836
263,1836
817,1836
1017,1836
1967,1836
716,1836
1090,1837
610,1837
1077,1837
598,1838
1076,1838
1594,1838
1390,1839
1380,1839
224,1839
871,1840
397,1840
458,1840
1298,1840
1574,1840
1626,1841
244,1841
892,1841
1723,1842
204,1842
1003,1842
1877,1842
162,1842
1069,1843
1155,1843
516,1843
1954,1843
1020,1844
1280,1844
1537,1844
446,1845
1345,1845
447,1845
1791,1845
472,1845
917,1846
398,1846
1658,1847
213,1847
1397,1847
730,1848
222,1848
1565,1848
1991,1849
352,1849
1638,1849
39,1850
1586,1850
672,1850
147,1850
1341,1850
592,1851
898,1851
909,1851
874,1851
901,1851
279,1852
92,1852
1949,1852
534,1853
1350,1853
1303,1853
1095,1853
845,1853
1782,1853
1430,1853
1693,1854
839,1854
1883,1854
492,1855
98,1855
630,1855
601,1855
1809,1855
1074,1855
217,1855
659,1856
1571,1856
1044,1856
1832,1856
1009,1856
969,1857
519,1857
1868,1857
1314,1857
1201,1858
1792,1858
1536,1858
699,1858
1421,1858
1239,1858
1931,1858
523,1859
67,1859
1981,1859
1371,1860
1072,1860
1898,1860
1561,1860
1846,1860
440,1861
86,1861
484,1861
1404,1861
387,1861
158,1863
802,1863
1207,1863
1720,1863
445,1863
1588,1864
632,1864
681,1864
1910,1865
225,1865
1876,1866
73,1866
108,1866
1112,1866
1915,1867
153,1867
989,1867
567,1868
743,1868
663,1868
105,1869
1797,1870
586,1870
1635,1870
1339,1870
1458,1871
124,1871
626,1871
377,1872
1476,1872
1519,1872
1506,1872
837,1872
908,1872
597,1873
1264,1874
1608,1874
1002,1874
1482,1875
337,1875
305,1875
1924,1875
924,1875
1124,1875
1909,1876
654,1876
1497,1877
170,1877
232,1878
85,1878
1881,1878
452,1878
1029,1878
1061,1879
1306,1879
1581,1879
1462,1880
389,1880
637,1881
1119,1881
209,1881
1290,1881
1730,1882
293,1882
2000,1883
318,1883
766,1883
1509,1883
1760,1884
1793,1885
814,1885
188,1885
658,1885
1454,1885
700,1886
1422,1886
1632,1887
1824,1887
1363,1888
1593,1888
1796,1888
1313,1888
265,1889
1451,1889
1395,1889
1700,1890
530,1890
1559,1890
770,1890
141,1891
772,1891
1413,1891
172,1892
1889,1892
1271,1893
1144,1893
1394,1893
163,1893
533,1893
482,1893
750,1894
566,1894
1526,1895
959,1895
142,1895
481,1895
1347,1896
1851,1896
1216,1896
70,1896
1906,1897
223,1897
433,1897
1598,1898
1014,1899
366,1899
285,1900
62,1900
1892,1900
1220,1901
825,1903
394,1903
1165,1904
1065,1904
292,1904
1381,1905
963,1905
1946,1906
1149,1906
728,1907
1952,1907
1439,1908
272,1909
231,1909
349,1910
1459,1911
606,1911
1486,1911
1278,1912
1211,1913
669,1913
82,1913
553,1914
1134,1914
1879,1915
1689,1915
1478,1915
847,1916
1322,1916
1783,1916
165,1917
1196,1917
536,1918
1695,1918
1577,1919
1920,1919
1246,1920
1510,1920
1802,1921
1405,1922
1183,1922
164,1922
1595,1923
480,1923
1855,1923
1753,1923
830,1923
1327,1924
1852,1924
1460,1925
1573,1926
572,1926
1926,1927
1785,1927
1804,1929
1937,1930
1357,1930
1710,1931
402,1931
1166,1931
1277,1931
835,1931
1316,1932
487,1932
1867,1932
1262,1932
41,1933
1562,1933
1049,1933
1756,1934
1127,1934
1098,1934
1895,1934
1940,1935
1300,1937
617,1937
477,1937
115,1937
1668,1938
711,1939
1534,1939
307,1940
1604,1941
879,1941
1039,1941
1994,1942
1817,1943
1718,1943
462,1944
627,1944
1642,1945
137,1945
866,1945
256,1946
1587,1946
1769,1947
1894,1947
1212,1948
1140,1948
1827,1950
1376,1950
203,1950
928,1952
187,1953
1481,1953
273,1953
1270,1955
912,1955
196,1955
14,1957
1709,1957
722,1958
1082,1958
1154,1961
719,1961
1764,1962
773,1962
1477,1963
1974,1963
1805,1964
1292,1965
1108,1966
878,1967
1986,1967
20,1970
859,1971
1957,1972
361,1972
1491,1973
1819,1973
706,1974
236,1974
114,1976
1107,1978
1274,1979
1538,1981
1176,1983
645,1983
1466,1984
1914,1984
1744,1984
740,1985
140,1985
104,1987
580,1989
66,1989
135,1989
1814,1990
55,1992
1188,1992
1780,1994
717,1995
1829,1995
457,1998
1342,1999
1407,2000
944,2001
1253,2002
979,2002
198,2002
861,2003
1106,2004
419,2005
326,2005
1123,2008
1676,2008
1750,2008
1252,2009
1129,2010
1489,2010
1215,2013
1244,2015
31,2015
1142,2015
965,2017
535,2017
81,2019
247,2019
1501,2020
1429,2022
1408,2022
1651,2023
675,2025
306,2027
64,2027
1968,2028
767,2028
1554,2029
346,2029
1673,2029
131,2030
314,2031
1023,2031
1419,2031
975,2033
1197,2033
1582,2033
368,2034
821,2034
413,2034
280,2036
1874,2037
1365,2039
939,2039
159,2042
100,2042
827,2043
1627,2045
860,2047
229,2049
564,2050
1185,2050
824,2050
1403,2050
1163,2051
1971,2055
1226,2055
1011,2055
166,2056
1228,2058
980,2059
1835,2059
320,2061
640,2062
903,2064
889,2065
690,2066
248,2068
1567,2070
594,2071
238,2072
1660,2073
867,2074
429,2074
1494,2075
169,2075
686,2075
677,2075
21,2076
1348,2077
755,2078
801,2079
1287,2081
888,2082
363,2084
1442,2084
1990,2086
1640,2087
1706,2088
1423,2088
1389,2089
38,2090
1412,2090
756,2091
97,2092
1942,2093
52,2094
1330,2094
485,2095
1789,2096
753,2096
707,2098
1551,2100
174,2100
1607,2101
709,2101
450,2101
1187,2103
1922,2103
574,2106
757,2107
476,2111
1779,2111
1715,2113
655,2114
362,2114
1662,2117
1741,2117
1169,2119
75,2120
1053,2120
1810,2122
1507,2122
275,2122
1291,2125
1243,2126
146,2127
1777,2129
828,2133
1352,2133
958,2134
1716,2134
401,2136
671,2137
424,2139
1480,2140
1840,2140
746,2141
803,2142
26,2144
1279,2144
579,2144
1823,2144
794,2145
378,2146
1748,2146
1060,2147
507,2147
1904,2148
329,2149
414,2150
649,2150
569,2153
1487,2155
1524,2156
1966,2159
1575,2160
463,2161
904,2163
466,2163
1241,2164
1275,2167
1336,2168
1289,2169
3,2169
1366,2171
1997,2172
328,2172
1167,2174
1295,2174
1807,2175
1860,2180
1727,2181
951,2181
1007,2183
967,2185
1941,2186
243,2187
1721,2188
42,2189
1975,2189
815,2191
733,2192
657,2192
1358,2192
954,2192
1731,2194
1563,2194
426,2196
1836,2197
479,2198
578,2198
371,2203
1133,2203
116,2204
1546,2205
1664,2206
890,2207
1708,2208
1628,2211
1088,2211
619,2213
79,2214
905,2216
1162,2218
952,2219
777,2225
745,2226
386,2227
1032,2227
1368,2230
1666,2230
739,2231
1936,2231
1870,2231
430,2232
1977,2233
339,2233
1409,2234
227,2237
1925,2238
876,2239
614,2239
1711,2243
344,2246
1688,2247
568,2248
1634,2252
1091,2252
290,2253
1217,2255
1776,2259
119,2260
234,2265
996,2266
532,2271
1237,2271
1570,2272
1418,2275
1854,2279
1784,2279
1238,2280
1172,2282
1010,2286
1360,2290
1681,2291
1544,2291
1649,2292
1520,2293
1153,2293
1690,2298
819,2301
83,2305
529,2313
1591,2314
1164,2314
437,2315
1031,2317
577,2321
1067,2322
628,2323
499,2323
1456,2325
1317,2326
742,2326
1012,2327
1609,2337
915,2339
168,2339
176,2341
1656,2341
940,2341
1245,2342
1078,2347
667,2348
858,2350
930,2350
1055,2354
911,2356
1146,2357
511,2359
405,2361
1549,2362
1143,2363
112,2364
695,2365
925,2366
46,2367
684,2367
1725,2368
1444,2369
1294,2369
565,2370
1191,2370
117,2372
407,2375
710,2377
157,2380
257,2381
109,2382
720,2382
291,2382
1661,2385
942,2388
103,2393
264,2394
1828,2396
808,2396
542,2398
1873,2400
139,2404
71,2406
862,2411
1837,2412
111,2416
1579,2417
1606,2418
1393,2420
1585,2421
1323,2424
1265,2425
694,2426
1175,2429
1947,2430
902,2430
679,2433
1474,2434
1794,2435
78,2436
76,2438
749,2439
949,2444
416,2446
1256,2446
1592,2447
1424,2448
857,2451
1558,2451
28,2452
688,2455
34,2457
1047,2457
1457,2459
1961,2459
524,2462
518,2463
1267,2464
855,2466
1135,2468
1192,2469
1105,2469
245,2470
1659,2472
582,2473
506,2474
1945,2480
360,2482
77,2482
1863,2484
920,2488
1712,2488
1951,2489
1189,2489
303,2490
1362,2491
1158,2491
615,2491
775,2495
192,2495
764,2495
133,2497
1063,2498
797,2499
191,2499
392,2499
1310,2500
731,2502
934,2505
1838,2507
1110,2508
849,2509
490,2509
1907,2513
1066,2513
591,2515
1543,2515
1795,2516
296,2517
1772,2520
603,2520
228,2525
851,2525
497,2528
931,2528
1453,2530
286,2530
957,2530
1850,2530
1553,2531
181,2532
134,2535
983,2536
1436,2538
559,2541
74,2542
1743,2548
970,2555
1441,2555
1999,2556
32,2557
1402,2557
1261,2558
345,2559
784,2560
556,2560
1109,2573
623,2574
1983,2574
807,2574
1488,2575
1200,2576
1515,2578
1387,2586
58,2593
1285,2596
1235,2597
810,2597
1948,2599
1790,2603
575,2604
550,2606
656,2613
906,2614
735,2621
1021,2625
964,2628
1068,2630
415,2631
1996,2633
354,2635
1602,2636
1156,2637
295,2640
652,2642
670,2644
651,2645
1856,2648
1416,2650
35,2659
1160,2660
1177,2663
384,2664
913,2665
698,2667
1674,2667
1989,2668
1683,2669
1157,2671
1455,2676
425,2678
712,2679
648,2681
936,2682
1027,2685
10,2685
1811,2686
1447,2687
1639,2691
638,2693
517,2694
319,2694
1845,2697
1195,2700
54,2702
385,2704
1533,2707
1227,2711
210,2714
639,2714
732,2717
1079,2728
1928,2729
1995,2729
977,2729
260,2730
1000,2733
1843,2734
350,2736
776,2737
330,2737
1962,2741
1326,2743
501,2748
333,2750
608,2753
1612,2756
1514,2758
199,2759
760,2762
1887,2766
380,2767
130,2768
522,2772
1899,2774
1406,2775
662,2777
1415,2777
984,2779
1136,2783
1657,2787
308,2790
246,2794
1825,2795
787,2796
1815,2798
604,2800
668,2803
1878,2804
230,2809
1500,2810
590,2812
1970,2813
1286,2814
1386,2815
505,2817
704,2817
1301,2818
313,2819
383,2825
1699,2827
1203,2827
831,2831
1089,2832
1834,2834
461,2834
1293,2835
338,2838
1346,2840
1950,2841
1084,2843
289,2845
342,2847
1869,2851
1600,2851
282,2852
1120,2853
175,2859
595,2860
1304,2861
869,2861
317,2864
1037,2864
1138,2865
1875,2865
1102,2866
1450,2867
454,2867
197,2871
1299,2872
910,2873
87,2873
744,2873
833,2875
1620,2875
780,2875
1590,2876
887,2876
1629,2878
183,2879
1985,2879
1913,2881
714,2882
779,2884
955,2887
57,2890
1420,2892
1254,2892
985,2893
660,2895
1787,2896
1080,2898
1980,2898
251,2900
1911,2902
1433,2903
570,2904
561,2904
1812,2905
971,2907
1569,2908
1953,2910
444,2913
1202,2913
916,2914
335,2915
1798,2917
622,2918
1698,2919
8,2921
393,2922
792,2922
1684,2922
1672,2924
793,2927
1100,2928
1150,2929
1998,2930
1992,2932
220,2933
327,2934
152,2934
666,2939
752,2943
1765,2943
68,2944
294,2949
269,2950
1117,2951
91,2952
1535,2954
508,2955
1896,2959
1930,2959
489,2962
1116,2963
336,2964
48,2966
883,2968
1008,2969
587,2973
412,2978
474,2982
1248,2983
682,2984
618,2984
177,2985
219,2993
1028,2993
69,2993
1269,2996
1955,3000
875,3003
94,3004
611,3007
1739,3009
252,3010
1209,3012
95,3012
1611,3013
738,3016
521,3016
167,3021
886,3021
676,3026
102,3029
1145,3030
438,3030
1097,3032
278,3032
1667,3033
125,3033
399,3034
51,3034
1960,3035
545,3036
1654,3036
1426,3036
312,3038
1073,3042
1059,3046
423,3047
1137,3052
1826,3053
1984,3054
1276,3054
692,3054
355,3054
1516,3057
1081,3060
921,3064
1972,3067
200,3068
283,3069
1452,3069
822,3070
1392,3074
665,3075
122,3075
520,3076
1965,3079
207,3082
664,3082
1496,3083
1001,3090
1128,3092
552,3094
1717,3095
1578,3098
348,3100
1282,3102
950,3103
1296,3107
237,3108
1036,3117
1179,3117
1052,3123
1319,3123
1630,3126
375,3127
1752,3128
748,3136
599,3137
992,3139
1099,3143
1344,3143
1853,3145
850,3149
180,3149
1016,3160
1467,3163
1540,3167
113,3169
23,3173
1933,3179
1181,3181
1818,3184
1669,3188
1694,3195
214,3197
715,3200
624,3204
1335,3206
7,3212
723,3217
1719,3235
145,3236
427,3243
1139,3248
431,3252
1844,3253
173,3256
900,3256
1046,3257
515,3258
1391,3258
449,3261
1411,3262
1,3265
1773,3271
1775,3271
1018,3284
1527,3285
841,3286
782,3289
1449,3290
1556,3300
643,3305
510,3307
27,3313
653,3314
126,3314
16,3315
751,3316
1184,3316
1513,3320
400,3321
1030,3322
1973,3323
1525,3327
546,3337
987,3342
1004,3344
1839,3348
1340,3358
943,3360
347,3363
1373,3364
1062,3371
633,3376
1483,3386
1653,3387
842,3388
1141,3391
89,3392
271,3405
800,3417
351,3420
33,3420
1781,3421
674,3424
473,3426
1993,3427
1364,3435
1005,3440
1816,3445
2,3446
381,3459
25,3467
1555,3474
148,3475
321,3481
914,3483
571,3483
538,3485
262,3499
9,3500
531,3504
250,3507
93,3512
713,3516
974,3518
215,3520
818,3521
1040,3524
364,3528
1302,3529
17,3530
1738,3531
239,3536
1631,3542
502,3543
1324,3557
370,3560
791,3564
1320,3568
1396,3577
1751,3579
865,3579
781,3582
1637,3584
1034,3609
1096,3610
1465,3617
30,3617
1833,3624
1671,3626
1492,3629
1432,3631
584,3639
726,3640
1847,3643
852,3650
1214,3651
741,3654
541,3658
899,3660
1379,3661
422,3668
809,3671
409,3680
642,3681
1774,3681
1087,3688
832,3692
1337,3693
235,3696
455,3702
1399,3705
11,3713
549,3718
469,3722
864,3730
1434,3736
178,3739
1331,3751
4,3765
365,3771
1697,3773
61,3789
1682,3792
557,3793
988,3796
442,3796
1622,3816
443,3819
525,3824
1414,3825
369,3827
868,3867
1934,3880
1831,3881
558,3885
99,3885
1041,3890
1956,3895
689,3897
90,3905
432,3917
880,3922
1378,3934
242,3952
1048,3953
1539,3957
406,3959
1122,3960
1013,3969
774,3972
539,3983
1589,3992
1665,3998
253,4008
1822,4008
189,4009
1338,4012
1518,4013
1978,4015
701,4020
823,4023
1015,4025
150,4029
1333,4034
1613,4038
1221,4039
620,4049
270,4055
1171,4057
1288,4057
1230,4067
194,4068
786,4073
870,4075
1939,4082
1568,4099
1745,4112
1625,4121
1944,4129
1726,4131
1670,4131
635,4142
226,4144
478,4151
811,4162
1435,4163
932,4167
1932,4167
1762,4173
144,4173
1572,4176
1464,4187
956,4213
123,4213
1763,4217
390,4218
1205,4233
1603,4243
1858,4259
1206,4262
927,4275
29,4281
1475,4298
585,4301
155,4326
885,4328
151,4346
1401,4348
1757,4350
161,4366
1479,4375
1958,4379
1186,4380
1800,4388
1377,4395
60,4430
795,4433
19,4450
1438,4459
798,4463
240,4478
1440,4478
186,4513
1125,4549
1888,4550
1633,4555
1848,4557
1532,4559
1724,4570
1349,4572
1473,4588
1872,4601
1174,4606
388,4611
1566,4612
1733,4626
1463,4633
1808,4651
1529,4655
543,4659
685,4662
1232,4668
641,4691
687,4704
863,4736
966,4743
678,4745
785,4751
1469,4760
468,4780
1908,4798
961,4807
1564,4814
946,4832
737,4835
1643,4847
1231,4853
804,4879
1204,4889
441,4931
1897,4941
1375,4946
1425,4948
884,4955
616,4962
537,4963
727,4964
1893,4973
491,4981
451,4995
1168,4997
1233,5006
1351,5063
922,5069
325,5077
266,5096
960,5103
357,5142
1675,5148
778,5163
448,5199
1043,5211
287,5218
683,5237
512,5266
1692,5272
299,5286
254,5287
816,5340
1929,5349
1770,5380
820,5410
1372,5508
634,5508
1677,5555
255,5617
1803,5632
573,5654
1054,5656
1722,5664
1511,5668
783,5698
216,5713
1859,5752
873,5755
854,5760
846,5784
1147,5824
1103,5825
301,5851
702,5867
1864,5915
373,5925
297,5941
1927,5959
1759,6020
1050,6033
761,6050
404,6061
218,6063
1321,6066
1636,6148
1446,6158
1058,6195
1354,6244
1318,6257
1618,6272
49,6368
302,6371
1498,6443
184,6483
1236,6526
583,6624
1311,6685
465,6804
322,6818
1064,6875
1019,6935
762,6948
1502,7004
763,7086
460,7129
673,7137
555,7277
1871,7382
609,7523
1443,7691
1284,7739
154,7921


0
5363

BUILD SUCCESSFUL in 12s
2 actionable tasks: 2 executed
