> Task :simulator:compileJava
> Task :simulator:processResources NO-SOURCE
> Task :simulator:classes

> Task :simulator:run
simblock.block.ProofOfWorkBlock@cc34f4d:0
81,0
12,65
347,100
13,115
297,131
715,143
531,147
595,151
236,158
969,166
924,172
925,187
903,199
992,202
83,202
681,204
25,212
68,214
352,222
705,229
811,231
672,232
552,234
33,236
115,238
932,249
871,249
915,250
821,251
205,252
69,253
945,253
27,255
124,261
573,263
929,266
15,266
545,269
950,269
604,270
835,271
407,273
268,278
89,278
508,279
398,284
163,285
77,285
663,287
329,289
384,289
358,292
379,296
501,297
587,301
590,301
375,302
747,303
897,303
689,303
664,305
467,305
830,306
798,308
813,310
832,310
222,311
984,312
947,314
622,315
423,315
758,315
470,316
908,317
537,317
243,318
620,318
665,319
87,319
948,322
256,324
541,325
942,326
818,327
277,327
42,328
453,329
55,330
972,330
464,331
456,331
223,332
466,332
249,333
16,334
234,334
376,334
655,335
585,336
471,337
229,337
90,338
312,338
151,339
418,340
280,340
217,341
853,341
239,342
609,342
717,343
739,344
797,344
440,345
879,346
882,346
730,347
336,347
938,348
420,349
422,349
579,349
598,350
19,351
944,351
182,351
704,352
130,352
410,352
180,353
743,353
102,354
824,354
957,354
505,354
722,355
153,356
165,356
167,356
767,356
473,357
145,357
154,358
324,358
439,358
316,360
668,360
275,361
996,361
827,362
468,362
840,362
147,364
383,364
866,365
759,366
491,366
746,366
673,368
667,368
458,368
870,368
53,369
146,370
965,371
475,371
498,373
881,373
350,373
503,373
914,374
570,375
671,376
333,377
337,378
520,378
295,379
24,379
817,379
639,380
515,380
748,381
920,381
685,381
482,382
542,382
710,383
305,383
757,385
959,385
128,385
754,385
951,386
644,386
711,386
574,386
543,387
893,387
323,387
937,388
71,388
790,388
231,389
526,389
191,390
301,390
846,390
907,390
127,391
203,392
979,392
591,392
507,393
389,394
744,394
116,394
190,394
814,395
856,396
149,396
17,396
442,396
412,396
307,396
292,397
476,397
48,398
251,399
886,400
345,400
865,401
713,401
751,401
546,401
338,401
962,402
714,402
875,402
29,402
868,403
740,404
849,404
380,406
645,406
92,406
485,406
858,407
851,408
582,408
39,410
109,410
599,410
134,410
298,411
436,411
240,411
615,411
783,412
911,413
857,413
695,414
864,414
300,414
628,414
602,414
779,415
561,416
82,417
706,417
257,417
488,417
828,417
982,419
597,421
916,421
535,422
522,422
904,423
457,424
728,424
164,425
434,425
565,426
431,426
372,426
8,427
558,427
497,428
781,428
360,429
971,429
394,430
958,430
416,431
718,431
999,432
99,432
653,432
21,432
928,432
209,432
227,433
487,434
490,434
770,435
469,437
624,437
985,438
654,440
854,441
560,441
778,442
839,442
489,443
342,444
391,444
41,445
159,445
63,446
200,447
106,447
195,447
172,448
632,450
836,450
366,450
56,450
313,452
185,453
766,453
258,454
970,454
975,455
994,456
267,456
125,457
208,458
548,458
246,458
861,459
885,460
31,461
603,461
79,461
427,462
692,464
465,465
289,466
800,466
281,467
640,467
123,468
363,469
213,469
176,470
888,471
687,471
5,474
186,475
34,475
359,476
206,476
940,477
210,477
631,477
605,477
296,478
59,478
618,478
93,482
637,487
150,488
320,490
737,496
385,499
309,500
612,502
833,507
838,508
263,510
651,511
731,514
424,517
177,519
973,521
524,523
326,528
727,529
784,533
568,534
852,538
529,539
553,542
193,542
742,545
104,547
155,558
400,558
682,560
194,565
247,584
448,595
183,602
314,602
997,611
725,615
259,626
806,641
460,654
132,655
791,659
283,663
626,663
327,663
504,663
294,664
720,678
61,680
221,681
78,682
516,684
540,684
694,685
220,689
162,692
701,693
906,695
304,696
368,698
900,703
506,704
801,707
617,708
777,712
196,713
921,716
822,717
736,718
216,719
133,720
199,721
105,724
444,725
262,730
225,731
826,733
820,734
396,735
792,736
248,736
479,738
601,738
204,739
638,740
279,744
726,745
330,747
175,747
2,749
3,749
596,750
325,750
967,751
931,752
253,753
829,753
734,754
136,756
364,756
64,757
774,758
987,765
922,769
772,772
241,774
837,775
923,777
815,780
625,783
749,783
919,784
765,789
356,789
538,791
963,794
564,795
831,795
181,796
369,797
733,797
863,799
635,808
741,809
647,812
429,815
447,817
843,817
593,820
578,820
318,830
559,831
775,832
567,833
35,834
218,835
178,837
160,842
308,843
764,847
171,848
207,849
139,851
794,854
981,856
395,857
544,858
555,862
52,864
361,864
367,868
321,877
43,878
855,878
684,880
807,882
661,885
332,886
214,887
224,888
532,891
993,897
140,904
496,910
760,916
219,916
1000,918
719,922
94,926
729,929
998,931
954,931
233,934
88,938
902,942
991,943
74,944
502,944
450,948
319,949
23,953
980,961
463,978
723,979
32,981
563,982
676,986
4,990
616,994
629,996
129,1014
939,1016
57,1024
486,1025
306,1025
481,1028
254,1032
441,1033
393,1034
493,1036
113,1036
36,1036
351,1037
415,1038
137,1038
977,1041
189,1047
898,1050
771,1051
842,1051
299,1053
549,1054
650,1057
782,1057
512,1058
776,1058
373,1062
20,1067
355,1070
675,1076
60,1078
943,1079
895,1081
142,1082
909,1086
483,1087
732,1090
261,1093
161,1094
519,1095
272,1097
634,1101
927,1107
370,1109
100,1114
454,1114
592,1114
755,1117
688,1117
623,1119
401,1119
768,1121
896,1127
678,1127
435,1128
539,1130
642,1133
700,1141
584,1147
478,1149
287,1149
405,1150
480,1151
525,1155
607,1170
425,1174
825,1175
569,1184
670,1186
173,1187
131,1188
411,1192
121,1198
812,1198
98,1199
11,1206
610,1210
702,1211
580,1214
589,1216
646,1216
46,1231
844,1240
120,1244
802,1249
810,1251
901,1253
303,1261
793,1262
310,1262
960,1264
627,1267
679,1269
600,1272
652,1274
274,1276
989,1276
724,1276
883,1277
586,1282
260,1293
873,1294
62,1315
85,1316
311,1316
961,1319
250,1319
891,1320
614,1322
619,1328
867,1329
988,1330
266,1331
930,1331
108,1331
890,1335
45,1336
662,1345
96,1346
869,1352
562,1360
769,1368
354,1369
54,1375
118,1378
417,1379
803,1381
630,1381
499,1382
409,1383
872,1392
428,1392
708,1394
10,1396
699,1396
819,1403
534,1406
669,1410
445,1410
242,1411
377,1411
271,1416
752,1416
378,1417
138,1417
285,1420
946,1426
949,1427
576,1429
198,1430
550,1430
941,1432
841,1433
328,1435
331,1436
455,1437
284,1441
75,1442
952,1443
528,1445
517,1448
290,1449
141,1451
278,1451
357,1452
187,1456
461,1456
527,1459
936,1461
577,1463
641,1469
143,1470
459,1472
399,1473
67,1474
339,1482
917,1482
955,1484
148,1485
859,1487
438,1488
608,1488
716,1490
443,1492
643,1497
756,1502
693,1506
28,1509
521,1510
119,1514
392,1518
698,1519
144,1522
795,1523
575,1523
215,1525
976,1527
566,1532
95,1535
518,1536
245,1543
37,1547
269,1552
474,1557
1,1567
437,1569
403,1570
110,1571
49,1578
606,1578
533,1587
286,1587
648,1591
7,1592
964,1592
265,1594
433,1596
484,1606
511,1610
500,1614
477,1625
995,1625
581,1630
780,1632
184,1637
201,1651
834,1662
660,1665
712,1668
735,1673
785,1676
80,1679
892,1683
168,1691
419,1693
235,1695
523,1699
341,1701
402,1702
14,1703
633,1707
348,1710
252,1713
449,1722
381,1726
816,1734
169,1739
884,1740
789,1742
192,1752
335,1754
860,1759
38,1762
47,1763
117,1773
228,1776
621,1784
340,1786
26,1789
276,1796
847,1802
495,1807
611,1812
152,1815
956,1819
72,1823
170,1826
536,1834
513,1839
804,1843
547,1846
408,1853
103,1858
291,1866
761,1866
76,1878
212,1891
753,1895
874,1897
805,1910
18,1920
762,1922
848,1923
690,1924
344,1946
876,1956
492,1963
554,1963
472,1968
382,1973
112,1975
158,1993
683,1995
264,1999
156,2004
397,2023
58,2025
707,2025
823,2030
974,2031
556,2043
406,2054
703,2054
413,2059
788,2064
446,2066
613,2073
983,2074
978,2083
877,2083
850,2092
588,2102
255,2102
935,2104
315,2106
270,2110
22,2125
390,2127
878,2132
966,2143
691,2150
551,2157
968,2159
238,2169
530,2182
773,2202
421,2207
494,2221
44,2245
111,2252
349,2259
179,2272
166,2274
122,2284
353,2285
649,2286
894,2287
414,2289
388,2297
933,2298
97,2306
721,2307
990,2308
188,2331
986,2339
514,2341
462,2347
51,2354
346,2390
66,2400
889,2404
809,2407
763,2408
918,2409
114,2413
594,2414
237,2420
657,2439
226,2445
912,2453
343,2476
371,2482
50,2492
365,2534
202,2546
659,2546
934,2548
302,2555
666,2556
787,2571
674,2576
786,2615
697,2623
386,2626
322,2641
387,2643
636,2654
913,2663
84,2675
432,2693
135,2696
232,2715
799,2751
572,2774
426,2803
107,2813
862,2830
73,2830
557,2842
656,2861
709,2877
452,2883
174,2899
6,2917
680,2933
65,2986
9,2991
571,2993
677,3006
317,3016
91,3021
905,3057
282,3068
211,3088
334,3103
796,3122
374,3178
101,3179
230,3197
430,3212
70,3218
910,3235
808,3247
583,3281
86,3298
926,3368
750,3372
30,3447
845,3483
899,3491
953,3498
451,3500
288,3506
696,3630
244,3637
157,3673
362,3727
745,3727
126,3742
273,3753
510,3864
658,3945
404,3983
738,4007
880,4240
509,4350
197,4357
40,4584
686,4849
887,5116
293,5361

simblock.block.ProofOfWorkBlock@5066a895:1
26,0
339,285
878,377
169,481
894,574
557,580
880,647
441,680
844,744
126,775
889,837
877,856
317,899
91,917
834,1006
540,1017
121,1049
310,1055
371,1096
837,1105
815,1131
314,1136
750,1143
568,1174
661,1176
625,1180
786,1191
112,1197
474,1202
370,1207
103,1216
884,1216
771,1220
293,1238
762,1249
311,1252
308,1259
131,1262
516,1288
500,1293
174,1299
251,1302
327,1303
768,1304
690,1305
409,1307
968,1308
651,1308
426,1310
601,1324
225,1326
716,1331
569,1336
580,1336
891,1343
344,1345
741,1349
361,1351
411,1353
130,1353
630,1366
450,1369
882,1375
556,1376
270,1376
373,1379
3,1381
578,1383
528,1390
272,1392
319,1395
896,1396
280,1401
244,1402
4,1403
585,1405
34,1406
701,1406
647,1407
395,1407
382,1410
536,1411
801,1412
502,1414
910,1415
587,1415
989,1417
847,1417
745,1418
28,1422
618,1422
586,1424
874,1426
199,1427
262,1430
743,1431
783,1438
818,1440
403,1444
398,1447
64,1449
420,1449
680,1450
794,1451
977,1452
243,1452
831,1452
961,1454
141,1455
907,1456
494,1456
105,1460
445,1462
979,1464
876,1465
232,1465
604,1466
253,1466
821,1469
461,1470
715,1471
74,1471
906,1474
615,1475
444,1475
164,1479
997,1480
583,1481
216,1483
334,1484
675,1484
559,1485
9,1485
93,1486
1000,1487
858,1488
478,1488
367,1490
369,1492
357,1492
2,1494
139,1494
434,1494
767,1494
923,1496
387,1496
991,1496
931,1496
862,1498
338,1499
201,1500
973,1502
538,1502
117,1504
132,1504
127,1507
320,1509
935,1510
415,1511
982,1512
946,1513
626,1514
712,1515
475,1515
196,1515
729,1515
883,1518
330,1519
679,1520
527,1521
173,1521
15,1521
866,1521
65,1522
155,1523
122,1525
205,1525
824,1526
30,1526
900,1526
930,1526
11,1528
849,1529
823,1530
408,1530
94,1531
52,1532
582,1534
508,1534
526,1535
230,1536
986,1536
331,1536
904,1537
939,1539
645,1541
812,1541
697,1542
693,1544
787,1544
710,1544
271,1546
364,1546
687,1547
365,1547
503,1548
104,1549
522,1549
622,1549
190,1550
496,1551
432,1551
224,1551
325,1551
914,1553
841,1555
31,1556
19,1556
363,1557
504,1558
492,1559
171,1559
323,1560
851,1560
941,1561
332,1563
480,1564
88,1564
981,1564
476,1565
256,1565
928,1566
259,1566
165,1567
993,1568
429,1568
133,1569
110,1569
453,1570
23,1570
203,1570
643,1571
191,1572
940,1572
800,1576
153,1576
486,1577
14,1577
390,1578
673,1579
908,1580
109,1581
567,1583
359,1583
457,1583
995,1584
146,1584
963,1585
938,1586
183,1587
817,1589
905,1589
12,1590
642,1590
151,1590
396,1591
575,1591
542,1591
713,1591
685,1592
407,1593
246,1594
294,1594
702,1595
751,1596
386,1598
864,1598
100,1601
721,1602
780,1602
470,1602
8,1603
531,1604
290,1604
307,1604
635,1605
975,1606
659,1606
152,1606
511,1606
287,1608
886,1609
304,1609
47,1611
719,1612
942,1613
489,1614
998,1615
120,1615
650,1618
236,1621
5,1621
662,1621
683,1622
832,1622
353,1623
859,1623
264,1624
352,1624
144,1628
577,1628
92,1629
581,1630
170,1630
375,1631
346,1633
853,1633
807,1635
976,1635
520,1639
438,1640
784,1640
820,1640
181,1642
996,1643
676,1643
301,1645
775,1649
70,1650
634,1650
72,1651
440,1652
777,1652
566,1653
418,1653
863,1654
80,1654
987,1656
499,1656
349,1656
748,1659
826,1660
437,1662
38,1662
137,1663
481,1665
539,1666
945,1667
563,1668
726,1668
533,1669
733,1669
698,1669
118,1669
639,1671
381,1673
185,1676
400,1679
667,1680
717,1680
335,1681
854,1682
485,1683
674,1683
695,1683
816,1685
956,1687
519,1692
321,1693
193,1694
776,1695
241,1696
114,1699
248,1699
497,1700
901,1701
610,1702
312,1703
348,1705
90,1705
515,1708
602,1710
555,1711
219,1715
572,1716
718,1718
184,1720
754,1723
300,1727
714,1729
742,1733
589,1733
257,1735
55,1744
356,1745
560,1745
740,1747
544,1750
179,1752
42,1752
427,1754
739,1756
68,1757
158,1761
985,1763
879,1773
696,1775
652,1778
299,1780
593,1780
720,1782
529,1783
467,1783
469,1786
936,1791
825,1791
341,1795
451,1799
277,1802
620,1804
263,1805
208,1807
728,1807
850,1807
316,1813
140,1813
984,1815
994,1816
221,1818
226,1818
757,1819
220,1822
810,1824
543,1824
738,1825
189,1826
134,1830
655,1836
553,1838
61,1839
378,1839
162,1840
227,1842
168,1843
617,1844
731,1852
678,1857
852,1859
98,1860
389,1861
175,1861
596,1865
752,1865
970,1867
99,1867
525,1867
33,1872
888,1880
612,1882
376,1884
723,1888
782,1890
136,1891
558,1897
393,1897
32,1899
867,1900
595,1911
245,1911
594,1915
796,1916
926,1921
953,1923
423,1925
920,1927
35,1932
213,1933
954,1938
765,1939
828,1939
649,1940
487,1944
235,1946
629,1948
333,1952
518,1955
755,1961
159,1963
778,1965
885,1965
123,1965
119,1966
962,1969
458,1970
149,1978
187,1988
872,1988
600,1991
354,1994
167,1997
229,1998
848,2001
506,2007
744,2009
239,2010
350,2010
599,2011
562,2012
250,2013
260,2013
355,2017
302,2018
606,2022
374,2028
233,2028
401,2030
614,2034
658,2038
959,2042
154,2042
313,2054
44,2059
265,2064
792,2071
530,2071
699,2071
753,2072
172,2082
46,2083
455,2088
551,2099
887,2100
282,2100
700,2101
747,2102
76,2103
541,2114
303,2116
215,2118
138,2118
463,2121
24,2123
242,2124
106,2126
574,2129
802,2134
20,2140
861,2141
468,2141
605,2143
501,2144
933,2154
845,2155
770,2161
192,2164
217,2165
657,2167
611,2168
691,2170
479,2171
247,2179
944,2180
932,2183
725,2192
274,2192
590,2193
966,2198
709,2209
909,2211
41,2214
623,2215
405,2216
505,2221
670,2222
797,2230
955,2230
654,2233
95,2238
550,2240
156,2242
113,2251
306,2251
565,2254
380,2256
598,2257
974,2265
957,2265
965,2273
763,2275
342,2276
417,2276
795,2278
178,2279
571,2281
261,2282
198,2288
545,2291
207,2298
414,2303
78,2308
13,2324
607,2324
513,2335
512,2338
402,2343
857,2344
746,2349
484,2355
769,2361
788,2371
237,2374
895,2383
329,2388
22,2391
632,2392
609,2393
779,2403
493,2404
318,2407
425,2410
546,2411
865,2415
591,2416
394,2419
328,2426
258,2434
473,2437
462,2446
84,2449
835,2450
799,2450
148,2461
433,2462
384,2463
60,2464
255,2468
77,2480
663,2482
737,2485
404,2492
269,2503
115,2507
785,2515
918,2518
947,2523
869,2537
388,2539
804,2541
87,2543
29,2544
385,2549
362,2550
483,2552
969,2553
672,2563
161,2568
57,2577
756,2585
281,2592
943,2595
653,2599
49,2599
809,2605
833,2605
584,2606
238,2609
523,2614
466,2625
648,2628
860,2631
223,2643
669,2668
772,2668
573,2672
646,2676
791,2680
464,2680
576,2681
665,2681
706,2681
507,2681
125,2682
18,2685
819,2695
534,2696
278,2696
898,2698
633,2699
298,2707
128,2710
108,2715
554,2722
774,2723
421,2723
439,2732
911,2737
17,2738
549,2754
435,2762
366,2770
732,2806
547,2810
322,2810
660,2818
999,2832
188,2835
703,2835
964,2851
988,2854
517,2862
722,2865
666,2867
482,2869
960,2872
811,2872
6,2872
166,2874
805,2883
284,2890
326,2905
147,2908
689,2910
552,2915
268,2924
890,2925
616,2927
428,2930
443,2935
377,2937
234,2937
692,2947
448,2949
990,2952
688,2956
397,2960
808,2960
682,2966
58,2968
206,2975
145,2977
43,2979
730,2981
452,2982
903,2990
846,2993
456,3003
86,3006
871,3035
116,3040
54,3046
351,3046
656,3070
129,3071
892,3080
96,3092
952,3093
704,3100
951,3123
597,3134
937,3140
619,3147
532,3149
822,3152
240,3157
803,3162
454,3164
446,3166
436,3167
416,3168
107,3180
916,3193
561,3193
588,3197
142,3200
124,3209
21,3213
925,3221
399,3237
899,3256
324,3268
459,3271
56,3273
157,3274
636,3287
460,3290
491,3309
514,3331
724,3337
773,3349
59,3355
927,3365
564,3372
447,3387
840,3388
758,3390
764,3399
798,3399
781,3406
48,3412
875,3413
97,3413
53,3420
163,3427
200,3430
592,3430
640,3432
82,3439
637,3456
296,3479
613,3481
406,3494
27,3500
289,3545
915,3561
79,3567
286,3571
135,3580
829,3592
949,3602
340,3636
50,3636
228,3645
210,3661
413,3663
266,3664
917,3668
521,3679
524,3686
836,3687
856,3688
627,3691
276,3694
830,3699
449,3711
465,3717
509,3722
490,3723
873,3734
677,3814
45,3823
978,3837
36,3841
881,3850
934,3852
736,3902
570,3903
160,3911
430,3917
948,3917
902,3924
838,3925
813,3926
295,3928
222,3931
603,3936
727,3958
789,3967
893,3972
85,3973
495,3981
305,3986
254,4021
912,4041
249,4062
412,4084
641,4132
684,4139
267,4147
537,4148
806,4148
37,4159
291,4163
410,4180
218,4189
548,4212
608,4221
971,4223
7,4233
73,4236
51,4237
283,4244
686,4305
197,4352
69,4377
1,4379
766,4397
143,4429
477,4433
292,4458
711,4494
793,4496
488,4514
315,4525
202,4578
983,4581
273,4586
336,4598
735,4622
839,4641
89,4702
913,4711
671,4716
176,4763
870,4768
285,4824
929,4830
855,4834
337,4842
535,4890
150,4943
628,4952
498,4975
442,5027
664,5074
297,5086
668,5086
392,5166
790,5187
631,5254
309,5304
180,5329
842,5347
638,5388
204,5415
214,5432
922,5464
897,5510
275,5533
195,5571
621,5576
919,5597
707,5692
644,5779
972,5804
759,5830
209,5837
967,5870
62,5915
419,5930
958,6068
424,6072
177,6076
681,6083
624,6104
980,6124
471,6179
391,6322
10,6329
814,6338
761,6353
383,6364
868,6373
950,6375
921,6510
211,6524
358,6567
368,6610
182,6676
212,6735
924,6781
347,6812
422,6861
372,6900
992,7057
510,7108
379,7163
472,7319
39,7459
101,7486
252,7644
279,7814
75,7845
288,7947
431,8086
734,8234
81,8381
67,8501
749,8561
343,8634
16,8767
843,8905
102,9255
111,9395
40,9542
83,9647
345,9792
579,10028
71,10150
25,10283
827,10402
186,10489
194,10533
708,11217
705,11489
63,11760
231,12026
66,12196
694,12653
360,12947
760,13364

simblock.block.ProofOfWorkBlock@626e1e28:2
295,0
597,48
34,62
301,82
640,97
488,115
929,131
789,131
671,144
907,145
260,145
979,147
358,147
663,159
665,162
104,164
1000,166
503,177
222,179
667,180
558,183
908,191
508,192
972,192
575,193
818,198
251,199
342,200
21,208
916,213
347,214
754,214
143,215
475,219
532,224
897,225
574,225
746,226
68,227
599,228
275,228
39,229
591,229
267,230
543,231
833,232
717,233
33,234
546,235
518,237
378,239
345,239
537,241
814,242
217,243
560,244
937,244
366,245
526,246
982,247
109,247
853,247
715,250
87,250
320,250
487,250
879,251
93,251
517,251
18,256
350,257
737,258
766,261
886,261
903,262
948,263
573,263
713,263
858,264
595,264
456,266
83,266
871,267
206,267
150,268
343,269
186,270
882,272
375,272
453,272
875,273
123,273
374,274
714,275
695,276
55,277
524,277
69,278
722,278
163,278
700,278
579,280
128,281
565,281
955,281
959,281
781,281
90,282
410,283
590,283
778,283
798,283
468,284
687,284
888,285
491,286
865,286
239,286
890,286
852,288
205,288
945,288
19,288
951,289
387,292
779,293
962,293
292,293
507,293
582,294
740,294
333,294
204,295
970,295
861,295
482,296
460,297
473,297
920,297
990,297
194,297
420,297
467,297
817,297
854,298
992,298
520,298
41,298
53,299
470,299
280,299
12,299
692,299
271,300
323,300
88,301
628,301
904,301
963,302
448,303
747,304
240,304
357,304
585,308
515,308
944,309
312,309
932,310
653,311
218,312
89,312
490,312
693,313
74,313
431,313
352,313
213,314
329,314
427,314
379,315
15,315
689,315
465,315
359,315
71,316
263,316
637,316
975,316
165,316
645,317
769,317
309,318
928,318
262,318
48,318
176,319
383,319
870,320
115,320
985,320
154,320
489,321
757,322
984,323
258,323
499,324
336,324
893,324
296,324
423,324
957,326
996,327
561,327
598,328
139,328
813,328
326,328
483,329
180,329
158,329
376,329
775,330
177,330
130,331
407,331
602,331
835,332
751,332
705,332
384,332
191,332
706,332
277,333
497,333
673,333
247,334
872,334
784,334
840,335
828,335
770,335
414,336
200,336
30,336
790,336
758,336
851,336
811,336
545,338
718,339
743,339
868,339
664,340
760,341
999,342
127,342
297,342
190,342
501,343
129,343
81,344
958,345
631,345
442,345
149,345
615,345
198,346
542,346
63,347
824,347
632,347
940,347
313,347
8,348
993,348
424,348
622,349
195,349
324,349
604,352
159,352
773,353
864,353
681,353
654,354
281,354
183,354
528,355
13,355
116,355
31,355
925,355
461,355
230,355
725,356
182,359
605,359
791,360
164,361
233,361
759,361
531,362
42,363
231,364
338,364
969,365
731,365
10,365
25,365
257,366
187,366
29,366
570,366
17,366
744,366
416,366
857,370
941,370
106,370
148,371
704,373
830,373
973,373
581,374
672,375
208,375
85,375
307,375
698,377
464,378
229,378
27,379
885,379
469,379
99,380
655,380
70,381
856,381
534,382
587,383
391,384
372,384
662,385
961,386
881,387
77,388
624,388
305,389
172,389
552,391
618,391
832,391
522,392
971,393
419,393
185,394
739,395
422,397
134,399
498,399
827,403
535,404
337,405
209,411
938,411
846,412
5,413
436,413
418,414
227,414
915,415
727,415
685,418
92,419
412,420
398,424
612,432
644,432
242,433
236,434
394,434
145,434
942,438
102,439
910,440
380,440
214,441
797,442
283,443
976,449
1,453
246,460
548,462
911,465
210,469
710,469
193,471
947,489
118,499
454,501
223,514
839,520
132,526
82,529
393,533
965,540
361,544
259,545
28,550
678,560
562,568
736,572
310,574
568,581
287,582
438,584
512,586
527,587
541,588
826,609
415,618
270,618
189,620
147,621
450,622
406,623
538,628
661,632
385,633
153,633
430,634
445,640
719,640
994,641
991,642
35,642
62,642
806,643
364,645
753,647
647,649
304,650
859,651
478,653
519,653
782,654
451,654
368,655
796,656
373,656
843,661
837,664
729,664
923,664
363,665
331,666
742,667
51,668
9,670
403,671
43,671
594,671
668,673
850,674
606,677
629,678
801,678
221,678
3,679
902,679
738,681
572,681
220,686
141,687
745,687
494,687
351,689
72,692
355,694
225,694
160,697
382,697
626,697
922,700
479,700
397,701
429,702
179,702
4,705
825,708
196,709
279,713
346,715
863,716
353,717
457,717
721,720
730,723
702,723
931,725
807,727
812,733
181,734
484,736
539,737
495,740
480,740
967,741
659,743
566,745
434,757
935,758
390,761
224,762
551,765
829,769
657,769
723,770
650,770
411,774
964,777
921,779
860,779
525,781
500,783
334,784
563,787
114,791
173,792
617,796
496,800
140,801
108,804
52,811
330,812
327,812
764,813
332,814
690,823
997,824
841,837
838,838
199,841
771,843
936,845
874,850
787,851
22,853
23,859
197,866
504,868
170,870
820,871
533,879
529,882
502,882
219,887
447,890
680,890
855,893
674,895
891,898
137,902
100,910
66,910
319,916
94,917
435,923
772,925
762,925
80,928
203,933
136,936
934,939
288,939
741,941
268,941
78,941
919,941
684,950
486,953
625,953
405,965
555,966
126,967
847,967
103,967
237,968
245,972
634,972
57,980
553,981
699,984
481,987
192,990
786,994
40,997
643,999
321,1006
523,1007
341,1009
244,1012
720,1016
607,1017
168,1018
646,1021
530,1024
995,1024
421,1024
974,1024
989,1025
878,1025
433,1025
980,1032
580,1033
900,1033
652,1036
732,1039
506,1040
596,1040
188,1040
765,1043
930,1044
360,1044
306,1050
896,1050
340,1057
564,1057
898,1060
286,1062
777,1064
261,1069
660,1069
735,1071
178,1072
95,1080
472,1081
253,1083
755,1086
593,1087
105,1095
58,1095
426,1102
952,1110
540,1111
831,1112
493,1121
536,1129
166,1135
474,1139
734,1149
884,1162
122,1163
968,1170
876,1182
658,1189
47,1190
142,1196
155,1200
815,1204
144,1216
799,1216
36,1217
50,1237
556,1238
232,1243
613,1244
446,1246
370,1248
293,1252
960,1255
894,1256
399,1262
449,1262
943,1262
656,1272
335,1274
377,1277
578,1278
401,1282
793,1287
174,1287
408,1290
476,1290
761,1294
776,1302
20,1305
711,1308
124,1309
202,1316
298,1321
308,1324
417,1324
466,1325
983,1326
584,1326
289,1333
819,1333
138,1335
316,1336
639,1339
913,1343
201,1343
708,1348
135,1349
290,1349
471,1350
79,1350
11,1355
234,1364
783,1368
317,1370
576,1373
703,1373
780,1379
977,1379
274,1383
75,1384
49,1388
328,1395
459,1396
64,1398
912,1398
285,1399
767,1401
54,1401
709,1401
67,1405
804,1406
917,1406
988,1407
300,1412
458,1412
439,1412
608,1413
96,1413
284,1413
443,1415
821,1415
756,1418
795,1418
914,1419
440,1422
866,1422
367,1422
389,1427
161,1427
620,1427
728,1427
243,1428
146,1428
842,1433
249,1441
125,1446
24,1448
909,1452
648,1454
16,1461
151,1465
432,1467
91,1479
152,1483
724,1483
924,1490
949,1490
589,1492
748,1493
686,1497
892,1504
873,1512
325,1514
111,1524
264,1525
642,1529
623,1532
255,1533
349,1534
986,1537
248,1540
516,1541
215,1543
609,1547
395,1550
299,1550
226,1557
272,1558
156,1559
862,1564
510,1574
509,1584
616,1593
880,1597
559,1599
302,1602
883,1610
2,1612
322,1616
211,1621
630,1625
691,1628
981,1641
849,1642
396,1654
933,1658
601,1659
462,1662
269,1668
554,1679
987,1681
805,1683
365,1687
550,1692
712,1704
845,1706
683,1718
927,1720
73,1727
544,1736
38,1740
98,1743
362,1746
679,1750
557,1753
774,1755
117,1756
318,1770
60,1780
788,1781
889,1784
291,1788
112,1794
792,1806
235,1808
627,1823
131,1824
547,1827
37,1830
867,1832
369,1839
956,1857
697,1858
696,1860
175,1874
677,1875
167,1881
567,1887
400,1900
250,1903
670,1908
6,1915
294,1941
651,1941
56,1950
386,1957
44,1961
675,1963
726,1974
371,1979
404,1986
603,1988
676,1991
455,2001
939,2001
592,2005
571,2010
273,2022
600,2025
895,2044
918,2054
946,2068
492,2077
252,2082
314,2100
348,2102
162,2113
633,2116
707,2118
666,2134
577,2141
763,2149
45,2164
120,2174
413,2174
113,2191
926,2203
636,2221
588,2225
844,2247
402,2252
514,2297
76,2301
354,2316
800,2323
610,2343
768,2355
966,2420
7,2420
638,2424
682,2432
549,2442
701,2443
521,2451
485,2472
311,2476
869,2481
513,2506
836,2509
669,2512
887,2525
157,2528
505,2533
716,2547
816,2552
954,2572
809,2582
381,2584
32,2605
621,2681
848,2682
733,2694
84,2706
282,2716
46,2745
611,2752
65,2763
834,2775
808,2788
171,2828
107,2829
26,2832
428,2856
586,2856
119,2861
810,2894
276,2907
619,2930
169,2943
133,2974
315,2983
794,2988
228,2994
256,3012
899,3037
441,3037
101,3048
998,3071
339,3091
184,3121
749,3167
254,3182
463,3205
583,3219
121,3231
905,3318
511,3330
901,3353
877,3358
694,3366
822,3435
752,3462
110,3495
14,3496
641,3501
278,3579
614,3602
207,3635
97,3643
392,3747
802,3767
303,3782
425,3876
452,3923
823,4012
86,4049
649,4063
265,4199
266,4316
569,4337
477,4362
344,4472
635,4608
803,4625
238,4784
950,4788
688,4855
444,4974
212,5051
409,5188
61,5319
216,5448
356,6017
241,6151
953,6398
437,6436
978,6735
59,6985
906,7784
785,8029
388,8274
750,8518

simblock.block.ProofOfWorkBlock@35c26176:3
297,0
681,60
146,95
526,113
598,130
562,147
976,163
464,171
30,177
653,178
915,188
997,192
522,193
858,197
548,214
888,214
81,216
139,219
333,221
687,221
885,227
17,228
928,229
993,233
15,240
19,243
851,244
882,245
109,251
769,256
158,258
797,259
145,260
147,261
833,265
541,271
42,272
620,273
483,275
217,275
779,275
717,277
727,280
240,285
700,286
944,287
372,289
849,292
85,293
609,294
743,295
347,298
982,299
590,299
379,300
828,302
300,303
754,307
274,307
48,308
25,308
418,309
517,313
31,314
350,314
123,314
389,315
5,316
154,316
153,320
827,321
682,322
458,323
193,323
868,323
972,323
722,324
79,324
128,324
573,324
945,328
130,329
453,329
685,331
234,332
570,336
88,336
920,337
951,337
10,338
186,338
476,339
106,339
281,339
438,339
591,340
499,340
467,341
924,341
200,342
434,344
531,344
698,345
213,345
552,346
195,348
940,348
637,349
914,350
758,351
969,351
937,352
932,352
398,352
615,352
518,353
296,354
378,354
673,354
903,355
641,355
908,356
757,357
124,357
624,358
542,359
277,359
359,362
811,363
393,363
938,364
655,364
663,364
890,366
343,366
70,366
507,367
840,367
971,367
385,368
92,368
705,368
69,370
260,370
747,370
442,370
326,371
886,371
846,371
87,372
783,372
961,372
324,372
965,373
959,374
468,374
824,375
149,375
761,375
358,376
561,376
731,378
546,378
470,378
853,379
781,379
384,379
164,379
148,380
456,380
713,380
879,381
632,381
739,381
180,381
29,382
204,382
560,382
55,382
295,383
970,384
233,384
198,384
27,384
427,384
410,384
767,385
209,386
56,387
508,387
380,388
998,388
582,389
39,389
870,389
704,389
782,390
766,391
82,391
116,392
471,393
420,393
129,394
68,395
902,395
864,395
714,395
665,396
74,396
210,397
515,397
280,398
83,399
190,400
338,400
34,400
448,400
904,400
151,400
897,401
798,401
728,401
800,401
229,401
41,402
672,403
503,404
165,404
374,404
773,404
861,404
376,405
830,405
498,406
585,406
328,408
18,408
473,409
543,409
832,410
574,410
524,411
818,411
33,412
163,412
740,412
203,412
231,412
950,413
737,413
520,414
817,414
312,415
257,415
71,415
631,415
263,416
618,416
309,416
775,418
973,419
706,419
770,420
63,420
208,420
579,420
856,421
179,422
423,423
89,423
711,423
491,423
865,423
710,423
342,424
218,424
205,425
488,425
316,426
925,426
482,426
947,426
223,427
671,428
760,428
907,428
336,428
558,429
301,429
535,429
16,430
329,430
391,430
916,430
599,430
751,431
485,432
185,432
955,433
12,433
307,434
247,434
497,434
490,434
115,435
595,435
77,435
664,437
603,437
394,437
645,438
501,440
839,440
979,440
323,441
416,442
236,442
1000,442
791,442
489,443
975,443
695,443
640,443
461,444
718,444
227,444
422,444
725,446
866,447
692,448
167,448
835,448
102,448
744,448
172,448
24,448
715,449
292,449
53,450
821,451
581,451
436,451
176,452
814,454
271,454
363,454
667,456
249,456
194,456
730,457
183,458
460,458
134,460
412,462
182,462
746,462
994,462
990,465
602,467
127,468
958,469
289,469
258,469
262,471
929,474
654,475
857,475
383,475
759,475
466,476
360,478
93,479
487,480
881,480
457,481
893,483
267,489
143,491
275,493
187,494
469,495
911,497
942,498
8,499
999,500
222,501
251,505
693,507
290,507
414,508
996,512
984,515
644,517
605,518
553,518
992,519
13,520
875,522
919,528
424,538
191,538
475,539
177,541
962,546
252,548
320,559
90,563
612,569
22,582
403,597
778,600
606,609
838,611
419,622
294,622
638,625
341,628
305,631
807,643
400,647
168,647
964,647
28,650
120,652
406,662
265,663
369,665
173,669
995,671
100,673
529,673
314,674
299,678
691,679
625,681
317,686
117,689
304,690
331,697
733,697
51,698
597,698
716,699
956,702
594,704
901,704
657,706
243,706
14,710
356,715
225,716
444,716
720,716
774,722
580,726
513,726
784,727
162,729
734,730
367,731
771,733
679,734
11,738
131,739
221,741
259,741
248,744
538,747
569,748
967,752
141,752
762,752
563,754
659,754
589,754
617,756
364,757
910,758
502,758
564,760
780,764
930,765
72,766
736,771
47,773
931,775
874,776
539,777
661,777
504,778
776,779
676,779
472,780
112,782
381,782
66,783
279,785
812,787
527,788
610,791
544,792
98,792
980,793
596,793
211,795
794,796
4,799
741,799
212,800
867,801
351,805
479,807
643,811
792,815
678,816
567,818
451,819
702,823
199,825
61,826
62,830
623,833
65,834
397,834
348,835
900,839
991,840
311,840
586,846
2,851
855,854
270,855
772,855
533,857
957,861
859,868
189,870
224,871
386,875
435,880
749,881
73,883
230,884
721,885
454,887
516,892
118,893
629,901
583,907
373,909
577,910
64,911
494,913
852,914
813,917
699,918
906,918
445,927
826,930
152,935
1,935
3,942
946,948
332,955
496,960
905,963
968,971
103,971
330,974
396,976
755,979
575,986
220,993
626,999
863,1001
269,1004
555,1019
132,1024
621,1030
432,1030
571,1032
619,1035
95,1036
559,1037
883,1040
226,1040
697,1041
452,1041
192,1043
361,1047
272,1047
166,1050
801,1051
293,1052
161,1052
593,1056
650,1057
23,1058
703,1058
954,1060
633,1064
823,1065
450,1066
786,1067
873,1067
616,1068
802,1070
126,1071
788,1076
321,1077
922,1086
455,1090
228,1092
660,1096
927,1099
399,1104
820,1105
114,1106
411,1110
735,1110
913,1111
285,1111
43,1114
680,1117
933,1122
877,1126
26,1130
306,1130
429,1142
834,1143
113,1149
816,1150
836,1153
642,1155
719,1157
135,1162
895,1163
500,1166
825,1168
607,1168
160,1174
804,1176
923,1178
806,1185
601,1185
346,1187
977,1192
723,1195
651,1198
795,1220
446,1221
921,1223
684,1224
843,1232
133,1242
354,1243
382,1243
844,1244
912,1248
215,1272
196,1274
690,1280
696,1281
918,1283
648,1291
318,1295
49,1299
52,1301
785,1301
266,1304
171,1305
688,1306
45,1309
286,1309
765,1313
54,1316
159,1317
808,1318
283,1322
492,1323
683,1323
869,1325
854,1327
549,1327
255,1329
357,1333
628,1333
493,1335
425,1336
917,1336
449,1339
21,1340
169,1342
799,1349
941,1350
370,1353
119,1359
587,1360
421,1364
355,1365
388,1368
636,1369
96,1370
872,1374
431,1377
960,1383
939,1385
67,1391
936,1391
707,1395
150,1403
387,1408
202,1421
337,1423
278,1428
38,1432
978,1433
256,1435
362,1438
689,1440
622,1443
521,1444
239,1445
137,1446
963,1450
576,1455
891,1456
669,1456
871,1460
819,1463
668,1464
793,1466
756,1466
789,1470
80,1471
459,1476
510,1477
377,1483
443,1483
401,1486
313,1487
268,1488
985,1490
989,1493
298,1501
111,1505
708,1505
565,1506
537,1507
237,1519
528,1526
534,1526
790,1529
104,1532
392,1534
37,1560
99,1561
404,1565
465,1566
206,1567
712,1569
60,1575
748,1581
926,1583
675,1585
658,1586
57,1589
242,1589
76,1591
105,1592
441,1599
474,1606
178,1610
174,1612
646,1616
572,1626
584,1631
175,1634
36,1637
46,1641
909,1651
480,1654
439,1656
845,1664
670,1666
519,1667
768,1687
20,1692
7,1693
408,1694
478,1694
630,1697
815,1697
876,1700
462,1700
777,1701
91,1705
677,1717
506,1727
889,1728
140,1729
303,1730
898,1731
752,1734
157,1742
35,1744
433,1746
155,1749
121,1769
447,1781
556,1782
110,1788
144,1806
59,1810
238,1821
339,1823
78,1825
647,1827
246,1831
554,1838
536,1839
156,1841
896,1845
878,1855
310,1874
405,1883
952,1887
656,1890
273,1892
352,1893
6,1894
512,1909
600,1912
287,1918
282,1922
732,1940
842,1955
701,1960
649,1964
627,1978
753,1987
402,1997
764,2005
974,2020
235,2031
738,2033
254,2033
953,2052
694,2056
334,2060
592,2062
550,2063
122,2088
315,2093
107,2103
837,2104
829,2104
588,2118
390,2163
413,2172
805,2184
344,2188
841,2218
860,2237
486,2237
84,2239
142,2246
86,2253
894,2278
745,2297
578,2298
530,2302
345,2318
440,2322
409,2323
847,2329
652,2336
532,2338
988,2348
803,2353
197,2358
368,2364
604,2365
365,2367
545,2383
662,2402
97,2418
366,2421
674,2434
32,2456
495,2456
75,2467
568,2471
395,2473
291,2481
551,2487
108,2490
892,2491
276,2492
430,2494
308,2496
284,2496
614,2543
608,2551
810,2552
525,2584
862,2597
850,2609
302,2617
219,2623
666,2636
463,2646
763,2665
557,2681
232,2686
729,2704
742,2706
981,2727
428,2733
250,2753
848,2764
181,2772
505,2781
987,2781
566,2810
288,2820
613,2830
611,2850
726,2858
880,2880
94,2885
245,2926
547,2928
9,2959
136,2978
634,2993
216,2999
207,3057
635,3093
796,3097
138,3113
170,3127
724,3171
50,3182
484,3184
426,3192
417,3226
822,3250
934,3274
983,3274
375,3293
214,3323
787,3328
887,3347
327,3356
966,3378
371,3380
58,3410
44,3438
935,3448
353,3463
639,3472
244,3486
948,3491
101,3497
188,3529
253,3586
261,3623
319,3645
340,3672
884,3695
540,3703
322,3711
335,3726
125,3732
325,3743
437,3743
264,3826
40,3827
949,3863
514,3901
415,3932
511,3958
750,3967
986,3994
481,4035
686,4058
477,4082
349,4118
509,4202
184,4250
809,4413
709,4452
831,4459
943,4469
899,5788
407,5807
241,5940
201,6311
523,7004


0
5850

BUILD SUCCESSFUL in 16s
2 actionable tasks: 2 executed
