> Task :simulator:compileJava
> Task :simulator:processResources NO-SOURCE
> Task :simulator:classes

> Task :simulator:run
simblock.block.ProofOfWorkBlock@7cd84586:0
123,0
480,151
380,193
130,266
19,307
102,345
182,352
47,382
132,387
257,391
269,425
120,429
281,429
442,431
331,469
327,470
228,471
495,481
317,501
436,507
462,507
353,518
468,519
465,528
385,537
35,545
220,549
97,555
298,568
52,573
428,580
394,582
370,583
486,585
191,588
240,589
349,593
396,595
361,606
424,609
245,619
292,623
166,628
355,633
131,635
347,636
450,637
87,640
291,642
479,644
32,647
294,653
379,661
75,662
26,667
149,669
235,671
83,681
73,684
203,685
421,687
362,688
101,695
33,696
325,701
307,701
348,702
109,704
313,705
249,709
463,709
46,710
110,712
403,712
202,715
366,718
365,719
59,721
197,724
17,725
185,725
457,728
404,730
215,732
222,735
494,739
323,741
56,741
225,744
429,748
159,748
65,757
238,760
86,760
218,763
209,765
369,768
398,769
234,775
54,778
342,779
116,781
415,782
487,783
261,784
208,786
300,790
213,793
497,795
40,798
275,799
401,799
126,800
306,800
390,803
11,804
253,809
133,811
119,811
358,812
106,813
239,815
459,816
42,817
388,820
416,820
1,826
446,827
304,828
330,829
122,830
258,831
165,832
455,832
162,834
230,835
205,839
161,839
111,843
471,846
359,847
430,847
199,848
188,849
470,849
397,850
490,853
340,855
434,859
14,859
425,863
278,864
211,864
316,867
63,871
60,872
158,877
157,879
204,881
241,886
27,889
412,893
175,893
108,895
62,906
206,910
433,916
386,917
37,917
280,929
20,930
392,930
383,939
112,940
336,944
410,946
176,952
237,958
64,967
107,975
464,977
466,979
155,980
143,988
247,989
477,992
105,1000
48,1003
170,1009
80,1010
445,1010
363,1013
376,1014
34,1019
320,1023
118,1027
472,1037
460,1042
454,1048
432,1050
2,1052
135,1055
36,1058
224,1058
169,1059
3,1065
483,1066
90,1069
368,1083
417,1093
255,1095
21,1096
137,1098
181,1106
128,1110
484,1113
70,1115
267,1118
333,1120
8,1128
92,1132
413,1133
187,1134
447,1140
441,1140
200,1146
95,1148
146,1150
214,1157
89,1165
478,1169
324,1170
153,1170
44,1181
473,1184
443,1187
338,1190
282,1190
55,1191
395,1191
265,1194
141,1198
250,1199
387,1206
91,1215
183,1220
382,1226
496,1228
405,1228
207,1234
469,1241
18,1245
440,1252
84,1260
308,1260
231,1261
16,1263
426,1277
297,1283
456,1288
88,1289
236,1300
29,1315
43,1315
476,1316
461,1317
210,1330
274,1331
78,1334
186,1340
334,1349
328,1365
167,1370
393,1376
66,1391
493,1394
50,1397
142,1401
475,1405
171,1409
276,1419
482,1424
423,1435
286,1450
283,1453
77,1455
312,1462
7,1466
350,1476
492,1482
68,1492
406,1499
489,1507
219,1511
337,1522
190,1541
76,1544
474,1549
268,1560
226,1581
419,1584
488,1596
293,1597
140,1602
375,1605
53,1609
72,1631
45,1640
212,1650
31,1651
414,1664
451,1674
4,1679
67,1680
113,1681
139,1699
263,1711
305,1712
12,1714
125,1718
420,1730
184,1733
372,1738
452,1756
481,1767
150,1781
124,1789
343,1803
243,1806
221,1807
193,1816
151,1816
260,1836
407,1840
448,1842
28,1862
435,1892
251,1901
287,1903
115,1919
154,1919
242,1923
15,1926
104,1936
272,1947
196,1950
96,1966
246,1980
289,1994
23,2006
374,2011
152,2012
491,2047
252,2065
377,2079
279,2085
449,2100
288,2103
371,2109
138,2161
259,2161
309,2176
41,2197
299,2220
321,2229
145,2251
296,2268
195,2309
100,2360
341,2364
174,2369
284,2404
127,2420
467,2447
378,2455
179,2472
357,2484
314,2486
303,2526
400,2546
498,2557
148,2581
163,2611
24,2620
453,2636
69,2715
98,2723
270,2740
58,2741
408,2903
311,3066
216,3231
114,3271
117,3384
81,3392
173,3464
310,3513
194,3527
346,3652
244,3696
418,3761
256,3764
344,3825
136,3889
351,4052
262,4068
364,4123
402,4490
438,4493
266,4505
144,4530
93,4535
192,4540
147,4541
94,4557
326,4566
301,4596
285,4601
5,4647
444,4648
360,4650
427,4673
254,4676
329,4692
277,4711
345,4720
198,4722
273,4729
177,4760
431,4765
411,4780
134,4802
168,4806
22,4807
389,4858
6,4877
439,4893
399,4897
352,4914
82,4915
319,4943
129,4960
178,5011
318,5015
57,5027
85,5042
13,5064
367,5068
356,5120
79,5121
121,5148
422,5156
381,5190
164,5197
180,5272
232,5273
409,5277
373,5295
485,5308
61,5326
156,5334
49,5344
302,5388
499,5434
217,5464
71,5505
315,5516
271,5529
229,5624
201,5650
332,5668
391,5739
264,5777
339,5782
25,5889
500,5891
99,5964
295,5981
103,6050
335,6152
322,6174
290,6185
172,6199
10,6262
39,6355
9,6411
354,6441
74,6489
160,6516
189,6677
458,6705
30,6910
227,6911
51,7053
38,7153
223,7248
248,8261
384,8296
437,8458
233,9652

simblock.block.ProofOfWorkBlock@25109608:1
78,0
153,95
91,110
214,126
351,143
307,159
200,162
493,174
346,175
324,178
270,190
449,204
116,204
31,210
89,212
239,213
262,218
466,220
167,223
196,225
24,229
319,229
64,229
22,237
110,237
488,239
185,240
311,240
25,243
310,245
393,251
332,254
366,265
489,267
53,269
320,269
492,269
12,272
357,272
475,273
216,273
363,278
264,279
184,280
84,282
213,283
435,285
340,286
202,286
408,286
58,286
208,288
453,290
62,292
472,292
499,294
127,295
16,297
392,300
158,301
387,301
122,302
72,302
294,302
312,306
451,307
282,311
27,311
330,312
253,314
448,315
121,315
304,315
367,317
483,318
484,319
406,320
148,321
412,322
29,322
321,322
13,323
4,323
199,323
57,324
485,327
459,327
440,331
113,331
477,334
422,334
86,334
377,335
161,336
54,336
441,336
60,336
103,338
415,338
135,341
333,341
51,342
154,342
188,345
478,345
386,346
272,346
155,348
105,348
368,349
194,350
343,353
7,353
443,353
369,353
500,354
63,354
457,355
445,355
425,355
476,355
201,356
186,357
190,357
414,360
410,362
409,363
420,365
204,368
287,368
348,369
8,370
211,371
437,371
279,374
419,374
293,375
432,376
439,381
39,383
179,384
490,384
267,389
389,392
170,392
447,394
344,396
433,397
137,398
206,399
88,400
315,401
231,407
274,412
224,412
55,415
454,415
226,416
417,419
401,430
40,430
230,430
430,431
405,436
136,438
373,439
100,441
133,442
471,443
95,444
77,446
338,450
163,477
487,477
399,477
107,480
275,483
426,495
212,495
494,498
203,503
162,508
328,512
160,518
205,521
233,526
379,537
3,538
460,546
210,547
491,550
424,555
385,562
356,563
92,567
383,582
309,597
431,617
421,636
49,639
313,640
427,654
305,655
141,658
235,660
251,670
20,673
365,677
47,681
123,683
416,685
159,686
469,688
254,692
82,694
446,694
36,696
129,697
80,704
442,704
75,712
177,713
370,719
108,719
140,719
109,724
48,725
331,729
165,736
176,737
17,738
470,739
496,744
303,750
32,750
301,753
318,754
182,758
390,766
117,770
74,770
347,776
317,777
244,784
327,788
362,789
26,797
380,805
280,813
126,823
191,838
381,838
85,839
444,840
220,844
468,845
418,845
112,866
299,875
396,879
436,881
480,898
131,900
289,906
404,927
269,935
242,958
228,969
277,974
138,981
124,988
1,995
227,997
237,1000
104,1001
9,1004
498,1010
106,1011
358,1012
461,1018
284,1026
271,1029
314,1040
261,1044
34,1044
83,1047
229,1049
495,1055
325,1056
56,1066
281,1067
486,1071
296,1080
102,1080
172,1084
181,1104
37,1107
384,1108
101,1121
341,1122
265,1123
67,1124
465,1140
151,1157
65,1175
73,1175
349,1181
119,1187
273,1190
316,1204
139,1209
232,1224
429,1228
173,1230
323,1232
41,1242
322,1252
169,1269
142,1291
99,1299
353,1303
175,1343
400,1345
428,1354
222,1367
164,1402
115,1424
15,1430
149,1432
354,1486
193,1500
247,1502
290,1517
258,1529
130,1531
364,1547
263,1556
152,1604
423,1615
268,1656
479,1660
452,1694
292,1734
125,1743
76,1751
144,1768
223,1768
68,1798
276,1798
411,1799
71,1816
382,1857
143,1858
189,1906
225,1926
397,1930
398,1956
455,1990
81,2018
23,2074
171,2131
70,2192
395,2209
259,2279
337,2292
157,2338
241,2439
257,2466
256,2483
295,2484
18,2503
97,2599
195,2636
497,2730
69,2815
46,2867
371,2871
183,3161
156,3223
35,3263
342,3355
308,3362
306,3385
132,3490
403,3503
145,3503
14,3514
278,3558
434,3635
376,3651
474,3747
33,3781
345,3841
248,3857
66,3872
482,3887
128,3908
198,3911
352,3926
180,3933
407,3939
336,3946
473,3948
61,3948
21,3962
402,3963
266,3970
178,3972
168,3980
250,3983
28,3990
339,3996
350,3996
283,3999
458,4014
255,4019
450,4025
286,4030
302,4042
238,4044
11,4134
300,4155
249,4160
240,4163
359,4171
298,4181
236,4208
329,4305
5,4356
378,4378
6,4393
50,4421
134,4425
217,4571
120,4596
291,4690
118,4712
10,4756
192,4796
187,4818
197,4851
260,4882
394,4958
150,4992
334,5063
59,5123
285,5226
463,5276
38,5303
361,5339
19,5366
288,5371
243,5378
96,5442
388,5494
146,5562
42,5603
30,5625
147,5721
166,5750
45,5819
374,5955
2,5983
252,5984
114,6144
246,6197
360,6493
221,6628
52,6666
391,6700
219,6907
93,6981
375,6998
464,7045
245,7160
215,7237
207,7393
467,7493
94,7568
413,7584
326,7729
355,7897
438,7948
462,8075
218,8123
87,8220
234,8254
481,8315
79,8366
90,8382
174,8607
43,8638
297,8939
44,8986
335,9032
111,9145
456,9267
209,9305
98,9576
372,9775

simblock.block.ProofOfWorkBlock@43ac3b45:2
345,0
89,3717
492,3768
122,3818
440,3820
389,3835
250,3850
95,3867
315,3882
8,3886
328,3886
496,3886
310,3900
116,3900
54,3900
200,3900
457,3915
417,3916
135,3929
407,3934
321,3935
338,3935
211,3937
476,3939
62,3947
212,3947
24,3948
448,3949
320,3951
184,3952
386,3955
208,3958
153,3964
210,3965
261,3966
363,3967
196,3973
179,3980
420,3980
161,3980
162,3980
279,3981
367,3981
287,3982
485,3984
1,3987
136,3987
22,3988
216,3991
224,3994
275,3994
185,3995
133,3995
267,3995
430,3996
137,3996
118,3997
278,3997
230,3997
274,3999
304,4003
168,4003
428,4004
7,4005
427,4005
309,4006
164,4007
66,4008
190,4008
44,4011
439,4012
85,4012
471,4012
447,4012
435,4013
105,4014
306,4014
100,4014
399,4015
294,4015
344,4018
154,4020
419,4022
12,4023
36,4023
255,4024
205,4025
346,4025
337,4025
213,4025
167,4026
128,4026
366,4026
488,4027
236,4028
406,4029
129,4029
78,4029
143,4030
124,4030
272,4033
405,4034
231,4034
356,4036
312,4037
422,4039
293,4040
303,4042
475,4043
441,4043
239,4043
92,4044
348,4044
82,4045
311,4045
453,4047
494,4047
13,4047
40,4048
412,4048
270,4049
401,4049
491,4049
60,4049
27,4051
483,4051
113,4052
450,4052
155,4053
88,4053
103,4054
203,4056
127,4056
188,4058
84,4059
286,4060
206,4061
29,4061
459,4063
460,4065
140,4065
233,4066
57,4068
333,4068
369,4069
226,4070
202,4070
499,4071
330,4072
339,4075
91,4076
55,4077
158,4078
472,4079
110,4079
307,4080
373,4081
357,4081
93,4082
77,4084
351,4084
437,4085
72,4086
387,4090
477,4093
28,4094
487,4095
3,4096
201,4098
377,4098
410,4098
443,4100
21,4101
319,4101
478,4108
64,4108
336,4108
186,4112
39,4113
282,4113
451,4114
466,4114
445,4117
170,4117
415,4118
194,4121
4,4126
426,4129
493,4130
16,4130
500,4144
343,4145
121,4150
324,4156
131,4161
449,4161
156,4164
404,4164
25,4165
482,4170
484,4181
308,4182
18,4189
408,4211
163,4215
302,4215
222,4222
409,4232
86,4241
160,4252
53,4267
52,4280
262,4287
313,4289
396,4301
433,4304
157,4313
462,4317
298,4324
177,4326
480,4338
26,4342
33,4344
281,4350
247,4360
347,4361
187,4368
301,4369
495,4372
76,4374
403,4377
251,4379
349,4389
240,4395
101,4395
394,4396
73,4400
244,4400
228,4400
390,4404
235,4404
436,4406
42,4410
19,4415
370,4418
90,4419
444,4419
238,4419
175,4419
87,4421
342,4421
209,4425
269,4426
361,4427
470,4427
323,4427
327,4431
316,4437
198,4445
383,4449
237,4452
388,4455
305,4456
277,4458
181,4471
37,4471
382,4472
14,4473
15,4473
111,4476
268,4483
326,4484
416,4493
114,4496
132,4499
413,4501
220,4503
273,4504
35,4508
257,4529
380,4529
292,4531
442,4534
353,4538
169,4549
424,4550
421,4551
365,4565
411,4586
150,4588
218,4600
197,4600
165,4604
289,4607
355,4613
51,4621
225,4622
329,4623
431,4626
474,4627
397,4638
362,4640
381,4657
259,4666
497,4686
249,4688
102,4702
50,4702
498,4716
138,4717
75,4720
227,4729
379,4729
271,4730
468,4733
79,4737
9,4746
446,4751
2,4752
291,4756
41,4756
290,4759
123,4764
191,4771
17,4773
23,4779
331,4792
141,4816
423,4817
398,4818
288,4842
71,4848
245,4861
314,4870
334,4875
385,4880
318,4891
455,4896
83,4954
232,4960
297,4970
374,4986
400,4986
364,4996
265,5002
221,5019
142,5039
117,5083
30,5086
395,5126
99,5126
45,5140
119,5154
340,5173
204,5177
325,5219
360,5221
67,5230
454,5233
195,5235
248,5253
461,5260
215,5268
295,5277
74,5285
199,5298
276,5324
98,5328
148,5346
130,5360
335,5368
174,5384
418,5390
358,5414
49,5449
242,5457
296,5478
371,5479
465,5500
56,5543
264,5569
263,5574
452,5579
284,5613
20,5635
108,5644
393,5651
145,5663
149,5676
481,5729
38,5759
317,5772
46,5781
47,5802
223,5896
81,5903
65,5922
322,5971
69,5973
300,6038
375,6079
59,6097
193,6133
258,6152
183,6201
207,6340
32,6359
392,6360
96,6522
173,6830
106,6999
125,7026
260,7273
126,7366
176,7397
266,7580
178,7596
61,7696
402,7705
58,7711
94,7715
151,7737
180,7778
458,7780
489,7830
479,7847
107,7876
11,7878
5,7946
120,7977
469,7995
285,8105
378,8119
464,8125
134,8158
283,8166
139,8187
31,8325
217,8366
6,8414
146,8446
234,8457
147,8458
159,8547
109,8588
229,8630
243,8667
359,8695
280,8707
434,8856
43,8870
299,8997
256,9116
354,9619
34,9869
219,10026
372,10172
463,10330
254,10495
80,10694
391,10967
473,11077
352,11275
253,11290
350,11340
490,11385
166,11512
241,11647
384,11775
48,11915
438,11954
486,12045
112,12178
104,12198
429,12312
246,12443
10,12501
252,12546
467,12743
68,12749
70,12835
456,12992
171,13561
115,13921
214,14761
432,18442
414,22122
332,25801
368,29480
63,33163
425,36860
376,40653
144,44450
97,48247
182,52046
192,55867
341,59784
172,63689
152,67594
189,71502

simblock.block.ProofOfWorkBlock@1f0630a9:3
350,0
352,3715
406,3748
239,3764
179,3796
91,3804
425,3812
336,3820
185,3834
449,3846
307,3852
110,3853
401,3854
84,3861
236,3865
460,3867
92,3869
412,3876
148,3877
475,3882
31,3884
312,3885
320,3896
328,3898
4,3900
346,3901
432,3901
95,3902
430,3902
203,3912
448,3912
351,3914
437,3915
40,3915
170,3917
302,3917
443,3919
70,3922
194,3924
478,3926
393,3927
356,3928
500,3928
309,3930
210,3932
459,3934
426,3934
392,3935
78,3937
202,3939
367,3940
18,3942
77,3944
267,3945
66,3945
140,3946
105,3948
190,3952
407,3953
89,3953
308,3955
415,3957
205,3959
304,3961
204,3961
13,3961
88,3963
128,3966
199,3966
311,3968
471,3969
389,3969
499,3970
121,3971
248,3972
417,3972
212,3973
64,3976
476,3978
51,3978
157,3979
186,3980
255,3980
344,3980
116,3980
103,3981
466,3982
264,3983
494,3983
274,3984
340,3985
457,3986
338,3987
315,3988
127,3988
409,3988
85,3989
493,3990
168,3990
343,3992
27,3992
399,3993
428,3994
188,3995
113,3995
58,3996
439,3997
1,3997
160,3998
332,3998
28,4001
294,4002
25,4004
373,4004
214,4007
283,4008
226,4009
63,4009
487,4012
57,4013
492,4014
196,4014
363,4015
484,4019
156,4021
162,4022
270,4027
206,4027
155,4028
286,4030
441,4031
483,4032
482,4033
211,4033
496,4034
357,4034
161,4034
333,4034
129,4035
472,4035
387,4036
107,4038
287,4038
413,4039
330,4041
337,4041
253,4042
158,4045
305,4047
339,4049
3,4050
22,4051
44,4052
8,4052
72,4053
348,4054
100,4056
143,4057
306,4058
310,4060
12,4061
419,4062
54,4064
303,4066
369,4071
321,4072
7,4074
427,4074
231,4074
293,4075
201,4078
216,4081
122,4083
491,4087
208,4087
39,4094
410,4104
420,4106
422,4115
433,4116
55,4117
163,4131
53,4137
164,4141
154,4142
447,4145
490,4150
445,4180
166,4185
135,4186
258,4192
408,4197
118,4199
36,4213
386,4225
405,4233
133,4236
451,4243
238,4247
32,4262
176,4262
73,4275
117,4286
292,4299
262,4307
159,4307
20,4307
381,4308
97,4313
213,4321
247,4321
150,4322
398,4326
347,4330
235,4332
325,4334
380,4336
240,4337
101,4339
29,4343
272,4347
17,4349
74,4362
469,4366
362,4368
416,4373
254,4375
480,4384
317,4385
370,4390
268,4393
316,4397
388,4404
244,4406
249,4412
149,4433
165,4434
108,4435
131,4437
123,4440
329,4453
277,4456
365,4460
429,4460
233,4463
436,4469
349,4470
59,4483
468,4484
385,4498
197,4521
228,4525
424,4530
48,4570
404,4576
35,4582
126,4588
144,4588
342,4594
323,4613
224,4613
138,4626
43,4631
486,4641
299,4644
207,4646
361,4647
111,4650
279,4650
435,4652
23,4654
444,4660
282,4674
237,4694
52,4698
477,4703
384,4706
83,4707
46,4711
79,4711
125,4717
41,4719
395,4722
314,4726
220,4727
222,4728
298,4732
34,4740
465,4744
331,4757
251,4759
434,4775
256,4775
376,4784
397,4792
372,4808
378,4828
15,4836
109,4837
42,4841
359,4853
454,4856
189,4870
45,4903
431,4912
175,4923
241,4935
260,4941
184,4960
497,4968
418,4970
252,4980
396,4986
242,4992
21,4999
446,5004
65,5075
67,5078
360,5100
2,5101
114,5116
327,5134
319,5152
371,5154
98,5167
152,5182
139,5194
14,5197
474,5208
296,5213
290,5224
75,5230
364,5234
271,5235
461,5236
151,5248
291,5249
442,5262
353,5263
106,5346
49,5349
182,5351
198,5356
250,5356
120,5392
47,5409
324,5433
9,5437
341,5471
335,5475
172,5487
261,5495
60,5513
173,5538
297,5542
379,5552
234,5556
232,5617
354,5622
142,5663
38,5684
225,5686
221,5693
37,5734
223,5761
470,5793
115,5819
295,5843
76,5921
195,5924
219,5937
313,5956
183,5961
301,6012
227,6069
90,6076
177,6113
265,6184
498,6195
467,6238
229,6346
463,6396
485,6551
33,6653
145,6666
326,6684
366,6727
80,6757
358,6812
375,6846
181,6863
50,6929
191,6940
99,7042
479,7077
403,7123
171,7185
284,7199
209,7235
280,7285
16,7430
136,7513
61,7551
345,7556
93,7566
245,7576
458,7602
414,7619
402,7648
94,7672
178,7672
453,7676
19,7687
266,7691
169,7700
180,7712
488,7728
438,7734
26,7780
473,7792
102,7805
289,7819
112,7830
450,7836
374,7843
257,7862
187,7912
215,7962
5,7966
87,7973
141,8051
30,8054
423,8060
281,8094
391,8116
134,8143
6,8157
147,8272
452,8289
119,8314
259,8318
10,8339
334,8344
322,8353
96,8367
68,8384
390,8400
269,8455
455,8528
81,8588
193,8596
481,8616
11,8656
192,8876
174,8882
146,8931
318,9022
276,9026
440,9052
382,9056
124,9098
263,9267
104,9272
137,9314
411,9330
71,9436
243,9616
300,9774
355,10145
218,10304
400,10668
394,10899
69,10996
62,11110
24,11551
456,11875
217,12258
130,12419
56,12858
200,14789
86,18469
489,22148
278,25829
153,29512
368,33191
82,36875
230,40555
377,44236
167,47916
275,51595
285,55390
464,59192
383,62992
462,66784
421,70579
495,74372
132,78172
273,81969
288,85880
246,89791


0
3792

BUILD SUCCESSFUL in 9s
2 actionable tasks: 2 executed
