> Task :simulator:compileJava
> Task :simulator:processResources NO-SOURCE
> Task :simulator:classes

> Task :simulator:run
simblock.block.ProofOfWorkBlock@4e50df2e:0
9,0
3,3150
6,6279
1,9398
5,12630
8,15870
10,19100
4,22332
7,25673
2,29075

simblock.block.ProofOfWorkBlock@37f8bb67:1
9,0
1,22179
3,25299
6,28430
10,31661
4,34890
8,38118
5,41353
7,44700
2,48099

simblock.block.ProofOfWorkBlock@6e5e91e4:2
9,0
3,45614
6,48729
1,51862
8,55092
10,58321
4,61550
5,64778
7,68119
2,71529

simblock.block.ProofOfWorkBlock@5e8c92f4:1
8,0
10,3467
5,6846
4,10226
6,13706
9,17187
3,20659
1,24137
2,27674
7,31220

simblock.block.ProofOfWorkBlock@5c8da962:2
1,0
3,3150
6,6266
9,9381
8,12622
4,15852
5,19089
10,22318
7,25659
2,29058

simblock.block.ProofOfWorkBlock@75828a0f:1
7,0
2,4704
5,8996
4,13291
10,17585
8,21883
9,26216
3,30556
6,34887
1,39217

simblock.block.ProofOfWorkBlock@768debd:2
5,0
4,3477
8,6857
10,10237
9,13714
3,17190
1,20663
2,24198
7,27743

simblock.block.ProofOfWorkBlock@282ba1e:3
5,0
4,22839
8,26230
6,26573
10,29611
1,33088
3,36564
9,40039
2,43579
7,47124

simblock.block.ProofOfWorkBlock@2eee9593:4
5,0
4,44007
8,47385
6,47758
10,50764
9,54237
1,57710
3,61183
2,64745
7,68290

simblock.block.ProofOfWorkBlock@47f37ef1:3
7,0
8,16063
10,20358
2,24650
4,28947
5,33237
3,37584
6,41921
9,46280
1,50612

simblock.block.ProofOfWorkBlock@3cb5cdba:3
8,0
5,3457
10,6837
4,10219
9,13690
1,17164
6,20636
3,24109
2,27654
7,31207

simblock.block.ProofOfWorkBlock@4411d970:3
6,0
3,3154
1,6268
5,6643
9,9385
8,12617
10,15861
4,19094
7,22439
2,25839

simblock.block.ProofOfWorkBlock@6276ae34:5
5,0
4,44661
10,48051
6,48403
8,51429
1,54900
9,58380
3,61862
2,65403
7,68953

simblock.block.ProofOfWorkBlock@1810399e:4
8,0
5,12534
4,15914
10,19301
3,22778
9,26257
6,29731
1,33203
2,36741
7,40285

simblock.block.ProofOfWorkBlock@4520ebad:6
5,0
4,65295
10,68674
6,69031
8,72060
9,75535
1,79018
3,82492
2,86028
7,89573

simblock.block.ProofOfWorkBlock@59fa1d9b:4
7,0
5,12137
8,16430
10,20725
2,25017
4,29321
1,33651
9,38004
3,42333
6,46674

simblock.block.ProofOfWorkBlock@1a968a59:4
3,0
1,3153
6,6267
9,9381
5,12625
8,15878
4,19120
10,22352
7,25695
2,29095

simblock.block.ProofOfWorkBlock@5ec0a365:5
10,0
8,3458
4,6836
5,10217
3,13700
6,17170
1,20646
9,24125
2,27661
7,31217

simblock.block.ProofOfWorkBlock@18eed359:7
5,0
8,54414
4,57797
6,58153
10,61180
9,64653
3,68127
1,71604
2,75143
7,78688

simblock.block.ProofOfWorkBlock@67b92f0a:5
2,0
10,6267
5,12143
4,18030
8,23913
7,29800
3,35782
9,41765
1,47749
6,53733

simblock.block.ProofOfWorkBlock@7d0587f1:6
2,0
4,51351
8,57228
5,63105
10,68992
7,74880
6,80886
1,86869
9,92858

simblock.block.ProofOfWorkBlock@631330c:6
10,0
5,5041
8,8426
4,11807
1,15280
3,18755
6,22233
9,25705
2,29241
7,32787

simblock.block.ProofOfWorkBlock@a38d7a3:7
9,0
6,3151
1,6275
3,9390
10,12619
5,15850
4,19083
8,22311
7,25652
2,29055

simblock.block.ProofOfWorkBlock@10a035a0:8
5,0
4,31713
8,35094
10,38488
9,41968
1,45438
3,48914
2,52449
7,55994

simblock.block.ProofOfWorkBlock@73d4cc9e:8
3,0
1,3156
6,6306
9,9420
10,12662
4,15889
5,19120
8,22364
7,25716
2,29113

simblock.block.ProofOfWorkBlock@76b10754:8
10,0
4,3456
8,6853
5,10232
3,13702
1,17179
9,20656
6,24133
2,27672
7,31217

simblock.block.ProofOfWorkBlock@33b37288:8
8,0
5,3456
10,6840
4,10227
9,13710
6,17191
1,20661
3,24137
2,27689
7,31234

simblock.block.ProofOfWorkBlock@58fdd99:9
9,0
3,3157
1,6272
6,9389
4,12617
5,15847
10,19076
8,22305
7,25649
2,29063

simblock.block.ProofOfWorkBlock@351d0846:9
3,0
1,20787
9,23903
6,27017
4,30246
8,33480
5,36707
10,39936
7,43279
2,46679

simblock.block.ProofOfWorkBlock@6156496:10
5,0
10,16506
8,19884
4,23263
9,26739
3,30214
1,33692
2,37228
7,40781

simblock.block.ProofOfWorkBlock@6e75aa0d:10
10,0
8,3464
5,6842
4,10233
3,13705
1,17176
9,20647
6,24118
2,27653
7,31206

simblock.block.ProofOfWorkBlock@16e7dcfd:11
8,0
10,3458
5,6837
4,10215
3,13690
9,17163
1,20641
6,24119
2,27659
7,31204

simblock.block.ProofOfWorkBlock@6ce139a4:12
8,0
4,33757
5,37135
10,40515

simblock.block.ProofOfWorkBlock@7d0587f1:6
3,98840

simblock.block.ProofOfWorkBlock@5cee5251:10
9,0
3,3153
1,6269
6,9396
8,12627
4,15856
10,19085
5,22317
7,25659
2,29060

simblock.block.ProofOfWorkBlock@29626d54:12
5,0
10,18555
4,21941
6,22302
8,25320
9,28795
1,32267
3,35751
2,39286
7,42842

simblock.block.ProofOfWorkBlock@15c43bd9:10
7,0
5,4707
2,9017
8,13310
4,17605
10,21897
6,26227
1,30561
9,34892
3,39222

simblock.block.ProofOfWorkBlock@7334aada:13
8,0
5,40306
4,43697
10,47078
1,50555
9,54030

simblock.block.ProofOfWorkBlock@1fa268de:12
6,0
3,3150
9,6264
1,9380
5,10421
4,12613
8,15856
10,19086
7,22428
2,25828

simblock.block.ProofOfWorkBlock@5b239d7d:12
3,0
6,3153
1,6267
9,9390
10,12619
5,15849
8,19077
4,22306
7,25647
2,29044

simblock.block.ProofOfWorkBlock@158d2680:13
6,0
9,24856
3,27975
5,28391
1,31090
8,34323
10,37551
4,40784
7,44134
2,47543

simblock.block.ProofOfWorkBlock@14cd1699:12
2,0
10,6269
8,12153
5,18033
4,23911
7,29799
1,35781
9,41767
3,47754
6,53753

simblock.block.ProofOfWorkBlock@411f53a0:14
8,0
10,57115

simblock.block.ProofOfWorkBlock@6a6cb05c:12
7,0
10,18036
8,22332
2,26623
4,30923
5,35215
1,39544
9,43874
3,48205
6,52537

simblock.block.ProofOfWorkBlock@6ce139a4:12
9,43986
6,47459
3,50930
1,54402
2,57937
7,61484

simblock.block.ProofOfWorkBlock@5bda8e08:13
2,0
10,44348
5,50228
4,56106

simblock.block.ProofOfWorkBlock@c0c2f8d:14
5,0
8,3460
10,6840
4,10220
6,10590
3,13692
1,17164
9,20641
2,24179
7,27723

simblock.block.ProofOfWorkBlock@762ef0ea:14
3,0
6,3153
1,6267
9,9383
8,12612
10,15841
5,19073
4,22301
7,25649
2,29048

simblock.block.ProofOfWorkBlock@7748410a:15
4,0
10,3460
5,6839
8,10219
3,13696
1,17170
9,20644
6,24118
2,27654
7,31219

simblock.block.ProofOfWorkBlock@7334aada:13
6,57500
3,60982
2,64521
7,68066

simblock.block.ProofOfWorkBlock@2177849e:15
3,0
6,19035
1,22150
9,25265
5,28492
4,31724
10,34953

simblock.block.ProofOfWorkBlock@378542de:15
6,0
9,3149
1,6268
5,6636
3,9384
10,12614
8,15843
4,19077
7,22422
2,25820

simblock.block.ProofOfWorkBlock@120f102b:14
7,0
4,4701
8,8992
10,13296
2,17592
5,21884
3,26221
6,30550

simblock.block.ProofOfWorkBlock@2fd1433e:16
10,0
8,3458
4,6840
5,10226
9,13699
6,17173
3,20646
1,24122
2,27665
7,31217

simblock.block.ProofOfWorkBlock@411f53a0:14
5,60496
4,63879
1,67350
9,70831
6,74302
3,77772
2,81308
7,84853

simblock.block.ProofOfWorkBlock@7e5afaa6:16
9,0
1,4740
6,7854
3,10968
10,14197
4,17436
8,20670
5,23908
7,27248
2,30646

simblock.block.ProofOfWorkBlock@1de5f259:17
5,0
8,3456
10,6859
4,10240
9,13712
6,15694
3,17183
1,20654
2,24191
7,27762

simblock.block.ProofOfWorkBlock@5bda8e08:13
7,62005
8,67883
1,73865
9,79846
3,85830
6,91815

simblock.block.ProofOfWorkBlock@5824a83d:18
8,0
4,8861
10,12253
5,15631
1,19102
3,22582
6,26055
9,29527
2,33062
7,36612

simblock.block.ProofOfWorkBlock@3c77d488:17
3,0
6,16280
1,19397
9,22514
5,25744
8,28998
10,32228
4,35456
7,38796
2,42194

simblock.block.ProofOfWorkBlock@6e6f2380:18
4,0
5,3467
10,6845
8,10225
1,13696
6,17169
3,20643
9,24113
2,27648
7,31193

simblock.block.ProofOfWorkBlock@795509d9:17
6,0
3,3160
1,6274
9,9388
5,9764
8,12627
10,15857
4,19085
7,22427
2,25825

simblock.block.ProofOfWorkBlock@4a83a74a:18
5,0
4,15905
10,19283
8,22664
1,26138
9,29614
3,33091
2,36635
7,40179

simblock.block.ProofOfWorkBlock@2177849e:15
8,38188
7,41531
2,44931

simblock.block.ProofOfWorkBlock@120f102b:14
1,34887
9,39216

simblock.block.ProofOfWorkBlock@496bc455:19
4,0
8,24460
5,27842
10,31221
1,34691
9,38164
3,41639
6,45115
2,48650
7,52200

simblock.block.ProofOfWorkBlock@f1da57d:19
10,0
8,3456
4,6839
5,10218
9,13690
6,17167
1,20640
3,24113
2,27653
7,31203

simblock.block.ProofOfWorkBlock@79207381:19
8,0
5,13435
10,16818
4,20201
9,23676
6,27146
1,30627
3,34098
2,37648
7,41202

simblock.block.ProofOfWorkBlock@29d80d2b:20
10,0
8,29970
4,33351
5,36730
9,40211
3,43684
1,47156
6,50628
2,54176
7,57722

simblock.block.ProofOfWorkBlock@415b0b49:19
2,0
10,6266
5,12148
8,18035
4,23913
7,29804
9,35788
6,41771
3,47753
1,53736

simblock.block.ProofOfWorkBlock@e3b3b2f:20
8,0
10,27485
4,30869
5,34284
9,37757
3,41228
1,44707
6,48178
2,51713
7,55261

simblock.block.ProofOfWorkBlock@1169afe1:21
10,0
5,32104
8,35487
4,38886
3,42361
6,45834
9,49304
1,52775
2,56316
7,59861

simblock.block.ProofOfWorkBlock@34b9f960:20
7,0
5,4700
2,8993
10,13284
8,17575
4,21871
3,26203
1,30532
6,34864
9,39194

simblock.block.ProofOfWorkBlock@6f3187b0:20
1,0
9,3158
6,6273
3,9388
8,12615
10,15847
4,19077
5,22306
7,25647
2,29045

simblock.block.ProofOfWorkBlock@895e367:22
10,0
4,46300
5,49681
8,53060

simblock.block.ProofOfWorkBlock@1c39680d:21
1,0
9,25214
3,28332
6,31478
8,34706
10,37935
4,41166
5,44393
7,47740
2,51142

simblock.block.ProofOfWorkBlock@27508c5d:21
4,0
5,3454
10,6832
8,10213
3,13686
6,17178
9,20652
1,24126
2,27662
7,31206

simblock.block.ProofOfWorkBlock@6e15fe2:23
10,0

simblock.block.ProofOfWorkBlock@68f4865:22
6,0
1,3155
9,6270
3,9386
10,12617
4,15848
8,19077
5,22172
7,22420
2,25820

simblock.block.ProofOfWorkBlock@6bf08014:21
2,0
8,6271
10,12151
4,18035
5,23924
7,29810
6,35799
9,41782

simblock.block.ProofOfWorkBlock@6e005dc9:23
6,0
9,21157
1,24278
3,27397
8,30624
10,33853
4,37097

simblock.block.ProofOfWorkBlock@6c2ed0cd:23
1,0
9,13081
6,16198
3,19315
4,22546
8,25776
5,29011
10,32245
7,35588

simblock.block.ProofOfWorkBlock@38604b81:22
7,0
2,4702
5,9004
4,13295
10,17587
8,21879
6,26217
9,30549
3,34905

simblock.block.ProofOfWorkBlock@6f44a157:22
5,0
4,3466
8,6863
10,10242
9,13713
1,17184
3,20657
2,24194
7,27741

simblock.block.ProofOfWorkBlock@2c78d320:23
5,0
4,23369
8,26748
10,30129

simblock.block.ProofOfWorkBlock@3d9c13b5:23
8,0
4,3458
5,6851
10,10249
1,13724
9,17195
6,20666
3,24139
2,27679
7,31239

simblock.block.ProofOfWorkBlock@895e367:22
3,56536
6,60006
1,63477
9,66947
2,70482
7,74045

simblock.block.ProofOfWorkBlock@1e461e41:24
10,0

simblock.block.ProofOfWorkBlock@58be6e8:23
7,0
5,19126
8,23420

simblock.block.ProofOfWorkBlock@6f63b475:24
7,0

simblock.block.ProofOfWorkBlock@6e15fe2:23
4,63977
5,67355
8,70739
9,74223
3,77710
6,81185

simblock.block.ProofOfWorkBlock@3a4621bd:25
10,0

simblock.block.ProofOfWorkBlock@6e005dc9:23
7,40443
2,43843

simblock.block.ProofOfWorkBlock@6bf08014:21
3,47767
1,53761

simblock.block.ProofOfWorkBlock@6c2ed0cd:23
2,38986

simblock.block.ProofOfWorkBlock@38604b81:22
1,39236

simblock.block.ProofOfWorkBlock@1f3f02ee:24
4,0
5,3463
8,6856
10,10237
9,13719
3,17191
1,20666

simblock.block.ProofOfWorkBlock@2c78d320:23
1,33600
9,37072
3,40554
2,44091
7,47637

simblock.block.ProofOfWorkBlock@3da30852:24
9,0
1,3152
3,6268
6,9384
10,12616
4,15853

simblock.block.ProofOfWorkBlock@22d7b4f8:24
6,0
9,3162
1,6280
3,9395
4,12624

simblock.block.ProofOfWorkBlock@41d426b5:25
7,0

simblock.block.ProofOfWorkBlock@58be6e8:23
2,27714
10,32016
4,36312
1,40641

simblock.block.ProofOfWorkBlock@6e15fe2:23
1,84659
2,88206
7,91750

simblock.block.ProofOfWorkBlock@5f0e9815:24
2,0
8,6270
5,12163

simblock.block.ProofOfWorkBlock@2654635:25
9,0

simblock.block.ProofOfWorkBlock@55dfcc6:26
10,0

simblock.block.ProofOfWorkBlock@13d73fa:27
10,0

simblock.block.ProofOfWorkBlock@906d29b:25
2,0

simblock.block.ProofOfWorkBlock@1e461e41:24
8,50099
4,53486
5,56873
1,60347
3,63825
9,67298

simblock.block.ProofOfWorkBlock@1f3f02ee:24
6,24142
2,27677
7,31221

simblock.block.ProofOfWorkBlock@604f2bd2:28
10,0

simblock.block.ProofOfWorkBlock@3da30852:24
8,19091
5,22319
7,25664
2,29065

simblock.block.ProofOfWorkBlock@22d7b4f8:24
8,15861
10,19110
7,22458
2,25856

simblock.block.ProofOfWorkBlock@232a7d73:26
7,0

simblock.block.ProofOfWorkBlock@58be6e8:23
6,44986
3,49331
9,53660

simblock.block.ProofOfWorkBlock@5f0e9815:24
10,18043
4,23930
7,29829
9,35829
1,41812
3,47799
6,53785

simblock.block.ProofOfWorkBlock@189aa67a:25
5,0
8,3464
10,6844
6,7194
4,10223
3,13713
9,17185
1,20657
2,24193
7,27741

simblock.block.ProofOfWorkBlock@6b3e12b5:26
2,0

simblock.block.ProofOfWorkBlock@2654635:25
6,24017
1,27132
3,30251
10,33481
5,36716
8,39944
4,43173
7,46519
2,49919

simblock.block.ProofOfWorkBlock@1d131e1b:26
9,0
3,25821
6,28937
1,32051
8,35278
5,38508
10,41746
4,44977

simblock.block.ProofOfWorkBlock@6f63b475:24
8,55920
10,60219
5,64512
4,68813
2,73104
9,77441
3,81778
1,86109
6,90441

simblock.block.ProofOfWorkBlock@1e461e41:24
6,70769
2,74308
7,77881

simblock.block.ProofOfWorkBlock@1dd6d4b7:29
10,0

simblock.block.ProofOfWorkBlock@3a4621bd:25
4,61467
8,64846
5,68225
3,71699
9,75170
6,78655
1,82134
2,85670
7,89232

simblock.block.ProofOfWorkBlock@7f6f61c8:26
3,0
9,3151
1,6272
6,9388
5,12616
10,15848
4,19079
8,22307
7,25647
2,29049

simblock.block.ProofOfWorkBlock@906d29b:25
4,49957
5,55834
8,61711
10,67588
7,73473
3,79454
9,85436

simblock.block.ProofOfWorkBlock@68fa0ba8:26
8,0
5,3467
4,6847
10,10230
3,13708
9,17181
6,20654
1,24133
2,27674
7,31219

simblock.block.ProofOfWorkBlock@5c530d1e:27
7,0

simblock.block.ProofOfWorkBlock@41d426b5:25
4,70774
10,75070
2,79366
5,83658
8,87951
6,92289
1,96631
9,100962

simblock.block.ProofOfWorkBlock@55dfcc6:26
5,70329
4,73709
8,77094
3,80571
6,84057
1,87538
9,91009
2,94544
7,98088

simblock.block.ProofOfWorkBlock@4b7e96a:27
6,0
3,3154
1,6272
5,6660
9,9386
8,12617
4,15846
10,19076
7,22422
2,25829

simblock.block.ProofOfWorkBlock@1d131e1b:26
7,48319
2,51717

simblock.block.ProofOfWorkBlock@278bb07e:27
5,0
10,3469
4,6856
8,10253
6,10600
1,13729
9,17206
3,20679
2,24215
7,27770

simblock.block.ProofOfWorkBlock@7c541c15:27
8,0
4,18632
5,22016
10,25396
9,28871
6,32342

simblock.block.ProofOfWorkBlock@3fa2213:28
1,0
3,3156
6,6273
9,9400
10,12631
8,15858
5,19086
4,22318
7,25665
2,29064

simblock.block.ProofOfWorkBlock@40cb698e:28
8,0

simblock.block.ProofOfWorkBlock@726e5805:29
3,0
6,3152
9,6275
1,9392
8,12622
4,15851

simblock.block.ProofOfWorkBlock@4678a2eb:30
10,0

simblock.block.ProofOfWorkBlock@906d29b:25
6,91419
1,97405

simblock.block.ProofOfWorkBlock@2c88b9fc:31
10,0

simblock.block.ProofOfWorkBlock@41d426b5:25
3,105299

simblock.block.ProofOfWorkBlock@13d73fa:27
5,97329
4,100711
8,104100
9,107570
1,111048
6,114522
3,117992
2,121527

simblock.block.ProofOfWorkBlock@3a62c01e:29
4,0
5,3457
8,6844
10,10231
1,13708
3,17179
6,20651
9,24127

simblock.block.ProofOfWorkBlock@232a7d73:26
10,90742
5,95035
2,99329
4,103623
8,107924
1,112259
3,116591

simblock.block.ProofOfWorkBlock@74cadd41:29
7,0

simblock.block.ProofOfWorkBlock@2364305a:30
1,0
6,3160
3,6275
9,9392
8,12622
10,15856
4,19097
5,22344

simblock.block.ProofOfWorkBlock@6b3e12b5:26
10,91643
5,97519
8,103415
7,109303

simblock.block.ProofOfWorkBlock@3fc9dfc5:31
1,0

simblock.block.ProofOfWorkBlock@7c541c15:27
1,35814
3,39286
2,42824
7,46377

simblock.block.ProofOfWorkBlock@44e3760b:30
8,0

simblock.block.ProofOfWorkBlock@726e5805:29
10,19084
5,22315
7,25666
2,29065

simblock.block.ProofOfWorkBlock@21005f6c:32
10,0

simblock.block.ProofOfWorkBlock@40cb698e:28
4,44075
10,47453
5,50836
1,54315
3,57787
9,61258

simblock.block.ProofOfWorkBlock@13d73fa:27
7,125073

simblock.block.ProofOfWorkBlock@3a62c01e:29
2,27664
7,31213

simblock.block.ProofOfWorkBlock@604f2bd2:28
8,122896
5,126277
4,129657
1,133131
3,136602
6,140094

simblock.block.ProofOfWorkBlock@3d08f3f5:31
9,0
3,3152
6,6267
1,9381
4,12610
10,15838

simblock.block.ProofOfWorkBlock@6273c5a4:31
3,0
1,3153
6,6274
9,9390
4,12627
10,15856

simblock.block.ProofOfWorkBlock@6b3e12b5:26
4,115179
3,121163
9,127149
6,133130

simblock.block.ProofOfWorkBlock@232a7d73:26
6,120920
9,125259

simblock.block.ProofOfWorkBlock@2364305a:30
7,25687
2,29091

simblock.block.ProofOfWorkBlock@3e2822:31
8,0

simblock.block.ProofOfWorkBlock@3fc9dfc5:31
9,29274
3,32399
6,35513
5,38740
10,41984
8,45211

simblock.block.ProofOfWorkBlock@5c530d1e:27
2,79495
4,83791
8,88085
5,92375
10,96666

simblock.block.ProofOfWorkBlock@1d9bec4d:31
7,0

simblock.block.ProofOfWorkBlock@40cb698e:28
6,64748
2,68286
7,71836

simblock.block.ProofOfWorkBlock@669513d8:32
1,0

simblock.block.ProofOfWorkBlock@604f2bd2:28
9,143565
2,147102
7,150652

simblock.block.ProofOfWorkBlock@3d08f3f5:31
5,19069
8,22296
7,25637
2,29045

simblock.block.ProofOfWorkBlock@6273c5a4:31
8,19089
5,22326
7,25669
2,29067

simblock.block.ProofOfWorkBlock@44e3760b:30
5,45078
10,48471
4,51849
6,55319
3,58798
9,62273
1,65744
2,69284

simblock.block.ProofOfWorkBlock@6e46d9f4:32
8,0

simblock.block.ProofOfWorkBlock@6b3e12b5:26
1,139115

simblock.block.ProofOfWorkBlock@62923ee6:32
5,0
10,3463
4,6856
8,10239
6,10601
9,13713
3,17187
1,20664
2,24213
7,27765

simblock.block.ProofOfWorkBlock@3fc9dfc5:31
4,48447
7,51787
2,55185

simblock.block.ProofOfWorkBlock@1dd6d4b7:29
4,131477
5,134860
8,138246
6,141720
3,145197
9,148668
1,152146
7,155691
2,159230

simblock.block.ProofOfWorkBlock@56e07a08:33
1,0
9,35933
3,39057
6,42173
5,45410
8,48638

simblock.block.ProofOfWorkBlock@5c530d1e:27
9,100997
3,105332
6,109666
1,113997

simblock.block.ProofOfWorkBlock@6ea1bcdc:34
1,0

simblock.block.ProofOfWorkBlock@455351c4:33
10,0

simblock.block.ProofOfWorkBlock@669513d8:32
9,20828
3,23947
6,27061
4,30291
5,33520
10,36749
8,39979
7,43328
2,46728

simblock.block.ProofOfWorkBlock@74cadd41:29
5,73299
4,77589
10,81881
2,86173
8,90466
9,94796
3,99135
1,103467
6,107803

simblock.block.ProofOfWorkBlock@44e3760b:30
7,72832

simblock.block.ProofOfWorkBlock@3e2822:31
10,51447
4,54828
5,58209
3,61680
9,65195
6,68691
1,72164
2,75715
7,79262

simblock.block.ProofOfWorkBlock@4678a2eb:30
4,97834
5,101215
8,104595
1,108082
6,111552
9,115028
3,118504
2,122043
7,125588

simblock.block.ProofOfWorkBlock@617fe9e1:33
8,0

simblock.block.ProofOfWorkBlock@42257bdd:33
7,0

simblock.block.ProofOfWorkBlock@6d6bc158:34
9,0
3,3152
1,6267
6,9382
5,12617
8,15846
10,19080
4,22312
7,25656
2,29058

simblock.block.ProofOfWorkBlock@3a0807b7:35
1,0

simblock.block.ProofOfWorkBlock@6d511b5f:34
5,0
8,3459
10,6842
4,10242
1,13714
9,17190
3,20661
2,24199
7,27746

simblock.block.ProofOfWorkBlock@56e07a08:33
10,51876
4,55106
7,58446
2,61850

simblock.block.ProofOfWorkBlock@42a9a63e:34
3,0
1,3156
9,6271
6,9385
10,12623
5,15850
4,19078
8,22308
7,25649
2,29057

simblock.block.ProofOfWorkBlock@6e46d9f4:32
10,61846
5,65225
4,68604
3,72078
1,75561
6,79036
9,82512
2,86051
7,89599

simblock.block.ProofOfWorkBlock@1d9bec4d:31
2,75723
10,80014
4,84310
8,88602
5,92895
1,97240
9,101571
3,105901
6,110233

simblock.block.ProofOfWorkBlock@2c88b9fc:31
5,125782
8,129163
4,132548
3,136024
1,139508
6,142979
9,146451
2,149995
7,153544

simblock.block.ProofOfWorkBlock@6ea1bcdc:34
6,61906
9,65022
3,68154
8,71398
10,74626
4,77862
5,81100
7,84443
2,87842

simblock.block.ProofOfWorkBlock@433ffad1:35
6,0
3,3150
1,6265
9,9380
8,12620
10,15849
5,16832
4,19076
7,22425
2,25830

simblock.block.ProofOfWorkBlock@617fe9e1:33
10,55071
4,58460
5,61840
1,65318
3,68790
9,72260
6,75739
2,79281
7,82825

simblock.block.ProofOfWorkBlock@4b770e40:36
8,0
4,34171
5,37560
10,40940
9,44416
6,47887

simblock.block.ProofOfWorkBlock@21005f6c:32
8,133007
4,136391
5,139773
6,143243
9,146717
3,150191
1,153665
2,157207
7,160752

simblock.block.ProofOfWorkBlock@3a0807b7:35
3,44076
9,47190
6,50305
10,53536
8,56763
4,60000
5,63228
7,66569
2,69968

simblock.block.ProofOfWorkBlock@42257bdd:33
4,64036
2,68333
10,72624
8,76915
5,81205
9,85536
3,89865
1,94198
6,98528

simblock.block.ProofOfWorkBlock@6b5f8707:36
1,0
6,12961
3,16077
9,19196
5,22437
10,25669
8,28897
4,32140
7,35480
2,38877

simblock.block.ProofOfWorkBlock@3b718392:37
1,0
6,36109
3,39224
9,42338
5,45572

simblock.block.ProofOfWorkBlock@6d511b5f:34
6,67962

simblock.block.ProofOfWorkBlock@1af05b03:36
9,0
6,3155
1,6269
3,9384
8,12615
4,15845
5,19078
10,22306
7,25651
2,29058

simblock.block.ProofOfWorkBlock@455351c4:33
4,118538
5,121918
8,125297
6,128774
9,132247
1,135718
3,139191
2,142727
7,146274

simblock.block.ProofOfWorkBlock@79c3f01f:37
10,0
8,25882
4,29262
5,32641
1,36113
3,39586
9,43059
6,46530

simblock.block.ProofOfWorkBlock@50b1f030:36
7,0
8,4699
2,8994
4,13289
10,17588
5,21882
6,26215
1,30548
9,34884
3,39213

simblock.block.ProofOfWorkBlock@ceb4bd2:37
6,0
1,3158
9,6280
3,9399
10,12631
5,15695
8,15865
4,19094
7,22436
2,25840

simblock.block.ProofOfWorkBlock@4b770e40:36
1,51362
3,54837
2,58380
7,61930

simblock.block.ProofOfWorkBlock@1d269ed7:37
2,0
4,6268
8,12147
10,18028
5,23906
7,29797
9,35781
1,41763

simblock.block.ProofOfWorkBlock@253c1256:37
5,0
4,3456
8,6842
6,7203
10,10223
9,13695
3,17166
1,20638
2,24175
7,27722

simblock.block.ProofOfWorkBlock@377c68c6:38
9,0
1,3151
3,6265
6,9381
4,12619
10,15849
8,19078
5,22308
7,25651
2,29051

simblock.block.ProofOfWorkBlock@537b32ef:38
10,0
4,22137
5,25528
8,28909
9,32385

simblock.block.ProofOfWorkBlock@3b718392:37
8,48815
4,52053
10,55281
7,58622
2,62030

simblock.block.ProofOfWorkBlock@288a4658:38
8,0
5,3458
10,6837
4,10215
1,13685
6,17156
3,20627
9,24097
2,27655
7,31213

simblock.block.ProofOfWorkBlock@3cc20577:39
8,0
5,28860

simblock.block.ProofOfWorkBlock@127d7908:38
2,0

simblock.block.ProofOfWorkBlock@40620d8e:39
3,0
9,3147
6,6269
1,9384
4,12613
5,15841
8,19077
10,22306
7,25647

simblock.block.ProofOfWorkBlock@79c3f01f:37
2,50076
7,53622

simblock.block.ProofOfWorkBlock@37d00a23:40
8,0

simblock.block.ProofOfWorkBlock@d400943:40
9,0
6,3158
1,6273
10,12621
8,15848
4,19083

simblock.block.ProofOfWorkBlock@3bc735b3:39
7,0
5,4700
4,8992
2,13282
8,17582
10,21873

simblock.block.ProofOfWorkBlock@3b0ca5e1:41
6,0
3,3147
9,6262
1,9381
8,12613
5,14319
4,15840
10,19079

simblock.block.ProofOfWorkBlock@1d269ed7:37
3,47746
6,53732

simblock.block.ProofOfWorkBlock@537b32ef:38
3,35861
1,39334
6,42809
2,46348
7,49898

simblock.block.ProofOfWorkBlock@13d186db:40
7,0

simblock.block.ProofOfWorkBlock@1c12f3ee:41
7,0

simblock.block.ProofOfWorkBlock@3cc20577:39
10,32242
4,35620
6,39095
3,42573
9,46044
1,49517
2,53053

simblock.block.ProofOfWorkBlock@34b9fc7d:41
1,0
6,3158
3,6300
9,9417
8,12648
4,15882
10,19110
5,22341

simblock.block.ProofOfWorkBlock@40620d8e:39
2,29045

simblock.block.ProofOfWorkBlock@127d7908:38
10,32539
5,38418
4,44296
8,50182
7,56069

simblock.block.ProofOfWorkBlock@5486887b:42
6,0
1,12944
9,16061
3,19177
8,22406
5,22668

simblock.block.ProofOfWorkBlock@78411116:42
1,0
6,20807

simblock.block.ProofOfWorkBlock@d400943:40
7,25662
2,29061

simblock.block.ProofOfWorkBlock@3b0ca5e1:41
7,22443
2,25844

simblock.block.ProofOfWorkBlock@3bc735b3:39
9,26204
6,30543
1,34882
3,39217

simblock.block.ProofOfWorkBlock@21719a0:42
7,0

simblock.block.ProofOfWorkBlock@73877e19:42
9,0
1,3153
3,6274
6,9393
5,12621
8,15850
4,19084
10,22321
7,25666

simblock.block.ProofOfWorkBlock@71391b3f:42
10,0
5,3463
4,6850
8,10228
6,13708
9,17180
1,20650
3,24124
2,27665

simblock.block.ProofOfWorkBlock@3cc20577:39
7,56599

simblock.block.ProofOfWorkBlock@34b9fc7d:41
7,25688
2,29090

simblock.block.ProofOfWorkBlock@37d00a23:40
4,48336
10,51751
5,55131
1,58605
6,62077
3,65549
9,69021
2,72556
7,76103

simblock.block.ProofOfWorkBlock@13d186db:40
4,35193
5,39484
2,43776
8,48067
10,52370
1,56700
6,61039
3,65368
9,69700

simblock.block.ProofOfWorkBlock@127d7908:38
9,62064
3,68066
6,74049
1,80039

simblock.block.ProofOfWorkBlock@5486887b:42
4,25652
10,28883
7,32229
2,35631

simblock.block.ProofOfWorkBlock@383790cf:43
7,0

simblock.block.ProofOfWorkBlock@78411116:42
9,23922
3,27038
10,30269
8,33501
5,36729
4,39978
7,43321
2,46719

simblock.block.ProofOfWorkBlock@2dbd803f:43
6,0
9,3148
3,6265
5,7645
1,9379
4,12612
8,15843
10,19074
7,22418
2,25816

simblock.block.ProofOfWorkBlock@8c46918:43
3,0
6,3152
9,6280
1,9396
5,12626
4,15860
8,19089
10,22317
7,25661
2,29062

simblock.block.ProofOfWorkBlock@73877e19:42
2,29070

simblock.block.ProofOfWorkBlock@6a10b263:44
3,0
6,29127
9,32243
1,35357
5,38585

simblock.block.ProofOfWorkBlock@71391b3f:42
7,31212

simblock.block.ProofOfWorkBlock@706cb08:43
8,0
10,3468
5,6854
4,10232
1,13705
9,17180
6,20651
3,24133
2,27673
7,31236

simblock.block.ProofOfWorkBlock@17814b1c:44
7,0

simblock.block.ProofOfWorkBlock@3b08f438:45
3,0

simblock.block.ProofOfWorkBlock@1c12f3ee:41
2,72698
5,76992
4,81282
10,85589
8,89889
1,94224
3,98558
9,102887
6,107218

simblock.block.ProofOfWorkBlock@1704f67f:44
6,0
3,3149
9,6265
1,9379
4,12607
10,15843
8,19073
7,22420
2,25819

simblock.block.ProofOfWorkBlock@3015db78:45
7,0

simblock.block.ProofOfWorkBlock@6b760460:45
6,0
1,25161
9,28276

simblock.block.ProofOfWorkBlock@b8a7e43:44
4,0
8,3456
10,6837
5,10220
1,13695
9,17167
3,20645
6,24115

simblock.block.ProofOfWorkBlock@74ad8d05:44
10,0
4,3458
8,6840
5,10218
3,13705
1,17177
6,20648
9,24119

simblock.block.ProofOfWorkBlock@7cab1508:44
8,0
10,3475
4,6858
5,10240
3,13718
9,17201
6,20676
1,24150

simblock.block.ProofOfWorkBlock@6a10b263:44
8,41816
10,45048
4,48277
7,51621
2,55026

simblock.block.ProofOfWorkBlock@540dbda9:45
1,0
9,3152
6,6268
3,9390
4,12620
10,15848
8,19078

simblock.block.ProofOfWorkBlock@1d25c1c:46
1,0

simblock.block.ProofOfWorkBlock@4e904fd5:45
5,0
10,3456
4,6836
8,10230
1,13700
9,17176

simblock.block.ProofOfWorkBlock@3b08f438:45
1,38995
9,42109
6,45223
5,48455
8,51684

simblock.block.ProofOfWorkBlock@21719a0:42
8,90242
10,94532
5,98822
2,103113

simblock.block.ProofOfWorkBlock@1704f67f:44
5,32100

simblock.block.ProofOfWorkBlock@50f40653:46
5,0

simblock.block.ProofOfWorkBlock@6b760460:45
3,31391
8,34629
4,37857
10,41086
7,44431

simblock.block.ProofOfWorkBlock@b8a7e43:44
7,27663
2,31198

simblock.block.ProofOfWorkBlock@616b241a:46
3,0

simblock.block.ProofOfWorkBlock@74ad8d05:44
2,27657
7,31205

simblock.block.ProofOfWorkBlock@7918c7f8:46
7,0

simblock.block.ProofOfWorkBlock@7cab1508:44
2,27687
7,31263

simblock.block.ProofOfWorkBlock@540dbda9:45
5,22318
7,25659
2,29057

simblock.block.ProofOfWorkBlock@4e904fd5:45
3,20648
6,20888
2,24183
7,27732

simblock.block.ProofOfWorkBlock@59496961:46
9,0
1,3152
6,6268
3,9382
8,12619
4,15848
10,19077
5,22305

simblock.block.ProofOfWorkBlock@3b08f438:45
10,54913
4,58143
7,61484
2,64882

simblock.block.ProofOfWorkBlock@21719a0:42
4,107409
9,111746
6,116077
1,120410
3,124741

simblock.block.ProofOfWorkBlock@1d25c1c:46
6,29154
3,32273
9,35403
8,38635
5,41864
4,45093
10,48342
7,51689
2,55090

simblock.block.ProofOfWorkBlock@6b760460:45
2,47833

simblock.block.ProofOfWorkBlock@7f8633ae:47
7,0

simblock.block.ProofOfWorkBlock@50f40653:46
10,21478
4,24857
6,25217
8,28236
1,31711
3,35190
9,38664
2,42199
7,45747

simblock.block.ProofOfWorkBlock@616b241a:46
9,22563
1,25686
6,28802
5,32052
8,35280
10,38525
4,41753
7,45095
2,48494

simblock.block.ProofOfWorkBlock@3e7545e8:47
3,0
9,27103
6,30217
1,33337
5,36573
4,39802
10,43032
8,46265

simblock.block.ProofOfWorkBlock@4ba380c7:47
5,0
10,13869
8,17247
6,17602
4,20630
3,24102
9,27575
1,31045
2,34581
7,38126

simblock.block.ProofOfWorkBlock@383790cf:43
4,113880
8,118171
10,122461
2,126756
5,131050
1,135396
3,139735
6,144070
9,148400

simblock.block.ProofOfWorkBlock@2dddc1b9:48
5,0
4,38957

simblock.block.ProofOfWorkBlock@59496961:46
7,25646
2,29044

simblock.block.ProofOfWorkBlock@60acd609:49
5,0

simblock.block.ProofOfWorkBlock@9a6fbc0:47
2,0
8,6268
4,12151
5,18028

simblock.block.ProofOfWorkBlock@5d01ea21:48
7,0

simblock.block.ProofOfWorkBlock@6601cc93:48
2,0

simblock.block.ProofOfWorkBlock@3c4262d1:49
7,0

simblock.block.ProofOfWorkBlock@bdd2027:48
9,0
3,3151
6,6265
1,9379
5,12610
10,15838
8,19073
7,25650
2,29053

simblock.block.ProofOfWorkBlock@17814b1c:44
8,118116
5,122417
2,126708
10,130998
4,135296
6,139632
3,143968
9,148311

simblock.block.ProofOfWorkBlock@5f780a86:48
6,0
9,3154
1,6270
3,9385
10,12613
8,15845
4,19077
7,22417
2,25821

simblock.block.ProofOfWorkBlock@6940f685:48
8,0
4,3456
10,6836
5,10216
9,13689
6,17162
1,20641
3,24117
2,27658
7,31205

simblock.block.ProofOfWorkBlock@3e7545e8:47
7,49605
2,53009

simblock.block.ProofOfWorkBlock@2dddc1b9:48
10,42336
6,42700
8,45714
9,49184
1,52660
3,56137
2,59673
7,63219

simblock.block.ProofOfWorkBlock@5a00eb1e:49
1,0
6,3155
3,6271
9,9387
4,12621
10,15848
8,19082
5,22313
7,25655
2,29057

simblock.block.ProofOfWorkBlock@38320e34:49
8,0
4,28569
5,31950
10,35330
3,38816
1,42294
9,45771

simblock.block.ProofOfWorkBlock@9a6fbc0:47
10,23909
7,29796
1,35798
6,41788
3,47773
9,53757

simblock.block.ProofOfWorkBlock@6b00ad9:49
3,0
1,3150
6,6269
9,9384
10,12617
8,15845
4,19073
5,22303
7,25648
2,29045

simblock.block.ProofOfWorkBlock@117bcfdc:50
5,0
4,47830
10,51219

simblock.block.ProofOfWorkBlock@60acd609:49
4,48820
8,52200
10,55580
9,59050
3,62530
1,66008
2,69548
7,73095

simblock.block.ProofOfWorkBlock@2a03d65c:49
2,0

simblock.block.ProofOfWorkBlock@17814b1c:44
1,152642

simblock.block.ProofOfWorkBlock@28f878a0:50
8,0
10,32227
5,35609
4,38990

simblock.block.ProofOfWorkBlock@3015db78:45
2,144170
4,148465
8,152762
10,157057
5,161357
6,165687
1,170027
3,174359
9,178689

simblock.block.ProofOfWorkBlock@6601cc93:48
10,57724
5,63606
8,69486
4,75365
7,81252
1,87234
3,93218

simblock.block.ProofOfWorkBlock@4096aa05:50
9,0
6,3152
1,6266
3,9384
5,12611
8,15839
10,19067
4,22304
7,25645
2,29048

simblock.block.ProofOfWorkBlock@5eed2d86:50
4,0
5,3463
8,6843
10,10227
1,13707
6,17178
9,20656
3,24126
2,27663

simblock.block.ProofOfWorkBlock@38320e34:49
6,49241
2,52809
7,56359

simblock.block.ProofOfWorkBlock@4d654825:50
2,0

simblock.block.ProofOfWorkBlock@2b59501e:51
8,0
10,35299

simblock.block.ProofOfWorkBlock@117bcfdc:50
8,54600
6,54976
1,58070
9,61566
3,65051
2,68587
7,72133

simblock.block.ProofOfWorkBlock@5cb5bb88:50
7,0

simblock.block.ProofOfWorkBlock@53b8afea:51
5,0
10,12360
4,15740
6,16106
8,19123
1,22612
9,26084
3,29557
2,33099
7,36645

simblock.block.ProofOfWorkBlock@7918c7f8:46
5,147167
2,151461
10,155762
8,160056
4,164347
3,168680
1,173011
9,177343
6,181678

simblock.block.ProofOfWorkBlock@28f878a0:50
9,42469
1,45944
6,49423
3,52894
2,56430
7,59977

simblock.block.ProofOfWorkBlock@2cfa2c4f:52
8,0

simblock.block.ProofOfWorkBlock@17a703f5:52
5,0
8,31520
10,34908
4,38288
9,41760
1,45231

simblock.block.ProofOfWorkBlock@6601cc93:48
9,99202
6,105187

simblock.block.ProofOfWorkBlock@5eed2d86:50
7,31211

simblock.block.ProofOfWorkBlock@2a03d65c:49
10,65267
4,71146
5,77037
8,82913
7,88803
1,94784

simblock.block.ProofOfWorkBlock@1416cf9f:52
1,0
3,3148
6,6277
9,9394
8,12623
5,15852
4,19084
10,22313
7,25654
2,29051

simblock.block.ProofOfWorkBlock@e8e0dec:52
9,0
1,3187
6,6304
3,9431
10,12664
8,15902
5,19134
4,22383
7,25723
2,29121

simblock.block.ProofOfWorkBlock@2b59501e:51
4,38685
5,42067
1,45545
6,49016
3,52490
9,55965
2,59507
7,63060

simblock.block.ProofOfWorkBlock@7f8633ae:47
10,172746
2,177036
8,181334
5,185629
4,189924
3,194253
6,198595
9,202925
1,207270

simblock.block.ProofOfWorkBlock@7569ea63:53
3,0
6,3147
9,6271
1,9385
10,12613
5,15847
4,19079
8,22310
7,25671
2,29072

simblock.block.ProofOfWorkBlock@19ee1ae6:53
5,0
4,19233
10,22611
8,25990
3,29461
1,32936
9,36408
7,39952
2,43501

simblock.block.ProofOfWorkBlock@5c7668ba:53
9,0
6,10321
3,13436
1,16570
5,19800
10,23027
4,26255
8,29483
7,32826
2,36227

simblock.block.ProofOfWorkBlock@50756c76:53
1,0
6,5007
3,8122
9,11237
5,14468
10,17701
8,20930
4,24161
7,27513
2,30913

simblock.block.ProofOfWorkBlock@17c2d509:53
8,0
5,32230
10,35617
4,38997
3,42468
6,45942
1,49429
9,52902
2,56438
7,59986

simblock.block.ProofOfWorkBlock@17a703f5:52
3,48708
2,52245
7,55790

simblock.block.ProofOfWorkBlock@2cfa2c4f:52
5,49546
4,52928
10,56307
3,59778
6,63253
9,66735
1,70219
2,73762
7,77309

simblock.block.ProofOfWorkBlock@78c1372d:53
7,0

simblock.block.ProofOfWorkBlock@2a03d65c:49
6,100766
9,106748
3,112768

simblock.block.ProofOfWorkBlock@4d654825:50
5,89665
4,95544
8,101428
10,107306
7,113193
3,119175
6,125156
1,131144
9,137133

simblock.block.ProofOfWorkBlock@5d01ea21:48
10,169774
8,174067
2,178357
4,182648
5,186941
1,191274
9,195608
3,199939
6,204269

simblock.block.ProofOfWorkBlock@6c9320c2:54
1,0
6,3152
3,6274
9,9388
8,12619
10,15865
4,19093
5,22329
7,25670
2,29075

simblock.block.ProofOfWorkBlock@62e93c3a:54
7,0

simblock.block.ProofOfWorkBlock@1292071f:55
3,0
9,3151
1,6267
6,9391
4,12633
8,15865
10,19099
5,22326
7,25671
2,29071

simblock.block.ProofOfWorkBlock@6b2e46af:55
5,0
10,3455
4,6835
6,7201
8,10216
3,13695
9,17172
1,20642
7,24186
2,27727

simblock.block.ProofOfWorkBlock@3c4262d1:49
4,202345
5,206644
10,210935
8,215228
2,219520
9,223850
1,228181
6,232517
3,236849

simblock.block.ProofOfWorkBlock@6f94a5a5:56
2,0
8,6278
4,12167
5,18045
10,23934
7,29826

simblock.block.ProofOfWorkBlock@4d95a72e:57
2,0
5,53532
10,59424
8,65327

simblock.block.ProofOfWorkBlock@6540cf1d:56
10,0
5,3455
4,6835
8,10217
3,13699
6,17170
1,20641
9,24115
2,27651
7,31197

simblock.block.ProofOfWorkBlock@5cb5bb88:50
5,162173
10,166471
8,170761
2,175059
4,179352
9,183684
1,188015
3,192345
6,196679

simblock.block.ProofOfWorkBlock@762637be:57
8,0
10,3470
5,6855
4,10278
1,13753
6,17225
3,24175
2,27713
7,31263

simblock.block.ProofOfWorkBlock@181b8c4b:57
5,0
4,3465
10,6847
6,7201
8,10230
9,13701
1,17175
3,20646
2,24202
7,27750

simblock.block.ProofOfWorkBlock@32130e61:58
8,0
10,22315
5,25695
4,29078
6,32548
1,36020
9,39491
3,42964

simblock.block.ProofOfWorkBlock@268cbb86:58
1,0
9,3159
6,6273
3,9388
5,12617
10,15848
8,19076
4,22316
7,25657
2,29056

simblock.block.ProofOfWorkBlock@648d0e6d:59
9,0
1,3155
6,6269
3,9388
5,12619
4,15858
8,19086
10,22329
7,25679
2,29087

simblock.block.ProofOfWorkBlock@265bd546:59
5,0
8,3461
4,6849
10,10227
1,13698
9,17180
3,20653
2,24193
7,27739
6,33968

simblock.block.ProofOfWorkBlock@78c1372d:53
8,141394
2,145696
4,149989
5,154283
10,158574
6,162908
1,167238
9,171575
3,175904

simblock.block.ProofOfWorkBlock@cda6019:60
1,0
9,9032
3,12147
6,15263
4,18492
8,21722
10,24949
5,28198
7,31542
2,34942

simblock.block.ProofOfWorkBlock@73d60e76:60
3,0
6,3155
9,6269
1,9393
10,12625
8,15854
5,19100
4,22328
7,25674
2,29076

simblock.block.ProofOfWorkBlock@f5b6e78:60
5,0
8,12407
4,15789
10,19169
3,22640
1,26123
9,29606
2,33143
7,36692

simblock.block.ProofOfWorkBlock@4d95a72e:57
4,71204
7,77091
3,83075
1,89056
9,95048
6,101033

simblock.block.ProofOfWorkBlock@670b3ca:61
5,0
8,36976
10,40355
4,43734
3,47217

simblock.block.ProofOfWorkBlock@1b495d4:61
3,0
1,21577
9,24691
6,27808
5,31037
4,34266
8,37500
10,40729
7,44081

simblock.block.ProofOfWorkBlock@60d40ff4:62
5,0

simblock.block.ProofOfWorkBlock@32130e61:58
2,46502
7,50047

simblock.block.ProofOfWorkBlock@50f097b5:61
1,0
9,8440
6,11558
3,14674
5,17912
8,21155
4,24386
10,27621
7,30970
2,34370

simblock.block.ProofOfWorkBlock@76464795:63
5,0

simblock.block.ProofOfWorkBlock@62e93c3a:54
10,135281
5,139574
8,143865
4,148163
2,152458
3,156788
6,161121
9,165458
1,169788

simblock.block.ProofOfWorkBlock@12bbfc54:61
7,0
2,31926
8,36217
4,40508
10,44798
5,49096
6,53441
9,57776

simblock.block.ProofOfWorkBlock@6015a4a5:61
10,0
4,3458
5,6840
8,10226
9,13697
3,17168
6,20638
1,24124
2,27664
7,31214

simblock.block.ProofOfWorkBlock@279dd959:62
1,0
6,15905
9,19019
3,22133
5,25362
10,28600
4,31831
8,35063
7,38415
2,41817

simblock.block.ProofOfWorkBlock@68ee3b6d:62
7,0

simblock.block.ProofOfWorkBlock@643d2dae:63
1,0
3,31541
9,34655
6,37771
4,40998
5,44229

simblock.block.ProofOfWorkBlock@670b3ca:61
1,50698
9,54168
2,57712
7,61283

simblock.block.ProofOfWorkBlock@1b495d4:61
2,47490

simblock.block.ProofOfWorkBlock@70d63e05:62
8,0
5,3459
4,6838
10,10222
1,13693
9,17178
3,20648
6,24133
2,27668
7,31214

simblock.block.ProofOfWorkBlock@6aa3bfc:62
2,0
8,6271
10,12150
4,18031
5,23908
7,29796

simblock.block.ProofOfWorkBlock@60d40ff4:62
8,60629
10,64010
4,67388
9,70858
1,74348
3,77820
2,81366
7,84911

simblock.block.ProofOfWorkBlock@2ddb3ae8:63
8,0
10,6770
5,10150
4,13538
3,17031

simblock.block.ProofOfWorkBlock@5634a861:63
10,0
4,3460
5,6842
3,13709

simblock.block.ProofOfWorkBlock@12bbfc54:61
1,62105
3,66438

simblock.block.ProofOfWorkBlock@7c52fc81:64
4,0
8,3456
5,6842
10,10231
6,13707
9,17181

simblock.block.ProofOfWorkBlock@76464795:63
10,75170
8,78552
4,81931
3,85406
9,88891

simblock.block.ProofOfWorkBlock@1ee47d9e:64
9,0
6,3150
1,6265
3,9381
4,12610

simblock.block.ProofOfWorkBlock@68ee3b6d:62
2,50775
5,55068
10,59360
4,63652

simblock.block.ProofOfWorkBlock@5afbd567:64
1,0
6,13691

simblock.block.ProofOfWorkBlock@17aa8a11:65
8,0

simblock.block.ProofOfWorkBlock@643d2dae:63
10,47458
8,50689
7,54030
2,57430

simblock.block.ProofOfWorkBlock@41b13f3d:64
6,0
1,3149
3,6263
9,9400
5,9790
10,12637
4,15867
8,19097

simblock.block.ProofOfWorkBlock@6aa3bfc:62
1,35779
9,41777
6,47759
3,53740

simblock.block.ProofOfWorkBlock@2ddb3ae8:63
6,20512
9,23984
1,27460
2,31004
7,34548

simblock.block.ProofOfWorkBlock@5634a861:63
9,17186
1,20657
2,27673
7,31218

simblock.block.ProofOfWorkBlock@18539cb1:65
9,0
6,18988

simblock.block.ProofOfWorkBlock@7c52fc81:64
3,20669
1,24144
2,27680
7,31245

simblock.block.ProofOfWorkBlock@6f6c6077:66
8,0

simblock.block.ProofOfWorkBlock@76464795:63
1,92362
2,95907
7,99452

simblock.block.ProofOfWorkBlock@1ee47d9e:64
5,15841
10,19068
8,22296
7,25646
2,29044

simblock.block.ProofOfWorkBlock@68ee3b6d:62
8,67944
6,72275
3,76608
1,80951
9,85281

simblock.block.ProofOfWorkBlock@5afbd567:64
3,16806
9,19925
5,23155
4,26398
10,29627
8,32858
7,36204
2,39603

simblock.block.ProofOfWorkBlock@17aa8a11:65
5,20449
4,23841
10,27225
3,30698
1,34188
9,37666
6,41138
2,44674
7,48221

simblock.block.ProofOfWorkBlock@7cf78c85:65
4,0
10,4098
5,7480
8,10867
9,14339
6,17812
1,21283
3,24755
2,28298
7,31845

simblock.block.ProofOfWorkBlock@41b13f3d:64
7,22439
2,25840

simblock.block.ProofOfWorkBlock@4ecd00b5:67
8,0

simblock.block.ProofOfWorkBlock@3178219a:66
6,0
1,3153
9,6273
5,9120
3,9391
10,12642
8,15872
4,19101
7,22443
2,25846

simblock.block.ProofOfWorkBlock@1fedf0a4:66
9,0
6,26199
3,29315
1,32431
5,35663
4,38893
8,42121

simblock.block.ProofOfWorkBlock@18539cb1:65
3,22107
8,28453
4,31681
7,41491
2,44894

simblock.block.ProofOfWorkBlock@2f14b0f6:68
8,0

simblock.block.ProofOfWorkBlock@22c53d82:66
7,0
5,4709
2,9019
4,13311
8,17607
10,21911
3,26240

simblock.block.ProofOfWorkBlock@7a3b7122:67
7,0

simblock.block.ProofOfWorkBlock@65a9ea3c:68
7,0

simblock.block.ProofOfWorkBlock@6f6c6077:66
10,39007
4,42388
5,45769
3,49256
1,52747
6,56225
9,59703
2,63244
7,66788

simblock.block.ProofOfWorkBlock@f3560d4:67
1,0
3,3163
6,6280
9,9398
8,12629
4,15866
10,19094
5,22323
7,25663
2,29061

simblock.block.ProofOfWorkBlock@4cad79bc:67
2,0
8,6270
10,12146
4,18038
5,23917
7,29807
6,35789

simblock.block.ProofOfWorkBlock@26ca61bf:68
3,0
9,3158
1,6273
6,9403
10,12646
8,15875
4,19106
5,22338
7,25684
2,29085

simblock.block.ProofOfWorkBlock@5b47731f:68
1,0
3,20783
9,23902
6,27017
8,30250

simblock.block.ProofOfWorkBlock@16ac5d35:67
10,0
5,3458
8,6842
4,10222
1,13696
9,17170
6,20640
3,24113
7,27664
2,31199

simblock.block.ProofOfWorkBlock@53c99b09:67
4,0
8,3467
5,6849
10,10234
6,13707
1,17178
9,20658
3,24129
7,27675
2,31213

simblock.block.ProofOfWorkBlock@6025d790:68
10,0

simblock.block.ProofOfWorkBlock@1fedf0a4:66
10,45360
7,48701
2,52106

simblock.block.ProofOfWorkBlock@22c53d82:66
6,30571
1,34903
9,39232

simblock.block.ProofOfWorkBlock@4ecd00b5:67
5,52221
4,55599
10,58978
1,62450
6,65923
9,69393
3,72865
2,76403
7,79948

simblock.block.ProofOfWorkBlock@7a3b7122:67
10,42282
8,46572
4,50862
2,55155
5,59448
1,63781
9,68114
6,72449
3,76781

simblock.block.ProofOfWorkBlock@45900b64:69
4,0
8,12101
5,15484
10,18863
1,22353
9,25827
6,29310

simblock.block.ProofOfWorkBlock@41fa769c:69
9,0
3,3153
1,6270
6,9390
10,12633
8,15869
5,19098
4,22326
7,25666

simblock.block.ProofOfWorkBlock@516592b1:69
10,0

simblock.block.ProofOfWorkBlock@42d6c12d:69
6,0
3,3155
1,6273
9,9389
10,12618
4,15847
8,19075
7,22424
2,25821

simblock.block.ProofOfWorkBlock@5b47731f:68
4,33478
10,36710
5,39937
7,43278
2,46678

simblock.block.ProofOfWorkBlock@4cad79bc:67
9,41773
1,47756
3,53737

simblock.block.ProofOfWorkBlock@626c19cf:69
5,0
8,3454
10,6838
4,10229
1,13705
3,17177
9,20659
2,24209
7,27766

simblock.block.ProofOfWorkBlock@6025d790:68
8,34019
5,37399
4,40777
1,44265
9,47737
6,51208
3,54683
2,58224
7,61779

simblock.block.ProofOfWorkBlock@2f14b0f6:68
4,72203
5,75581
10,78960
9,82434
1,85912
3,89393
6,92870
2,96406
7,99954

simblock.block.ProofOfWorkBlock@4faf104:70
5,0
10,23014
4,26396
8,29779
3,33256
9,36728
1,40198
2,43736

simblock.block.ProofOfWorkBlock@6fcd31c3:70
1,0
3,3148
6,6263
9,9378
5,12605
10,15840
8,19074
4,22309
7,25652
2,29053

simblock.block.ProofOfWorkBlock@65a9ea3c:68
2,80600
5,84891
8,89182
4,93476
10,97767
9,102100
6,106432
3,110767
1,115096

simblock.block.ProofOfWorkBlock@45900b64:69
3,32780
2,36323
7,39873

simblock.block.ProofOfWorkBlock@41fa769c:69
2,29068

simblock.block.ProofOfWorkBlock@28e0e464:71
6,0
1,3167
9,6281
3,9398
8,12628
10,15856
4,19085
5,20589
7,22437
2,25835

simblock.block.ProofOfWorkBlock@516592b1:69
5,35049
4,38428
8,41807
1,45281
9,48763
6,52238
3,55714
7,59262
2,62797

simblock.block.ProofOfWorkBlock@32120956:71
3,0
6,3151
9,6267
1,9381
4,12610
10,15843
5,19072
8,22301
7,25644
2,29052

simblock.block.ProofOfWorkBlock@2a02e34b:72
1,0
6,3355
9,6471
3,9587
10,12823
8,16052
5,19284
4,22525
7,25872
2,29282

simblock.block.ProofOfWorkBlock@3a479fda:72
9,0
6,3155
3,6272
1,9392
4,12620
10,15854
5,19083
8,22313
7,25658
2,29058

simblock.block.ProofOfWorkBlock@373e6b9d:72
8,0
5,3469
10,6851
4,10238
6,13708
1,17179
3,20665
9,24141
2,27684
7,31239

simblock.block.ProofOfWorkBlock@4ac8768e:72
5,0
10,4567
4,7945
8,11325
6,11679
3,14796
9,18266
1,21739
2,25277
7,28821

simblock.block.ProofOfWorkBlock@1fd7a37:73
9,0
3,29879
6,33000
1,36116
4,39352
10,42582
5,45814
8,49058

simblock.block.ProofOfWorkBlock@4faf104:70
7,47299
6,55232

simblock.block.ProofOfWorkBlock@34451ed8:72
10,0
4,8894
5,12277
8,15662
6,19132
9,22603
1,26076
3,29551
2,33096
7,36642

simblock.block.ProofOfWorkBlock@4c302f38:72
7,0
10,4703
2,8997
4,13301
5,17600
8,21901
6,26236
1,30566
9,34898
3,39230

simblock.block.ProofOfWorkBlock@7e34b127:73
3,0
1,3170
9,6284
6,9424
10,12662
8,15889
4,19120
5,22352
7,25704
2,29101

simblock.block.ProofOfWorkBlock@4451f60c:74
1,0
9,7164
6,10279
3,13410
4,16638
8,19869
5,23099
10,26330
7,29680
2,33079

simblock.block.ProofOfWorkBlock@27fe059d:73
8,0
5,9094
4,12484
10,15868
1,19345
2,33308
7,36861

simblock.block.ProofOfWorkBlock@262a1fad:74
5,0
4,3455
10,6847
6,7193
8,10233
9,13708
3,17178
1,20649
2,24185
7,27738

simblock.block.ProofOfWorkBlock@4bc6da03:75
5,0
10,25252
8,28637
4,32016
1,35498
3,38976
9,42449
2,45986
7,49530

simblock.block.ProofOfWorkBlock@59c500f7:75
10,0
4,3455
5,6839
8,10227
1,13697
9,17170
6,20645
3,24123
2,27685
7,31230

simblock.block.ProofOfWorkBlock@9a20cbd:75
9,0
6,8179
3,11302
1,14420
4,17655
5,20885
8,24112
10,27344
7,30698
2,34103

simblock.block.ProofOfWorkBlock@4d93f75b:75
8,0
10,13449
5,16831
4,20209
9,23679
6,27156
1,30627
3,34098
2,37638
7,41182

simblock.block.ProofOfWorkBlock@1fd7a37:73
7,52400
2,55798

simblock.block.ProofOfWorkBlock@2519026b:76
8,0
4,41546
5,44931
10,48311
9,51801
3,55275
1,58746
6,62218
2,65762

simblock.block.ProofOfWorkBlock@3bb9ca38:76
9,0
6,23951
1,27071
3,30189
8,33422
10,36651
4,39890
5,43118
7,46458
2,49860

simblock.block.ProofOfWorkBlock@10a18e3e:76
10,0
4,11728
8,15112
5,18490
9,21970
1,25446
3,28918
6,32388
2,35923
7,39473

simblock.block.ProofOfWorkBlock@171dc7c3:76
3,0
9,3149
1,6266
6,9381
8,12609
5,15840
4,19070
10,22300
7,25646
2,29045

simblock.block.ProofOfWorkBlock@1416ff46:77
3,0
9,15181
6,18295
1,21409
10,24641
5,27874
4,31101
8,34334
7,37675
2,41073

simblock.block.ProofOfWorkBlock@7a083b96:77
9,0
3,32131
6,35257
1,38392
8,41620
10,44850
5,48083
4,51315
7,54661

simblock.block.ProofOfWorkBlock@c2df90e:77
8,0
10,36039
5,39424
4,42805
1,46285
9,49778

simblock.block.ProofOfWorkBlock@63bfdbcb:78
8,0

simblock.block.ProofOfWorkBlock@59d0cdb6:77
10,0
8,8697
4,12075
5,15458
9,18933
1,22412
3,25884
6,29359
2,32898
7,36443

simblock.block.ProofOfWorkBlock@7015ebef:77
4,0
10,3459
5,6841
8,10221
1,13702
9,17177
3,20660
6,24132
2,27668
7,31213

simblock.block.ProofOfWorkBlock@324b6a56:78
6,0
1,3149
3,6263
5,6650
9,9389
4,12647
10,15876
8,19104
7,22447
2,25845

simblock.block.ProofOfWorkBlock@33a8c9c9:78
10,0
8,18686
5,22076
4,25459
3,28931
6,32405
9,35876
1,39353

simblock.block.ProofOfWorkBlock@2519026b:76
7,69316

simblock.block.ProofOfWorkBlock@78d23d6a:79
9,0
3,17368
1,20484
6,23599
10,26831
8,30061
4,33293
5,36526

simblock.block.ProofOfWorkBlock@ab4aa5e:80
9,0

simblock.block.ProofOfWorkBlock@13866329:78
7,0
8,4709
2,9001
10,13299
4,17602
5,21904
1,26235
3,30568

simblock.block.ProofOfWorkBlock@7f5fcfe9:79
6,0
9,5925
1,9040
3,12156
10,15384
8,18613
4,21841
7,25181
2,28592

simblock.block.ProofOfWorkBlock@7a083b96:77
2,58059

simblock.block.ProofOfWorkBlock@c2df90e:77
6,53253
3,56728
2,60270
7,63818

simblock.block.ProofOfWorkBlock@72557746:79
1,0
9,3153
6,6268
3,9386
4,12621
8,15848
5,19077
10,22306
7,25660

simblock.block.ProofOfWorkBlock@63bfdbcb:78
5,64484
10,67863
4,71242
6,74715
3,78197
9,81669

simblock.block.ProofOfWorkBlock@a90e2c1:80
1,0

simblock.block.ProofOfWorkBlock@168142da:81
1,0

simblock.block.ProofOfWorkBlock@33a8c9c9:78
2,42889
7,46434

simblock.block.ProofOfWorkBlock@19827608:80
3,0
6,3156
9,6270
1,9386
5,12618
8,15845
4,19073

simblock.block.ProofOfWorkBlock@78d23d6a:79
7,39868
2,43270

simblock.block.ProofOfWorkBlock@29962b2f:79
2,0
10,6269
5,12151
8,18041
4,23917

simblock.block.ProofOfWorkBlock@13866329:78
9,34901
6,39233

simblock.block.ProofOfWorkBlock@437c4b25:81
9,0
3,32168
6,35285

simblock.block.ProofOfWorkBlock@ab4aa5e:80
3,45054
1,48171
6,51285
8,54514
5,57741
10,60971
4,64213
7,67553
2,70953

simblock.block.ProofOfWorkBlock@46a123e4:82
1,0

simblock.block.ProofOfWorkBlock@72557746:79
2,29058

simblock.block.ProofOfWorkBlock@63bfdbcb:78
1,85146
2,88686
7,92233

simblock.block.ProofOfWorkBlock@7f5fcfe9:79
5,37276

simblock.block.ProofOfWorkBlock@a90e2c1:80
9,18880
3,21997
6,25113
4,28351
10,31579
5,34808
8,38039
7,41380
2,44788

simblock.block.ProofOfWorkBlock@8c43966:81
5,0
10,3462
4,6841
6,7200
8,10224
9,13697
1,17172
2,24181
7,27734

simblock.block.ProofOfWorkBlock@19827608:80
10,22305
7,25650
2,29050

simblock.block.ProofOfWorkBlock@6424e613:82
6,0
3,3162
9,6289
5,6673
1,9404
4,12640
10,15871
8,19102
7,22451
2,25848

simblock.block.ProofOfWorkBlock@29962b2f:79
7,29805
3,35787
6,41768
9,47750
1,53736

simblock.block.ProofOfWorkBlock@1118d539:83
1,0

simblock.block.ProofOfWorkBlock@168142da:81
9,47267
3,50382
6,53498
10,56731
8,59967
4,63200
5,66440
7,69788
2,73185

simblock.block.ProofOfWorkBlock@437c4b25:81
1,38404
8,41632
10,44866
4,48099
5,51331
7,54677
2,58075

simblock.block.ProofOfWorkBlock@6da54910:83
9,0
1,21682
3,24797
6,27915
4,31142
5,34376
8,37606
10,40839
7,44179
2,47577

simblock.block.ProofOfWorkBlock@8b13d91:82
7,0
10,4704
5,9000
4,13294
8,17590
2,21880
6,26213
9,30555
3,34910
1,39247

simblock.block.ProofOfWorkBlock@d2708a7:83
10,0
4,3461
5,6852
8,10230
6,13705
9,17176
3,20646
1,24127
2,27668
7,31212

simblock.block.ProofOfWorkBlock@37d28938:84
9,0
3,31625
1,34749
6,37867
4,41096
5,44331
8,47558
10,50792
7,54133
2,57545

simblock.block.ProofOfWorkBlock@3a4a5f3c:83
7,0
4,26238
2,30540
5,34840
10,39132
8,43424
1,47754
3,52086
6,56419
9,60750

simblock.block.ProofOfWorkBlock@6b8b5020:85
9,0
1,52750
3,55941
6,59059
5,62291
4,65519
10,68749
8,71980
7,75321
2,78718

simblock.block.ProofOfWorkBlock@46a123e4:82
6,62070
9,65188
3,68304
10,71531
5,74774
4,78001
8,81233
7,84582
2,87986

simblock.block.ProofOfWorkBlock@67f946c3:84
3,0
6,3158
9,6275
1,9390
8,12623
10,15859
5,19102
4,22332
7,25678
2,29075

simblock.block.ProofOfWorkBlock@6486fe7b:84
4,0
8,3454
5,6835
10,10220
9,13695
6,17165
3,20638
1,24108
2,27645
7,31190

simblock.block.ProofOfWorkBlock@7f4a1cac:84
7,0
8,38400
2,42694
10,46986
5,51284
4,55589
1,59926
6,64255
9,68586
3,72918

simblock.block.ProofOfWorkBlock@3b5a19ed:85
8,0
10,3466
5,6847
4,10225
1,13699
6,17173
3,20645
9,24116
2,27663
7,31207

simblock.block.ProofOfWorkBlock@1118d539:83
9,58409
3,61538
6,64655
5,67884
4,71115
8,74344
10,77573
7,80921
2,84328

simblock.block.ProofOfWorkBlock@578c3fd9:85
2,0
8,6272
10,12148
5,18027
4,23904
7,29790
6,35777
9,41764
1,47745
3,53732

simblock.block.ProofOfWorkBlock@87f501f:86
8,0
5,12372
4,15764
10,19150
3,22638
9,26116
1,29595
6,33073
2,36609
7,40159

simblock.block.ProofOfWorkBlock@35563e4c:86
7,0
4,33603
10,37896
2,42191
8,46483
5,50780
9,55110
6,59440
1,63773
3,68103

simblock.block.ProofOfWorkBlock@6d874695:87
5,0
10,3458
8,6841
6,7198
4,10220
3,13693
1,17166
9,20645
2,24182
7,27729

simblock.block.ProofOfWorkBlock@3404e5c4:87
9,0
3,3150
1,6268
6,9383
5,12615
4,15848
8,19075
10,22308
7,25658
2,29057

simblock.block.ProofOfWorkBlock@69f080ad:88
5,0
10,13435
4,16815
8,20203
1,23682
6,23945
3,27157
9,30628
2,34168
7,37715

simblock.block.ProofOfWorkBlock@2f15a964:88
3,0
6,3150
1,6266
9,9385
10,12618
4,15846
5,19075
8,22310
7,25664
2,29071

simblock.block.ProofOfWorkBlock@18c880ea:88
7,0
2,30432
5,34726
4,39020
8,43316
10,47617
1,51953
3,56289
6,60620
9,64953

simblock.block.ProofOfWorkBlock@20216016:89
9,0
1,3153
6,6305
3,9419
4,12647
5,15879
8,19108
10,22350
7,25698
2,29101

simblock.block.ProofOfWorkBlock@21dea711:89
2,0
10,6272
5,12150
8,18026
4,23902
7,29789
1,35771
3,41752
6,47734
9,53719

simblock.block.ProofOfWorkBlock@4bf4680c:90
10,0
8,3458
4,6838
5,10216
9,13688
3,17158
6,20631
1,24111
2,27647
7,31193

simblock.block.ProofOfWorkBlock@43c39321:90
8,0
5,3463
10,6845
4,10224
6,13705
1,17187
3,20660
9,24141
2,27678
7,31224

simblock.block.ProofOfWorkBlock@28b458e6:90
7,0
8,23956
10,28250
5,32542
4,36834
2,41141
9,45480
6,49825
1,54155

simblock.block.ProofOfWorkBlock@44dd0d38:91
10,0
8,15140
4,18523
5,21901
6,25373
9,28849
1,32325
3,35797
2,39362
7,42910

simblock.block.ProofOfWorkBlock@587f4f63:91
8,0
10,17009
4,20404
5,23787
3,27259
1,30730
6,34201
9,37673
2,41210
7,44771

simblock.block.ProofOfWorkBlock@6fb22ae3:91
7,0
10,48170
8,52469
4,56769
5,61071

simblock.block.ProofOfWorkBlock@541d4d9f:92
7,0

simblock.block.ProofOfWorkBlock@41a16eb3:91
6,0
1,3150
3,6289
5,6640
9,9441
8,12678
10,15908
4,19137
7,22480
2,25880

simblock.block.ProofOfWorkBlock@45b7c97f:92
4,0
8,3455
5,6836
10,10215
1,13688
6,17163
3,20636
9,24108
2,27648
7,31197

simblock.block.ProofOfWorkBlock@7aae1170:92
10,0
5,6801
8,10185
4,13584
9,17057
6,20528
1,24006
3,27477
2,31016
7,34560

simblock.block.ProofOfWorkBlock@66a82a13:92
5,0
4,3466
10,6850
8,10231
9,13706
6,16878
3,17183
1,20656
2,24198
7,27751

simblock.block.ProofOfWorkBlock@4ff66917:93
8,0
10,3457
5,6840
4,10219
9,13690
3,17167
6,20638
1,24110
2,27645
7,31189

simblock.block.ProofOfWorkBlock@11c7a0b4:93
6,0
3,3184
9,6299
5,6679
1,9428
10,12660
4,15892
8,19119
7,22460
2,25863

simblock.block.ProofOfWorkBlock@3b96f8b0:93
10,0
5,20811
8,24215
4,27599
9,31070
3,34547
1,38020
6,41491
2,45030
7,48587

simblock.block.ProofOfWorkBlock@28b458e6:90
3,58486

simblock.block.ProofOfWorkBlock@3f357c9d:94
5,0
10,3462
4,6850
8,10236
9,13713
3,17191
1,20663
2,24199
7,27748

simblock.block.ProofOfWorkBlock@20a1b3ae:93
7,0

simblock.block.ProofOfWorkBlock@6fb22ae3:91
2,65370
6,69699
1,74035
3,78375
9,82709

simblock.block.ProofOfWorkBlock@2a1e57c6:95
4,0
8,3456
5,6834
10,10216
9,13688
1,17163
3,20635
6,24106
2,27643
7,31192

simblock.block.ProofOfWorkBlock@639cb788:95
5,0
10,19147
8,22530
4,25909
9,29379
3,32854
1,36330
2,39880
7,43428

simblock.block.ProofOfWorkBlock@2bdb5e0f:95
10,0
5,24376
4,27755
8,31137
9,34607
6,38086
3,41569
1,45044
2,48580

simblock.block.ProofOfWorkBlock@5dc7841c:94
3,0
1,3155
6,6269
9,9383
4,12611
5,15840
8,19069
10,22300
7,25642
2,29042

simblock.block.ProofOfWorkBlock@5cc3e49b:95
1,0
6,3160
3,6276
9,9396
8,12625
10,15858
4,19090
5,22318
7,25660
2,29059

simblock.block.ProofOfWorkBlock@541d4d9f:92
10,84498
2,88791
5,93081
8,97381
4,101678
3,106007
9,110337
6,114686
1,119015

simblock.block.ProofOfWorkBlock@6ef1c3f7:96
6,0
3,3158
9,6272
5,6657
1,9393
10,12621
8,19080
7,22423
2,25824

simblock.block.ProofOfWorkBlock@57c6feea:96
10,0
8,20546
5,23925
4,27308
3,30790
6,34275
1,37756
9,41226

simblock.block.ProofOfWorkBlock@69e2fe3b:97
6,0
3,25238
1,28353
9,31478
8,34707
4,37935
10,41164

simblock.block.ProofOfWorkBlock@44864536:97
5,0
4,3456
10,6835
6,7204
8,10218
9,13692
3,17164
1,20636
2,24185
7,27729

simblock.block.ProofOfWorkBlock@16ea0f22:98
5,0
10,29227
8,32606
4,35984

simblock.block.ProofOfWorkBlock@6f0a4e30:99
5,0

simblock.block.ProofOfWorkBlock@12e007be:97
9,0
6,3151
1,6267
3,9383
4,12610
10,15840
5,19071
8,22298
7,25656
2,29057

simblock.block.ProofOfWorkBlock@20a1b3ae:93
8,61694
4,65989
5,70292
10,74599
2,78891
6,83223
9,87554
3,91883

simblock.block.ProofOfWorkBlock@2bdb5e0f:95
7,52148

simblock.block.ProofOfWorkBlock@1182d1df:98
4,0
5,3458
10,6843
8,10224
6,13703
3,17184
9,20676

simblock.block.ProofOfWorkBlock@cdbe995:98
3,0
1,3151
6,6266
9,9438
5,12674
8,15908

simblock.block.ProofOfWorkBlock@ec5f944:98
8,0
10,3460
5,6845
4,10224
3,13698

simblock.block.ProofOfWorkBlock@5ad57e90:98
7,0
10,10693

simblock.block.ProofOfWorkBlock@57c6feea:96
2,44761
7,48305

simblock.block.ProofOfWorkBlock@69e2fe3b:97
7,44509
2,47906

simblock.block.ProofOfWorkBlock@144a5e6e:99
8,0

simblock.block.ProofOfWorkBlock@39a7eca5:100
5,0

simblock.block.ProofOfWorkBlock@16ea0f22:98
9,39455
1,42944
6,43111
3,46419
2,49975
7,53522

simblock.block.ProofOfWorkBlock@74b97416:99
1,0
3,3157
9,6273
6,9387
5,12615
10,15845
4,19074
8,22306
7,25652
2,29053

simblock.block.ProofOfWorkBlock@20a1b3ae:93
1,96215

simblock.block.ProofOfWorkBlock@69ce14e6:99
6,0
3,3148
1,6283
9,9399
10,12633
4,15861
8,19090
7,22432
2,25833

simblock.block.ProofOfWorkBlock@63553e9f:99
10,0
8,3465
5,6844
4,10224
1,13700
3,17174
6,20646
9,24118
2,27654
7,31202

simblock.block.ProofOfWorkBlock@1182d1df:98
1,24149
2,27685
7,31249

simblock.block.ProofOfWorkBlock@cdbe995:98
4,19138
10,22368
7,25710
2,29111

simblock.block.ProofOfWorkBlock@ec5f944:98
9,17168
1,20642
6,24116
2,27680
7,31225

simblock.block.ProofOfWorkBlock@5ad57e90:98
5,15002
2,19300
8,23591
4,27896
1,32239
3,36569
9,40904

simblock.block.ProofOfWorkBlock@6f0a4e30:99
10,52042
8,55423
4,58801
3,62274
9,65752
1,69244
2,72782

simblock.block.ProofOfWorkBlock@4fa0ee7e:100
6,0
9,10542
1,13657
5,14048

simblock.block.ProofOfWorkBlock@144a5e6e:99
5,27776
4,31159
10,34539
1,38014


simblock.block.ProofOfWorkBlock@71391b3f:42
simblock.block.ProofOfWorkBlock@38320e34:49
simblock.block.ProofOfWorkBlock@1e461e41:24
simblock.block.ProofOfWorkBlock@6d511b5f:34
simblock.block.ProofOfWorkBlock@706cb08:43
simblock.block.ProofOfWorkBlock@415b0b49:19
simblock.block.ProofOfWorkBlock@6f44a157:22
simblock.block.ProofOfWorkBlock@639cb788:95
simblock.block.ProofOfWorkBlock@5824a83d:18
simblock.block.ProofOfWorkBlock@3e2822:31
simblock.block.ProofOfWorkBlock@15c43bd9:10
simblock.block.ProofOfWorkBlock@1118d539:83
simblock.block.ProofOfWorkBlock@18c880ea:88
simblock.block.ProofOfWorkBlock@120f102b:14
simblock.block.ProofOfWorkBlock@144a5e6e:99
simblock.block.ProofOfWorkBlock@59496961:46
simblock.block.ProofOfWorkBlock@7f8633ae:47
simblock.block.ProofOfWorkBlock@3d9c13b5:23
simblock.block.ProofOfWorkBlock@22d7b4f8:24
simblock.block.ProofOfWorkBlock@6a6cb05c:12
simblock.block.ProofOfWorkBlock@6d6bc158:34
simblock.block.ProofOfWorkBlock@1c39680d:21
simblock.block.ProofOfWorkBlock@29626d54:12
simblock.block.ProofOfWorkBlock@7c541c15:27
simblock.block.ProofOfWorkBlock@5ad57e90:98
simblock.block.ProofOfWorkBlock@4ac8768e:72
simblock.block.ProofOfWorkBlock@181b8c4b:57
simblock.block.ProofOfWorkBlock@a90e2c1:80
simblock.block.ProofOfWorkBlock@17a703f5:52
simblock.block.ProofOfWorkBlock@28b458e6:90
simblock.block.ProofOfWorkBlock@14cd1699:12
simblock.block.ProofOfWorkBlock@5634a861:63
simblock.block.ProofOfWorkBlock@578c3fd9:85
simblock.block.ProofOfWorkBlock@28f878a0:50
simblock.block.ProofOfWorkBlock@5b47731f:68
simblock.block.ProofOfWorkBlock@232a7d73:26
simblock.block.ProofOfWorkBlock@437c4b25:81
simblock.block.ProofOfWorkBlock@168142da:81
simblock.block.ProofOfWorkBlock@6540cf1d:56
simblock.block.ProofOfWorkBlock@1182d1df:98
simblock.block.ProofOfWorkBlock@5b239d7d:12
simblock.block.ProofOfWorkBlock@2a03d65c:49
simblock.block.ProofOfWorkBlock@1b495d4:61
simblock.block.ProofOfWorkBlock@59fa1d9b:4
simblock.block.ProofOfWorkBlock@33a8c9c9:78
simblock.block.ProofOfWorkBlock@27fe059d:73
simblock.block.ProofOfWorkBlock@9a6fbc0:47
simblock.block.ProofOfWorkBlock@59d0cdb6:77
simblock.block.ProofOfWorkBlock@6b00ad9:49
simblock.block.ProofOfWorkBlock@21005f6c:32
simblock.block.ProofOfWorkBlock@32130e61:58
simblock.block.ProofOfWorkBlock@7cf78c85:65
simblock.block.ProofOfWorkBlock@62923ee6:32
simblock.block.ProofOfWorkBlock@3bc735b3:39
simblock.block.ProofOfWorkBlock@63bfdbcb:78
simblock.block.ProofOfWorkBlock@4ecd00b5:67
simblock.block.ProofOfWorkBlock@3a62c01e:29
simblock.block.ProofOfWorkBlock@6f3187b0:20
simblock.block.ProofOfWorkBlock@50b1f030:36
simblock.block.ProofOfWorkBlock@6156496:10
simblock.block.ProofOfWorkBlock@1169afe1:21
simblock.block.ProofOfWorkBlock@795509d9:17
simblock.block.ProofOfWorkBlock@41b13f3d:64
simblock.block.ProofOfWorkBlock@6601cc93:48
simblock.block.ProofOfWorkBlock@4678a2eb:30
simblock.block.ProofOfWorkBlock@4096aa05:50
simblock.block.ProofOfWorkBlock@3c4262d1:49
simblock.block.ProofOfWorkBlock@42a9a63e:34
simblock.block.ProofOfWorkBlock@455351c4:33
simblock.block.ProofOfWorkBlock@17814b1c:44
simblock.block.ProofOfWorkBlock@34451ed8:72
simblock.block.ProofOfWorkBlock@617fe9e1:33
simblock.block.ProofOfWorkBlock@37f8bb67:1
simblock.block.ProofOfWorkBlock@10a18e3e:76
simblock.block.ProofOfWorkBlock@79207381:19
simblock.block.ProofOfWorkBlock@373e6b9d:72
simblock.block.ProofOfWorkBlock@13866329:78
simblock.block.ProofOfWorkBlock@74b97416:99
simblock.block.ProofOfWorkBlock@6015a4a5:61
simblock.block.ProofOfWorkBlock@67b92f0a:5
simblock.block.ProofOfWorkBlock@2cfa2c4f:52
simblock.block.ProofOfWorkBlock@7f5fcfe9:79
simblock.block.ProofOfWorkBlock@29962b2f:79
simblock.block.ProofOfWorkBlock@4d95a72e:57
simblock.block.ProofOfWorkBlock@66a82a13:92
simblock.block.ProofOfWorkBlock@5cee5251:10
simblock.block.ProofOfWorkBlock@411f53a0:14
simblock.block.ProofOfWorkBlock@53c99b09:67
simblock.block.ProofOfWorkBlock@762ef0ea:14
simblock.block.ProofOfWorkBlock@34b9fc7d:41
simblock.block.ProofOfWorkBlock@13d73fa:27
simblock.block.ProofOfWorkBlock@4d93f75b:75
simblock.block.ProofOfWorkBlock@17c2d509:53
simblock.block.ProofOfWorkBlock@5c7668ba:53
simblock.block.ProofOfWorkBlock@1a968a59:4
simblock.block.ProofOfWorkBlock@21dea711:89
simblock.block.ProofOfWorkBlock@288a4658:38
simblock.block.ProofOfWorkBlock@62e93c3a:54
simblock.block.ProofOfWorkBlock@7c52fc81:64
simblock.block.ProofOfWorkBlock@70d63e05:62
simblock.block.ProofOfWorkBlock@189aa67a:25
simblock.block.ProofOfWorkBlock@7918c7f8:46
simblock.block.ProofOfWorkBlock@4ff66917:93
simblock.block.ProofOfWorkBlock@43c39321:90
simblock.block.ProofOfWorkBlock@3b718392:37
simblock.block.ProofOfWorkBlock@44e3760b:30
simblock.block.ProofOfWorkBlock@ab4aa5e:80
simblock.block.ProofOfWorkBlock@37d28938:84
simblock.block.ProofOfWorkBlock@12bbfc54:61
simblock.block.ProofOfWorkBlock@7d0587f1:6
simblock.block.ProofOfWorkBlock@45900b64:69
simblock.block.ProofOfWorkBlock@383790cf:43
simblock.block.ProofOfWorkBlock@7e5afaa6:16
simblock.block.ProofOfWorkBlock@3d08f3f5:31
simblock.block.ProofOfWorkBlock@6486fe7b:84
simblock.block.ProofOfWorkBlock@3c77d488:17
simblock.block.ProofOfWorkBlock@10a035a0:8
simblock.block.ProofOfWorkBlock@47f37ef1:3
simblock.block.ProofOfWorkBlock@6e15fe2:23
simblock.block.ProofOfWorkBlock@1d131e1b:26
simblock.block.ProofOfWorkBlock@19ee1ae6:53
simblock.block.ProofOfWorkBlock@4c302f38:72
simblock.block.ProofOfWorkBlock@13d186db:40
simblock.block.ProofOfWorkBlock@7569ea63:53
simblock.block.ProofOfWorkBlock@3cb5cdba:3
simblock.block.ProofOfWorkBlock@20a1b3ae:93
simblock.block.ProofOfWorkBlock@4cad79bc:67
simblock.block.ProofOfWorkBlock@6d874695:87
simblock.block.ProofOfWorkBlock@41a16eb3:91
simblock.block.ProofOfWorkBlock@72557746:79
simblock.block.ProofOfWorkBlock@e3b3b2f:20
simblock.block.ProofOfWorkBlock@6f63b475:24
simblock.block.ProofOfWorkBlock@6b760460:45
simblock.block.ProofOfWorkBlock@7a3b7122:67
simblock.block.ProofOfWorkBlock@35563e4c:86
simblock.block.ProofOfWorkBlock@5f0e9815:24
simblock.block.ProofOfWorkBlock@6f6c6077:66
simblock.block.ProofOfWorkBlock@587f4f63:91
simblock.block.ProofOfWorkBlock@265bd546:59
simblock.block.ProofOfWorkBlock@5a00eb1e:49
simblock.block.ProofOfWorkBlock@5d01ea21:48
simblock.block.ProofOfWorkBlock@60d40ff4:62
simblock.block.ProofOfWorkBlock@8b13d91:82
simblock.block.ProofOfWorkBlock@f5b6e78:60
simblock.block.ProofOfWorkBlock@c2df90e:77
simblock.block.ProofOfWorkBlock@3b96f8b0:93
simblock.block.ProofOfWorkBlock@69ce14e6:99
simblock.block.ProofOfWorkBlock@57c6feea:96
simblock.block.ProofOfWorkBlock@3b08f438:45
simblock.block.ProofOfWorkBlock@59c500f7:75
simblock.block.ProofOfWorkBlock@2ddb3ae8:63
simblock.block.ProofOfWorkBlock@4b770e40:36
simblock.block.ProofOfWorkBlock@6f0a4e30:99
simblock.block.ProofOfWorkBlock@33b37288:8
simblock.block.ProofOfWorkBlock@631330c:6
simblock.block.ProofOfWorkBlock@5cb5bb88:50
simblock.block.ProofOfWorkBlock@496bc455:19
simblock.block.ProofOfWorkBlock@4d654825:50
simblock.block.ProofOfWorkBlock@32120956:71
simblock.block.ProofOfWorkBlock@6ce139a4:12
simblock.block.ProofOfWorkBlock@40cb698e:28
simblock.block.ProofOfWorkBlock@46a123e4:82
simblock.block.ProofOfWorkBlock@2b59501e:51
simblock.block.ProofOfWorkBlock@22c53d82:66
simblock.block.ProofOfWorkBlock@1fedf0a4:66
simblock.block.ProofOfWorkBlock@2a02e34b:72
simblock.block.ProofOfWorkBlock@5c530d1e:27
simblock.block.ProofOfWorkBlock@cdbe995:98
simblock.block.ProofOfWorkBlock@6fb22ae3:91
simblock.block.ProofOfWorkBlock@68fa0ba8:26
simblock.block.ProofOfWorkBlock@6aa3bfc:62
simblock.block.ProofOfWorkBlock@78411116:42
simblock.block.ProofOfWorkBlock@2c78d320:23
simblock.block.ProofOfWorkBlock@351d0846:9
simblock.block.ProofOfWorkBlock@378542de:15
simblock.block.ProofOfWorkBlock@69f080ad:88
simblock.block.ProofOfWorkBlock@12e007be:97
simblock.block.ProofOfWorkBlock@4411d970:3
simblock.block.ProofOfWorkBlock@41d426b5:25
simblock.block.ProofOfWorkBlock@1dd6d4b7:29
simblock.block.ProofOfWorkBlock@e8e0dec:52
simblock.block.ProofOfWorkBlock@58be6e8:23
simblock.block.ProofOfWorkBlock@253c1256:37
simblock.block.ProofOfWorkBlock@5eed2d86:50
simblock.block.ProofOfWorkBlock@3015db78:45
simblock.block.ProofOfWorkBlock@616b241a:46
simblock.block.ProofOfWorkBlock@2519026b:76
simblock.block.ProofOfWorkBlock@2c88b9fc:31
simblock.block.ProofOfWorkBlock@127d7908:38
simblock.block.ProofOfWorkBlock@3a4a5f3c:83
simblock.block.ProofOfWorkBlock@1704f67f:44
simblock.block.ProofOfWorkBlock@d2708a7:83
simblock.block.ProofOfWorkBlock@6b2e46af:55
simblock.block.ProofOfWorkBlock@3bb9ca38:76
simblock.block.ProofOfWorkBlock@ec5f944:98
simblock.block.ProofOfWorkBlock@2dbd803f:43
simblock.block.ProofOfWorkBlock@541d4d9f:92
simblock.block.ProofOfWorkBlock@68ee3b6d:62
simblock.block.ProofOfWorkBlock@262a1fad:74
simblock.block.ProofOfWorkBlock@6b3e12b5:26
simblock.block.ProofOfWorkBlock@74cadd41:29
simblock.block.ProofOfWorkBlock@75828a0f:1
simblock.block.ProofOfWorkBlock@1810399e:4
simblock.block.ProofOfWorkBlock@537b32ef:38
simblock.block.ProofOfWorkBlock@65a9ea3c:68
simblock.block.ProofOfWorkBlock@16ac5d35:67
simblock.block.ProofOfWorkBlock@55dfcc6:26
simblock.block.ProofOfWorkBlock@5afbd567:64
simblock.block.ProofOfWorkBlock@906d29b:25
simblock.block.ProofOfWorkBlock@604f2bd2:28
simblock.block.ProofOfWorkBlock@3e7545e8:47
simblock.block.ProofOfWorkBlock@73877e19:42
simblock.block.ProofOfWorkBlock@7a083b96:77
simblock.block.ProofOfWorkBlock@73d60e76:60
simblock.block.ProofOfWorkBlock@7cab1508:44
simblock.block.ProofOfWorkBlock@626c19cf:69
simblock.block.ProofOfWorkBlock@540dbda9:45
simblock.block.ProofOfWorkBlock@5ec0a365:5
simblock.block.ProofOfWorkBlock@74ad8d05:44
simblock.block.ProofOfWorkBlock@3f357c9d:94
simblock.block.ProofOfWorkBlock@6b8b5020:85
simblock.block.ProofOfWorkBlock@6e46d9f4:32
simblock.block.ProofOfWorkBlock@3cc20577:39
simblock.block.ProofOfWorkBlock@6025d790:68
simblock.block.ProofOfWorkBlock@18eed359:7
simblock.block.ProofOfWorkBlock@21719a0:42
simblock.block.ProofOfWorkBlock@6e5e91e4:2
simblock.block.ProofOfWorkBlock@670b3ca:61
simblock.block.ProofOfWorkBlock@17aa8a11:65
simblock.block.ProofOfWorkBlock@6940f685:48
simblock.block.ProofOfWorkBlock@4bc6da03:75
simblock.block.ProofOfWorkBlock@16ea0f22:98
simblock.block.ProofOfWorkBlock@4a83a74a:18
simblock.block.ProofOfWorkBlock@6e005dc9:23
simblock.block.ProofOfWorkBlock@b8a7e43:44
simblock.block.ProofOfWorkBlock@1fd7a37:73
simblock.block.ProofOfWorkBlock@63553e9f:99
simblock.block.ProofOfWorkBlock@1d25c1c:46
simblock.block.ProofOfWorkBlock@1f3f02ee:24
simblock.block.ProofOfWorkBlock@5bda8e08:13
simblock.block.ProofOfWorkBlock@76464795:63
simblock.block.ProofOfWorkBlock@516592b1:69
simblock.block.ProofOfWorkBlock@2bdb5e0f:95
simblock.block.ProofOfWorkBlock@1d9bec4d:31
simblock.block.ProofOfWorkBlock@6273c5a4:31
simblock.block.ProofOfWorkBlock@2a1e57c6:95
simblock.block.ProofOfWorkBlock@34b9f960:20
simblock.block.ProofOfWorkBlock@69e2fe3b:97
simblock.block.ProofOfWorkBlock@79c3f01f:37
simblock.block.ProofOfWorkBlock@7aae1170:92
simblock.block.ProofOfWorkBlock@4fa0ee7e:100
simblock.block.ProofOfWorkBlock@38604b81:22
simblock.block.ProofOfWorkBlock@2f14b0f6:68
simblock.block.ProofOfWorkBlock@6bf08014:21
simblock.block.ProofOfWorkBlock@76b10754:8
simblock.block.ProofOfWorkBlock@7f4a1cac:84
simblock.block.ProofOfWorkBlock@2177849e:15
simblock.block.ProofOfWorkBlock@78c1372d:53
simblock.block.ProofOfWorkBlock@7334aada:13
simblock.block.ProofOfWorkBlock@433ffad1:35
simblock.block.ProofOfWorkBlock@5c8da962:2
simblock.block.ProofOfWorkBlock@1d269ed7:37
simblock.block.ProofOfWorkBlock@895e367:22
simblock.block.ProofOfWorkBlock@1af05b03:36
simblock.block.ProofOfWorkBlock@37d00a23:40
simblock.block.ProofOfWorkBlock@278bb07e:27
simblock.block.ProofOfWorkBlock@42257bdd:33
simblock.block.ProofOfWorkBlock@bdd2027:48
simblock.block.ProofOfWorkBlock@7015ebef:77
simblock.block.ProofOfWorkBlock@3a4621bd:25
simblock.block.ProofOfWorkBlock@42d6c12d:69
simblock.block.ProofOfWorkBlock@1c12f3ee:41
simblock.block.ProofOfWorkBlock@5f780a86:48
simblock.block.ProofOfWorkBlock@4faf104:70
268
3190

BUILD SUCCESSFUL in 8s
2 actionable tasks: 2 executed
