> Task :simulator:compileJava
> Task :simulator:processResources NO-SOURCE
> Task :simulator:classes

> Task :simulator:run
simblock.block.ProofOfWorkBlock@9807454:0
75,0
17,92
93,151
91,182
97,207
24,243
72,247
73,268
13,275
26,301
61,304
85,304
84,333
77,335
95,337
60,358
64,360
57,362
10,363
59,365
81,395
63,396
18,397
34,399
98,405
80,415
4,418
100,418
32,421
1,430
5,432
82,451
52,453
49,455
94,455
51,457
6,462
56,474
54,475
83,476
14,478
36,494
70,517
39,519
47,532
23,533
21,541
2,578
31,621
74,622
9,642
88,683
96,699
41,703
37,715
38,743
27,747
42,748
25,748
43,758
40,793
20,796
11,849
66,853
28,872
50,874
58,887
7,919
48,931
90,967
68,967
15,1023
44,1050
35,1058
69,1081
92,1089
45,1114
30,1141
8,1177
89,1238
99,1257
16,1276
67,1340
78,1379
22,1403
76,1410
79,1431
53,1446
33,1554
29,1592
3,1623
62,1728
55,1762
86,1771
19,1936
46,2016
71,2219
12,2299
65,2516
87,2652

simblock.block.ProofOfWorkBlock@aba625:1
50,0
20,160
25,242
90,324
16,326
31,405
66,411
74,412
29,486
82,489
43,493
40,494
38,494
27,562
7,568
41,571
53,574
35,577
11,579
37,648
88,651
30,653
15,656
89,660
92,662
61,667
68,674
83,681
58,729
44,734
48,742
28,744
76,746
42,747
91,760
19,838
4,843
85,861
34,909
36,916
49,918
55,923
47,927
17,932
70,933
73,934
54,935
84,1020
10,1035
56,1083
5,1089
93,1091
100,1101
2,1103
9,1111
69,1182
23,1187
59,1202
64,1212
99,1238
60,1266
96,1269
39,1274
57,1278
98,1279
51,1290
77,1376
65,1418
13,1449
81,1456
24,1467
32,1472
8,1520
97,1554
72,1633
94,1643
21,1647
3,1668
26,1729
67,1801
52,1811
6,1816
80,1822
14,1902
45,1923
95,1990
18,1993
87,2064
78,2107
63,2167
1,2168
33,2310
75,2343
62,2407
22,2560
86,2584
71,2660
12,2816
79,2835
46,2908

simblock.block.ProofOfWorkBlock@54a3ab8f:2
77,0
81,95
96,151
83,196
100,211
18,259
5,266
39,269
51,293
61,307
84,316
47,323
26,327
57,350
6,359
72,366
52,370
17,373
4,384
93,407
73,409
97,413
91,414
54,415
60,422
95,432
24,442
23,451
49,465
36,467
85,476
94,476
32,478
75,491
13,499
34,505
9,524
56,524
2,545
1,555
14,558
64,570
63,585
98,611
80,620
10,653
59,667
70,677
89,688
38,704
28,711
20,726
21,735
27,738
44,742
25,830
55,841
68,849
35,873
48,874
41,885
92,899
74,907
11,908
7,911
19,913
82,1011
29,1014
31,1046
88,1051
37,1077
50,1098
99,1103
67,1168
15,1185
66,1217
53,1232
42,1276
40,1287
46,1296
16,1355
58,1404
78,1416
30,1453
8,1574
76,1584
3,1639
62,1737
90,1764
65,1882
43,1938
22,2021
71,2223
87,2224
12,2307
79,2506
45,2597
33,2807
69,2882
86,3147

simblock.block.ProofOfWorkBlock@706fe5c6:3
17,0
72,91
96,148
18,189
54,206
84,237
64,247
23,264
80,280
13,294
24,295
2,304
75,322
39,326
81,344
49,351
97,358
36,358
26,361
57,378
34,379
98,381
56,386
85,392
47,396
83,410
94,415
51,418
52,429
61,436
93,437
14,447
73,448
32,450
5,455
6,471
95,475
9,492
1,508
10,510
21,511
60,531
70,538
91,550
4,554
77,568
100,599
59,625
20,643
63,664
40,679
41,682
44,719
38,723
66,724
74,732
11,737
37,767
90,768
42,797
68,812
92,837
50,854
25,860
31,894
43,907
29,907
53,939
16,973
30,993
99,1065
35,1077
76,1078
88,1111
46,1141
69,1141
58,1143
8,1145
79,1147
33,1150
45,1161
22,1170
78,1208
28,1253
27,1280
82,1321
55,1431
67,1437
15,1492
3,1568
19,1602
7,1676
86,1777
89,1778
48,1846
87,1914
71,2061
12,2130
65,2363
62,2417

simblock.block.ProofOfWorkBlock@17043b04:4
76,0
31,156
58,239
37,322
82,326
30,398
74,412
44,418
48,484
15,484
88,492
28,494
20,512
89,564
16,567
90,572
7,574
41,578
19,583
29,594
38,646
50,660
55,663
17,670
40,675
53,678
35,727
68,742
11,742
42,745
27,760
64,764
39,768
43,809
25,823
92,827
93,851
13,858
66,890
84,919
70,923
72,927
2,930
95,938
91,939
97,951
47,1002
87,1009
49,1015
57,1027
14,1069
23,1093
10,1104
99,1110
80,1111
24,1112
75,1114
78,1115
85,1200
77,1242
3,1256
73,1287
5,1287
62,1353
4,1386
59,1419
94,1460
34,1461
67,1545
98,1560
6,1596
69,1611
63,1637
9,1648
21,1742
36,1769
56,1824
96,1825
83,1919
51,1950
32,2006
65,2165
33,2220
71,2420
12,2469
8,2619
86,3207

simblock.block.ProofOfWorkBlock@28b8f98a:5
91,0
17,97
60,154
75,195
13,214
93,244
72,252
84,276
73,288
4,304
95,305
54,309
80,333
2,342
97,344
1,365
24,370
96,371
85,372
56,378
81,378
52,395
26,399
77,401
83,427
39,428
100,428
36,433
64,435
5,451
18,457
63,460
49,463
98,465
47,472
34,473
94,475
10,489
57,493
6,507
30,512
70,515
21,535
23,550
51,575
59,593
58,603
61,607
74,631
32,651
9,666
92,679
31,681
14,707
48,714
37,724
41,741
88,745
25,753
15,766
43,786
38,793
90,800
55,841
28,852
53,857
50,885
35,893
27,921
66,943
11,963
82,971
19,1012
42,1027
68,1035
45,1081
22,1103
40,1143
67,1175
8,1180
76,1194
16,1200
78,1205
20,1212
69,1370
29,1374
44,1382
99,1427
62,1481
89,1550
7,1551
3,1671
33,1728
46,1764
79,1834
65,1848
87,2104
71,2119
12,2403
86,2748

simblock.block.ProofOfWorkBlock@60ae7cf2:6
68,0
40,184
35,271
7,353
20,355
38,431
29,445
25,513
44,514
50,525
49,527
55,538
27,591
15,594
28,596
31,610
19,612
83,617
90,638
66,673
85,674
82,677
30,677
88,677
37,678
74,685
16,693
58,700
10,704
21,733
76,753
41,754
92,755
43,758
48,760
53,783
2,802
51,805
6,816
52,827
89,838
42,840
77,852
1,860
70,880
36,882
17,884
97,944
13,948
11,977
47,987
94,987
84,999
4,1029
56,1032
65,1032
39,1046
78,1049
63,1057
32,1057
72,1063
9,1121
34,1125
95,1167
26,1175
23,1200
64,1211
60,1231
54,1235
5,1241
79,1254
86,1260
98,1299
61,1350
93,1391
80,1404
91,1414
71,1429
24,1477
59,1524
14,1567
18,1655
45,1672
22,1677
57,1704
67,1712
81,1740
100,1879
12,1907
96,1940
73,2053
46,2155
62,2183
75,2227
99,2414
87,2423
33,2429
8,2663
3,2674
69,2685

simblock.block.ProofOfWorkBlock@5d68be4f:7
38,0
35,166
55,251
15,327
27,336
66,410
48,411
20,425
44,486
58,491
68,497
50,511
41,516
92,567
40,573
42,573
25,581
28,582
16,593
31,602
29,648
76,653
53,654
7,663
90,663
30,680
74,682
82,733
19,740
43,744
24,754
88,761
37,769
63,784
11,840
89,842
91,861
14,862
23,871
94,912
17,916
93,925
18,934
81,936
72,960
39,968
75,1010
78,1034
83,1034
21,1035
4,1043
52,1059
64,1091
56,1092
1,1096
77,1103
95,1109
73,1111
86,1113
59,1135
100,1183
51,1218
65,1237
3,1244
2,1266
5,1269
87,1274
13,1279
70,1284
9,1299
33,1349
6,1447
34,1457
49,1458
62,1462
97,1485
96,1622
10,1640
54,1659
79,1707
71,1716
67,1751
85,1795
98,1815
12,1907
47,1972
32,1997
36,2147
99,2155
80,2176
84,2322
61,2352
8,2416
26,2535
22,2569
60,2712
69,2829
57,2894
46,3143
45,3393

simblock.block.ProofOfWorkBlock@57f83c82:8
69,0
71,334
3,500
12,677
87,760
99,844
86,916
78,933
30,1007
53,1019
65,1055
74,1165
25,1170
79,1179
16,1180
8,1202
43,1248
31,1263
20,1267
82,1277
28,1327
38,1332
22,1343
15,1419
66,1427
37,1429
27,1433
80,1469
58,1472
41,1514
44,1525
55,1545
76,1588
36,1592
9,1612
13,1615
33,1682
42,1689
2,1695
56,1703
19,1707
50,1732
64,1768
32,1772
83,1791
40,1805
75,1812
26,1828
90,1866
18,1882
62,1905
46,1936
7,1948
1,1962
73,1992
89,1998
68,2027
34,2059
92,2066
94,2100
47,2114
23,2126
48,2140
6,2143
24,2248
88,2259
29,2334
45,2398
10,2415
14,2427
35,2525
54,2557
67,2605
5,2640
95,2720
91,2746
11,2792
97,2857
60,2941
61,3091
63,3156
98,3351
93,3389

simblock.block.ProofOfWorkBlock@36ec4071:9
56,0
81,95
39,159
64,184
5,215
83,244
9,259
72,275
97,278
100,303
95,312
84,315
49,333
34,334
2,339
75,368
14,373
61,374
54,388
51,390
73,391
1,395
21,397
96,407
24,408
91,410
94,424
4,425
52,430
70,444
17,445
59,447
6,448
60,456
32,456
98,468
47,471
57,509
80,510
13,513
36,532
23,540
26,565
85,567
63,573
77,593
28,600
93,621
82,626
10,678
29,690
35,696
18,735
40,746
31,749
50,766
88,768
37,770
68,772
44,775
66,779
30,802
89,817
92,818
42,821
20,878
15,933
11,941
53,943
74,950
27,995
46,1023
3,1046
22,1074
99,1096
38,1117
41,1123
25,1165
78,1199
62,1216
90,1289
16,1340
87,1404
12,1411
7,1458
45,1501
55,1515
58,1630
19,1689
69,1697
79,1787
76,1803
8,1971
67,1980
43,1983
48,2161
65,2274
71,2446
33,2748
86,3088

simblock.block.ProofOfWorkBlock@6b578779:10
77,0
24,97
100,153
94,188
64,211
54,244
95,251
96,268
49,284
97,302
60,308
21,309
26,325
14,342
18,347
6,347
13,363
32,366
93,369
83,373
98,374
34,389
9,397
52,405
1,419
91,422
72,425
59,432
57,437
63,442
4,451
75,453
5,461
51,469
61,484
10,508
39,519
47,522
84,527
23,533
31,540
73,542
36,570
56,579
81,580
2,599
58,623
85,630
41,645
70,656
29,675
48,700
15,711
80,715
44,750
90,755
17,777
43,796
11,808
27,818
28,844
38,872
89,880
92,925
7,936
76,952
16,994
68,1013
88,1058
71,1080
46,1084
33,1093
42,1108
40,1137
79,1154
19,1167
78,1180
35,1231
30,1289
74,1306
25,1341
67,1367
20,1410
50,1465
37,1476
55,1524
66,1582
53,1650
82,1694
62,1755
3,1865
8,1938
45,2043
99,2147
65,2242
22,2328
87,2582
12,2616
69,2898
86,2935

simblock.block.ProofOfWorkBlock@50c442a5:11
36,0
52,91
21,147
26,187
81,208
95,246
93,259
23,265
85,275
47,303
39,308
24,315
34,322
54,335
1,339
57,357
56,359
60,365
9,368
100,372
2,387
10,393
61,396
17,413
5,417
70,417
59,424
73,428
75,429
94,436
14,444
98,453
84,454
4,457
72,465
64,474
13,486
49,501
80,509
91,516
18,522
32,527
76,546
51,559
96,583
83,584
97,641
6,643
58,644
29,659
42,694
63,700
15,718
31,722
68,736
74,742
37,757
77,758
89,771
82,815
53,820
27,825
11,828
28,829
44,867
25,899
30,909
19,914
41,929
35,943
48,990
16,1037
66,1088
22,1096
62,1100
40,1104
45,1116
43,1160
69,1186
88,1257
50,1278
46,1319
8,1364
99,1384
55,1428
79,1449
7,1461
78,1485
12,1604
90,1610
92,1631
71,1650
33,1748
20,1801
65,1918
3,1934
87,1947
38,1973
86,2088
67,2260

simblock.block.ProofOfWorkBlock@648639f1:12
52,0
21,389
26,445
36,501
39,557
9,622
61,646
95,682
64,703
98,740
56,761
93,785
6,797
17,826
100,845
57,848
84,884
13,902
91,916
4,947
73,960
74,992
59,993
70,1004
24,1017
94,1037
18,1050
58,1057
49,1073
44,1090
47,1097
1,1107
16,1147
96,1163
37,1172
11,1175
15,1212
5,1224
35,1240
28,1245
42,1260
89,1345
53,1352
25,1416
82,1422
29,1428
48,1429
2,1585
66,1598
19,1599
75,1617
22,1624
69,1635
14,1641
78,1642
60,1674
62,1703
34,1706
76,1714
80,1731
23,1764
43,1772
81,1820
45,1880
51,1883
90,1885
12,1918
10,1929
27,1956
86,1966
54,1985
79,1986
46,2014
85,2046
31,2055
55,2063
32,2105
63,2163
83,2220
68,2234
72,2279
99,2279
33,2283
97,2336
8,2350
87,2357
77,2393
65,2532
41,2566
71,2634
38,2738
7,2910
3,2918
40,3083
20,3258
50,3430
30,3602
88,3771
92,3942
67,4230

simblock.block.ProofOfWorkBlock@13b0755e:13
46,0
79,347
45,500
99,686
74,769
67,837
28,926
11,1010
15,1015
12,1018
16,1027
7,1086
92,1091
48,1170
68,1170
3,1170
29,1172
50,1174
43,1251
37,1253
58,1253
19,1259
65,1264
42,1280
76,1296
40,1338
31,1342
57,1348
78,1387
17,1427
88,1430
66,1433
96,1461
64,1477
69,1501
75,1522
14,1538
82,1539
71,1540
61,1544
20,1558
22,1567
54,1605
18,1614
72,1614
26,1633
34,1635
36,1655
8,1687
44,1689
30,1692
13,1700
9,1706
73,1738
33,1738
98,1784
23,1790
27,1797
2,1824
41,1827
39,1876
84,1935
89,1948
55,1953
52,1962
62,1983
24,1988
94,2011
90,2059
53,2087
86,2135
80,2191
87,2211
25,2215
49,2297
38,2350
4,2365
5,2514
10,2596
35,2621
95,2671
21,2814
32,2930
91,2969
77,3116
83,3231
56,3271
1,3414
70,3535
6,3570
51,3726
63,3869
97,3871
60,4023
81,4171
93,4171
100,4320
85,4469
47,4774
59,5072

simblock.block.ProofOfWorkBlock@17a17af5:14
59,0
80,104
96,160
91,194
10,219
98,253
2,254
13,277
60,290
97,311
26,312
84,313
83,344
14,345
47,347
100,367
63,369
56,380
17,383
34,401
75,402
24,404
57,404
39,405
5,408
73,424
49,431
21,437
94,440
81,444
95,449
70,458
54,459
61,461
52,464
36,468
93,482
6,492
4,493
32,499
23,500
77,512
85,517
18,543
72,555
1,568
9,576
51,613
31,631
25,633
89,677
64,679
41,683
74,708
38,719
29,744
7,745
19,792
50,804
28,811
37,830
76,857
15,902
55,915
40,978
68,984
99,1000
11,1029
45,1070
48,1087
66,1092
67,1095
92,1147
8,1151
20,1160
90,1198
82,1259
44,1264
65,1298
87,1316
42,1344
35,1368
58,1436
16,1440
71,1458
27,1518
43,1555
53,1616
30,1696
62,1720
86,1797
88,1797
78,1856
46,1987
3,2002
69,2271
12,2291
22,2558
79,2843
33,3142

simblock.block.ProofOfWorkBlock@749635e9:15
40,0
29,159
68,252
19,318
90,335
31,400
35,420
20,423
15,481
44,485
88,501
7,509
55,517
27,564
66,569
48,582
25,583
37,585
50,586
53,649
58,652
92,656
30,666
38,668
28,670
89,671
16,674
36,689
59,692
41,724
42,729
82,734
76,738
74,755
43,758
23,783
64,831
83,847
97,858
63,864
100,867
24,912
96,918
11,920
13,921
1,931
47,1013
39,1029
51,1034
72,1034
91,1043
26,1054
34,1087
99,1090
70,1094
65,1106
81,1115
80,1118
78,1134
3,1164
17,1207
95,1216
10,1222
57,1229
87,1258
60,1266
77,1268
98,1292
2,1302
46,1342
93,1384
4,1405
61,1413
56,1444
32,1448
18,1473
45,1475
85,1480
5,1561
94,1582
49,1590
12,1593
67,1641
14,1648
8,1694
21,1742
9,1756
6,1770
52,1823
54,1916
75,1948
62,1992
86,2062
84,2128
71,2184
22,2241
73,2312
79,2326
33,2516
69,2766

simblock.block.ProofOfWorkBlock@582679fd:16
90,0
74,716
48,805
92,875
29,891
30,956
88,976
82,977
50,1040
27,1049
16,1056
15,1074
7,1076
43,1119
11,1122
19,1131
53,1139
37,1139
35,1160
28,1193
38,1201
76,1210
41,1211
25,1218
31,1221
68,1237
20,1277
89,1289
55,1298
93,1316
42,1318
95,1345
40,1361
66,1371
47,1392
21,1412
10,1416
58,1459
97,1477
32,1490
59,1490
49,1502
85,1513
61,1520
14,1542
44,1549
100,1568
17,1592
80,1596
9,1610
62,1621
51,1664
33,1677
34,1694
23,1697
63,1719
64,1727
57,1743
54,1766
24,1773
73,1838
3,1873
70,1876
78,1878
94,1878
6,1906
72,1908
4,1921
83,1943
2,1954
96,2051
56,2053
81,2081
99,2086
60,2088
13,2095
22,2132
71,2193
12,2207
84,2226
67,2263
77,2263
18,2266
39,2274
8,2335
91,2437
1,2443
87,2447
46,2530
69,2584
98,2618
65,2649
75,2795
45,2910
5,2971
36,3149
26,3325
52,3500
86,3739
79,3992

simblock.block.ProofOfWorkBlock@6beb047e:17
59,0
10,91
83,152
1,200
34,208
81,245
98,257
13,266
47,293
93,314
84,317
85,322
70,323
39,335
95,350
14,358
91,370
9,372
6,378
80,380
49,383
64,406
61,417
72,422
52,426
21,427
51,429
97,435
75,436
63,440
77,443
96,443
54,444
94,451
5,452
17,468
60,487
57,491
4,499
2,500
36,501
24,508
18,549
56,559
23,560
32,561
100,565
27,617
73,618
90,664
26,676
28,690
74,698
19,723
29,726
15,732
43,739
82,744
20,767
37,773
30,789
66,797
88,848
55,861
16,896
31,901
7,908
62,949
40,959
38,1019
35,1031
76,1067
44,1073
12,1095
67,1095
48,1098
50,1132
68,1194
3,1199
41,1200
45,1242
53,1275
42,1318
8,1356
89,1366
11,1370
87,1441
58,1447
92,1491
99,1648
25,1665
78,1676
71,1733
79,1951
65,1962
86,2074
22,2239
69,2531
46,2818
33,3124

simblock.block.ProofOfWorkBlock@39b88618:18
77,0
26,90
24,146
52,182
39,204
97,240
21,243
96,263
9,282
56,296
54,299
94,301
81,320
75,330
13,345
98,355
84,357
36,359
10,364
14,372
73,389
34,390
6,394
49,412
61,416
95,418
18,418
32,423
91,445
80,446
64,447
23,448
5,457
2,462
59,475
63,480
70,499
57,503
4,503
51,512
72,537
60,539
17,539
47,561
100,562
31,586
1,595
83,599
28,646
85,660
25,717
93,717
42,732
68,734
55,734
43,740
15,757
16,789
11,798
27,806
74,816
19,852
38,887
44,904
35,930
8,958
82,963
37,990
46,1023
41,1059
79,1065
50,1073
89,1103
48,1133
33,1149
53,1162
65,1177
78,1188
76,1232
30,1246
86,1267
66,1279
58,1302
29,1420
7,1425
87,1498
99,1565
92,1593
62,1709
40,1763
88,1936
45,1993
20,2114
22,2279
90,2285
12,2569
3,2595
69,2855
71,2881
67,3169

simblock.block.ProofOfWorkBlock@bac5da7:19
99,0
12,334
3,482
78,585
79,628
65,705
69,813
71,850
11,887
46,965
22,989
8,999
43,1046
74,1149
42,1159
44,1163
86,1213
28,1219
33,1253
25,1262
90,1296
45,1297
66,1320
31,1324
2,1331
48,1385
19,1409
82,1419
35,1424
14,1449
30,1462
55,1492
94,1504
20,1529
89,1533
27,1555
13,1593
68,1600
80,1605
67,1641
38,1642
7,1682
92,1682
9,1705
1,1730
29,1754
34,1779
58,1795
73,1797
98,1806
64,1813
15,1814
57,1827
18,1907
16,1913
37,1943
88,1943
53,2020
87,2068
76,2079
23,2126
85,2153
36,2164
62,2166
41,2205
32,2213
97,2248
40,2280
50,2327
59,2379
95,2503
17,2514
83,2514
63,2558
5,2577
84,2632
6,2677
47,2813
54,2858
70,2879
93,2936
81,2983
24,3112
100,3156
39,3235
56,3281
75,3412
52,3460
91,3536
49,3711
51,3764
61,3834
10,4011
21,4067
77,4132
72,4371
96,4453
60,4677
4,4757
26,4987

simblock.block.ProofOfWorkBlock@42d071d4:20
2,0
47,91
80,156
97,189
51,216
34,244
81,246
95,275
9,280
91,302
70,303
83,307
36,332
77,335
4,337
6,343
1,359
73,360
84,366
17,372
72,390
24,393
60,393
26,398
59,417
63,420
21,426
14,428
13,434
64,447
39,450
94,452
56,461
93,476
49,480
96,490
23,492
5,504
32,509
98,519
54,520
48,533
18,533
52,558
10,561
75,580
100,628
57,637
92,645
76,678
31,688
85,697
19,703
38,706
25,717
82,733
37,743
29,744
61,753
68,754
42,777
40,781
43,805
30,816
89,822
7,859
44,875
74,878
28,905
16,920
20,944
15,979
90,1028
22,1034
58,1044
55,1052
69,1073
12,1086
35,1114
11,1148
62,1188
53,1262
41,1288
71,1317
8,1322
88,1329
87,1333
45,1337
27,1432
50,1458
66,1511
79,1613
46,1621
3,1740
99,1909
33,1914
67,2025
78,2211
86,2268
65,2512

simblock.block.ProofOfWorkBlock@3e98fd35:21
72,0
17,92
70,149
61,182
26,222
59,240
57,241
97,276
2,281
73,297
9,300
93,316
49,331
51,339
13,344
47,356
23,360
39,361
77,375
36,379
56,382
84,390
21,390
54,399
34,405
14,407
60,410
91,416
98,418
32,434
5,438
4,443
94,449
81,453
95,455
80,462
1,464
96,473
6,487
52,493
75,531
100,542
63,547
83,553
48,579
64,598
10,610
18,656
85,666
74,678
25,695
28,702
35,719
24,722
15,723
58,752
82,755
68,765
31,830
88,852
89,875
11,901
7,903
50,904
16,924
38,927
22,1009
90,1034
19,1051
41,1075
66,1077
37,1097
45,1122
99,1125
78,1181
62,1205
53,1209
44,1228
20,1249
30,1272
79,1299
86,1304
67,1365
29,1379
55,1399
43,1419
69,1554
27,1557
76,1575
42,1590
92,1766
46,1839
3,1850
71,1862
40,1936
65,2161
87,2189
12,2228
8,2512
33,2819

simblock.block.ProofOfWorkBlock@65f37227:22
69,0
3,344
71,490
99,677
82,752
12,851
48,912
15,1001
79,1009
7,1011
29,1011
16,1083
90,1084
65,1108
58,1166
28,1166
20,1171
76,1173
19,1175
68,1178
78,1228
74,1246
38,1246
37,1270
92,1273
31,1278
66,1334
43,1337
46,1343
88,1347
64,1348
18,1361
8,1379
22,1408
44,1430
94,1437
13,1452
83,1455
95,1524
36,1526
33,1528
40,1537
61,1546
25,1553
73,1603
35,1607
34,1615
89,1637
27,1685
75,1699
1,1701
30,1708
9,1788
56,1790
55,1798
86,1807
42,1812
41,1868
93,1872
50,1897
32,1961
2,1968
91,2008
53,2058
62,2108
21,2112
11,2129
6,2142
23,2308
80,2317
87,2319
24,2419
47,2428
45,2566
14,2612
59,2621
4,2722
10,2739
57,2910
67,2914
39,2919
52,3024
81,3217
70,3229
97,3324
17,3514
77,3540
72,3626
98,3814
84,3845
96,3936
60,4148
51,4237
5,4454
100,4540
85,4754
54,4838
49,5052
63,5138
26,5442

simblock.block.ProofOfWorkBlock@1f829ef1:23
76,0
74,162
82,245
30,334
28,335
16,409
90,417
31,417
48,493
7,496
43,496
58,500
92,511
44,580
20,581
29,589
66,591
11,600
27,603
41,660
37,666
25,670
40,673
88,675
38,677
68,680
19,684
50,685
4,689
55,750
89,764
97,782
15,785
42,832
35,850
49,852
34,857
72,862
47,864
53,867
93,870
23,929
94,939
80,1007
33,1022
59,1024
63,1026
56,1031
5,1036
75,1039
64,1047
26,1048
10,1070
84,1109
2,1113
99,1179
9,1182
78,1194
6,1199
24,1213
18,1215
95,1220
98,1221
13,1221
87,1266
32,1356
51,1374
39,1396
96,1421
61,1430
73,1530
36,1553
67,1556
81,1609
62,1660
77,1728
12,1777
83,1784
91,1902
69,1917
17,1962
60,2094
85,2141
3,2166
54,2286
21,2314
8,2414
14,2463
100,2496
70,2639
52,2676
65,2843
1,2853
57,3029
45,3101
86,3270
71,3352
79,3523
22,3775
46,4023

simblock.block.ProofOfWorkBlock@36b569f6:24
59,0
34,92
83,166
81,186
70,228
85,249
49,258
64,279
80,285
26,316
51,322
72,326
73,335
96,345
21,347
32,350
93,373
56,381
47,383
2,388
91,391
100,392
10,401
94,404
14,408
52,408
17,418
75,426
63,432
98,437
77,438
4,443
1,454
13,460
24,468
60,468
97,469
54,471
95,474
18,491
6,503
23,512
61,518
39,525
84,526
57,548
5,585
36,586
9,604
92,631
37,659
41,698
68,699
19,720
66,732
20,749
53,765
29,775
31,775
35,781
40,811
28,828
89,837
74,853
11,869
55,870
82,890
88,938
44,945
16,952
25,981
67,1091
62,1107
7,1115
15,1119
45,1122
76,1143
99,1152
30,1154
78,1171
65,1188
87,1273
38,1295
27,1334
3,1379
12,1396
8,1401
48,1475
42,1508
43,1664
50,1680
58,1841
79,1969
90,2013
22,2252
71,2312
69,2536
86,2660
46,2826
33,3126

simblock.block.ProofOfWorkBlock@1b54c03:25
40,0
55,157
68,242
53,316
90,327
19,398
20,413
7,415
37,474
58,484
28,490
29,499
31,556
35,571
50,578
88,580
92,585
42,638
82,640
76,647
43,651
66,660
15,660
48,663
26,673
10,678
44,688
16,725
30,736
25,738
38,743
89,747
74,779
2,781
11,821
41,822
24,846
54,854
4,856
75,866
39,904
27,905
5,917
70,921
21,941
83,946
1,952
34,989
9,1021
91,1028
77,1030
87,1038
6,1043
81,1078
96,1094
32,1094
78,1100
23,1107
14,1127
13,1144
56,1173
51,1194
63,1203
61,1219
99,1244
93,1255
65,1258
60,1269
36,1271
3,1279
18,1307
94,1368
49,1397
8,1422
72,1439
98,1444
67,1457
52,1480
12,1518
57,1573
62,1607
80,1612
47,1631
86,1727
84,1752
64,1814
71,1857
46,1862
59,1937
79,1978
97,2005
100,2115
17,2182
73,2291
85,2357
33,2492
95,2531
69,2746
22,2783
45,3032

simblock.block.ProofOfWorkBlock@1ecb92f9:26
41,0
27,159
58,245
38,316
66,332
31,397
42,409
92,480
50,480
30,490
25,500
98,519
29,555
20,566
15,582
19,604
37,637
74,645
16,648
43,653
59,659
76,663
39,694
40,723
44,725
35,732
89,734
55,748
48,752
13,760
2,779
7,797
53,808
90,808
88,814
82,833
32,848
77,855
95,872
68,896
4,913
18,924
51,931
1,939
21,955
11,961
83,968
91,988
49,995
17,1001
61,1022
93,1030
47,1038
85,1062
100,1080
96,1097
84,1112
75,1117
14,1130
28,1137
65,1140
52,1166
69,1180
70,1196
62,1198
23,1207
97,1235
45,1243
3,1282
94,1284
36,1309
34,1341
22,1359
80,1382
71,1388
26,1410
81,1469
24,1483
67,1484
54,1514
10,1561
6,1596
60,1652
5,1697
87,1724
72,1737
64,1771
73,1829
56,1879
33,1938
63,1946
57,2027
86,2118
78,2152
79,2190
9,2201
8,2371
99,2401
12,2454
46,2653

simblock.block.ProofOfWorkBlock@10f2a42d:27
75,0
73,96
17,154
21,187
97,216
61,245
100,245
93,272
36,291
91,302
26,308
96,308
63,334
60,347
4,364
83,369
9,370
84,391
24,392
98,393
14,393
77,404
57,426
59,427
85,428
70,433
82,442
13,449
34,450
94,455
95,460
39,476
72,483
1,484
10,494
49,505
2,519
6,537
18,544
23,546
56,551
5,557
52,566
32,575
47,594
54,608
74,626
64,664
80,667
7,708
42,708
68,728
51,731
28,737
66,738
15,740
31,742
53,755
81,788
90,795
25,818
11,827
20,835
16,878
30,892
88,902
76,908
58,958
40,966
50,1008
45,1021
22,1039
29,1078
43,1080
79,1082
69,1123
35,1138
62,1176
41,1181
78,1209
38,1252
55,1253
99,1259
3,1304
92,1316
86,1381
48,1422
19,1423
46,1466
37,1485
33,1566
27,1592
89,1597
87,1720
67,1749
44,1770
8,1771
12,1892
71,2057
65,2354

simblock.block.ProofOfWorkBlock@41b7dda5:28
83,0
49,92
63,149
21,184
9,208
1,243
85,248
10,264
13,275
98,299
97,305
36,306
18,323
24,335
64,341
2,356
56,363
94,363
39,364
91,377
57,380
95,398
100,403
75,403
34,405
32,420
6,421
84,424
77,427
59,441
72,443
4,443
60,454
5,459
73,461
23,461
80,462
61,477
14,483
70,497
81,498
96,510
54,523
52,528
55,532
17,541
93,555
47,568
51,612
90,650
26,676
40,705
66,710
58,714
89,717
43,730
50,736
74,738
30,762
48,768
15,769
82,778
37,800
44,823
76,849
11,876
28,881
35,884
42,886
92,901
7,949
53,976
31,999
16,1019
62,1045
38,1055
67,1082
19,1124
22,1150
88,1173
29,1191
71,1193
68,1226
12,1258
86,1322
27,1348
25,1368
8,1411
33,1455
78,1491
99,1512
41,1524
46,1650
69,1805
3,1982
87,3201

simblock.block.ProofOfWorkBlock@3bec416d:28
85,0
26,89
14,146
83,180
32,202
72,236
94,242
34,271
64,294
10,295
9,301
49,332
2,341
77,351
4,352
36,359
97,393
95,398
63,408
57,411
13,418
84,450
51,454
100,467
98,477
18,516
52,524
70,579
93,582
55,622
17,637
24,640
66,647
58,650
54,699
25,802
53,806
27,819
44,819
30,872
43,960
41,972
31,990
42,993
35,1044
38,1061
15,1146
87,1174
89,1179
90,1237
59,1255
61,1260
76,1319
39,1406
20,1411
80,1434
33,1458
6,1580
29,1586
69,1608
65,1663
88,1756
99,1828
37,1849
79,1891
45,1913
92,1925
22,1944
40,2097
19,2124
12,2160
46,2175
7,2266
82,2277
50,2435
78,2478
47,2547
60,2574
71,2731
86,2818
5,2873
67,3013
3,3298

simblock.block.ProofOfWorkBlock@2941a47d:29
75,0
73,95
93,160
100,186
97,217
10,244
83,260
17,273
95,279
21,301
26,322
77,336
59,338
13,373
91,374
24,378
54,382
98,395
36,399
61,411
39,429
23,431
60,434
85,436
5,436
56,439
40,456
1,467
14,469
2,471
6,494
70,496
34,497
47,500
94,523
63,524
4,537
80,554
9,558
52,563
32,597
49,606
96,614
57,617
42,618
82,634
72,657
84,662
51,671
64,693
19,713
81,728
48,733
66,734
29,789
74,810
31,813
15,825
89,844
20,862
28,885
37,908
43,962
45,965
16,970
90,980
18,1006
88,1020
50,1035
79,1061
35,1079
69,1125
11,1134
76,1143
71,1173
25,1190
41,1219
22,1251
58,1251
99,1263
7,1313
27,1362
55,1399
92,1431
78,1442
44,1493
68,1532
3,1535
33,1561
53,1665
67,1704
38,1715
8,1724
65,1835
62,1947
86,2177
12,2236
46,2521
87,2861
30,2935

simblock.block.ProofOfWorkBlock@5af15ebf:30
2,0
80,90
51,153
97,183
95,216
91,240
83,258
4,272
36,274
59,297
52,307
9,328
100,330
60,331
81,351
93,361
96,363
32,364
21,373
54,385
17,388
5,390
70,390
39,403
49,407
18,417
84,420
94,421
23,430
24,442
10,448
98,453
26,462
63,466
6,477
73,479
77,480
14,487
72,507
85,524
34,537
1,541
47,564
75,583
30,599
13,600
64,633
57,653
7,674
29,693
90,709
61,710
53,719
74,730
42,731
92,770
28,774
37,777
89,779
56,798
66,803
19,838
68,845
76,865
38,890
40,901
82,943
20,951
41,973
88,978
31,1019
25,1036
22,1051
27,1059
8,1088
48,1115
35,1142
43,1154
69,1189
16,1212
44,1234
3,1241
78,1272
87,1273
71,1310
50,1315
11,1324
33,1348
62,1396
58,1405
55,1486
15,1503
45,1526
12,1594
65,1649
99,1678
67,1768
86,1934
79,1964
46,2057

simblock.block.ProofOfWorkBlock@7370c0c0:31
30,0
66,157
74,257
41,315
44,338
55,397
76,417
35,421
42,479
27,486
82,501
15,505
28,518
16,564
40,569
68,579
89,587
88,593
11,610
25,649
53,658
37,659
48,665
29,672
7,674
58,681
90,692
19,732
20,753
85,763
43,763
31,768
50,775
5,843
38,845
83,853
92,856
24,918
10,926
73,931
97,943
94,944
17,946
60,1019
96,1024
47,1029
81,1030
18,1094
72,1100
9,1106
98,1116
56,1118
93,1121
23,1145
3,1145
59,1193
75,1203
49,1203
52,1207
2,1270
95,1289
34,1303
12,1361
61,1374
84,1377
100,1378
57,1448
79,1456
63,1463
62,1543
77,1548
13,1557
21,1626
69,1630
67,1650
78,1665
91,1722
4,1739
80,1805
22,1892
26,1896
99,1916
39,1933
32,1986
1,2076
33,2187
86,2191
54,2255
87,2426
6,2429
46,2440
14,2620
70,2800
36,2974
51,3149
64,3323
65,3534
71,3784
8,4034
45,4282

simblock.block.ProofOfWorkBlock@4b8d1c92:31
8,0
33,253
12,402
22,548
78,648
65,769
92,808
66,825
71,920
99,1065
82,1067
50,1071
20,1216
41,1226
69,1257
86,1275
7,1319
89,1330
35,1338
3,1401
55,1476
79,1549
53,1572
14,1575
88,1597
29,1599
87,1606
63,1636
13,1670
9,1727
43,1738
32,1791
58,1819
95,1846
30,1858
11,1873
60,1897
85,1924
74,1949
10,1985
76,1996
42,2017
25,2070
31,2122
24,2145
39,2174
57,2201
48,2227
47,2275
19,2285
40,2316
17,2333
62,2386
15,2397
49,2464
77,2472
26,2502
90,2503
27,2567
37,2572
98,2635
36,2681
94,2695
96,2772
23,2801
44,2820
72,2954
52,2993
93,3074
81,3170
64,3295
84,3373
4,3528
73,3598
91,3671
59,3876
5,3900
34,4208
75,4227
61,4506
100,4813

simblock.block.ProofOfWorkBlock@667c820e:32
59,0
83,94
34,152
63,191
70,212
77,242
26,248
10,269
98,280
85,300
100,311
9,312
80,329
1,340
54,345
36,358
2,359
4,361
93,369
14,371
47,374
13,390
61,399
97,402
95,404
24,418
56,420
57,431
73,438
91,439
94,440
96,447
5,451
32,457
52,459
75,460
21,466
23,468
64,474
6,484
49,488
72,494
17,522
18,545
39,549
60,582
84,583
81,605
50,618
90,632
31,654
51,661
28,667
43,711
7,727
74,754
89,755
66,762
40,790
20,803
82,809
19,813
15,823
29,835
58,836
35,881
53,924
25,962
41,975
16,1005
44,1008
38,1020
67,1031
62,1038
99,1044
55,1056
27,1135
88,1150
76,1180
48,1197
11,1227
86,1244
8,1294
71,1315
92,1320
12,1327
68,1335
37,1367
30,1491
78,1528
3,1626
42,1666
45,1910
22,1949
65,2208
46,2231
87,2552
79,2803

simblock.block.ProofOfWorkBlock@2d11e25a:33
17,0
54,88
9,152
73,178
100,212
95,238
39,249
57,269
24,294
60,304
52,307
81,320
91,326
13,334
94,359
49,360
2,362
84,363
64,363
51,378
75,384
1,391
93,392
36,403
18,415
98,418
77,419
14,422
34,428
23,442
59,442
80,447
85,457
6,466
32,476
83,481
97,483
47,485
72,500
56,514
63,517
5,531
4,542
26,551
61,561
70,570
96,617
10,628
25,651
21,685
66,701
38,702
74,718
88,722
15,741
90,744
43,761
29,789
11,794
50,806
27,818
58,822
40,860
7,871
41,872
53,888
68,898
19,960
16,963
12,1018
37,1033
48,1052
20,1069
76,1130
33,1139
46,1170
22,1171
92,1220
82,1227
78,1239
30,1243
28,1301
69,1302
31,1414
45,1470
44,1482
62,1506
8,1511
67,1587
42,1591
55,1665
35,1761
79,1795
86,1818
89,1834
99,2080
71,2129
87,2170
65,2434

simblock.block.ProofOfWorkBlock@5453f84c:34
61,0
98,90
97,148
39,204
4,239
63,261
54,296
95,317
14,322
94,332
80,353
9,380
60,388
57,390
73,411
36,439
49,439
6,441
91,445
13,446
10,448
83,448
26,470
23,497
100,499
18,502
93,502
96,505
1,511
75,527
51,545
17,558
32,560
34,561
56,583
21,587
59,623
85,640
70,644
77,658
90,674
47,698
16,715
81,721
29,727
25,746
64,755
58,762
84,780
52,836
55,845
88,886
44,904
7,918
15,950
74,1011
41,1020
3,1039
68,1056
43,1074
24,1125
2,1154
53,1180
72,1187
31,1190
22,1203
5,1213
35,1243
67,1322
86,1333
45,1341
37,1355
11,1360
82,1392
92,1413
79,1488
28,1534
48,1591
46,1606
69,1642
62,1674
87,1684
89,1708
19,1764
65,1792
30,1933
99,1966
71,1994
42,2115
78,2292
50,2295
76,2465
27,2648
20,2823
40,2997
38,3171
66,3343
8,3627
12,3910
33,4208

simblock.block.ProofOfWorkBlock@461aac92:35
45,0
67,344
46,492
15,757
79,826
44,920
82,1004
38,1018
7,1083
29,1089
57,1133
99,1162
20,1164
19,1166
37,1167
92,1175
50,1184
49,1233
40,1247
28,1248
88,1258
30,1282
98,1289
36,1331
31,1339
48,1340
23,1352
18,1394
43,1415
58,1421
35,1428
39,1432
89,1435
52,1450
10,1452
75,1455
12,1489
27,1506
91,1522
72,1530
25,1540
96,1600
73,1613
9,1616
64,1631
41,1688
78,1702
4,1702
54,1707
87,1727
84,1729
90,1768
24,1774
66,1805
65,1806
11,1844
22,1870
69,1878
14,1880
76,1949
2,1953
86,1975
97,2027
42,2031
17,2056
55,2065
94,2127
3,2132
53,2212
13,2235
34,2301
68,2324
26,2325
95,2347
61,2408
16,2471
80,2478
33,2613
60,2624
81,2647
8,2729
74,2730
62,2851
56,2924
83,3031
71,3103
63,3228
59,3328
51,3527
70,3636
21,3824
32,3937
93,4238
5,4425

simblock.block.ProofOfWorkBlock@41db7ffb:36
44,0
82,249
7,330
48,416
31,420
68,490
19,502
53,502
90,578
35,578
15,583
20,586
37,586
40,655
55,661
28,665
76,669
27,673
66,684
25,739
74,747
58,748
50,749
30,752
42,755
16,760
29,762
57,766
92,772
38,820
88,833
43,836
83,859
47,861
41,868
89,918
24,937
95,939
36,940
100,944
11,949
26,973
77,1012
97,1013
6,1020
94,1022
1,1026
18,1058
59,1109
64,1112
49,1115
98,1118
21,1119
72,1120
81,1151
9,1188
61,1191
51,1195
2,1200
23,1233
78,1274
65,1274
96,1286
10,1292
39,1294
54,1295
73,1362
91,1366
85,1376
87,1393
84,1413
22,1443
75,1465
56,1469
46,1546
67,1548
45,1550
4,1554
12,1612
60,1646
79,1715
93,1736
52,1826
70,1910
3,1969
5,2009
32,2088
69,2221
86,2248
17,2263
13,2438
8,2469
14,2614
80,2791
34,2967
63,3140
33,3341
62,3593
99,3853
71,4107

simblock.block.ProofOfWorkBlock@31e5514:37
92,0
27,166
74,251
58,327
19,333
31,414
76,415
15,417
42,493
11,498
44,498
88,499
41,501
82,574
53,576
66,581
38,587
30,590
37,657
43,658
55,663
48,665
50,674
51,674
7,675
89,740
20,741
29,746
16,746
25,753
28,757
63,762
9,773
35,831
40,835
90,839
68,840
26,854
83,871
5,920
17,922
14,929
70,936
49,943
97,948
60,948
36,952
24,1004
100,1013
98,1030
85,1049
52,1101
77,1106
65,1109
72,1111
23,1112
62,1118
84,1126
95,1129
96,1129
87,1161
2,1177
13,1193
73,1204
21,1227
56,1277
32,1289
18,1304
78,1334
3,1361
39,1366
6,1368
71,1368
93,1388
1,1401
34,1456
64,1466
81,1477
57,1542
59,1564
45,1622
67,1627
54,1633
10,1639
22,1649
94,1655
61,1742
91,1806
80,1816
47,1892
12,1905
33,2018
86,2133
99,2181
79,2266
8,2686

simblock.block.ProofOfWorkBlock@7a5fecca:38
89,0
30,156
43,243
88,327
15,331
28,406
35,412
16,489
11,496
58,497
17,504
90,574
20,580
7,587
75,594
44,595
25,606
9,653
37,656
50,658
68,662
76,672
24,677
74,681
93,683
23,710
53,743
55,749
40,758
52,760
38,764
100,768
94,782
29,822
84,832
31,841
39,848
66,852
14,864
82,903
73,923
49,930
19,951
81,957
48,984
47,1008
5,1021
95,1022
36,1027
4,1029
13,1040
98,1044
92,1066
41,1101
97,1101
83,1114
2,1131
27,1183
63,1185
78,1187
21,1197
1,1203
18,1232
96,1240
3,1247
62,1265
42,1265
46,1357
72,1366
86,1371
54,1382
69,1404
10,1412
34,1414
32,1440
57,1543
70,1566
60,1587
56,1589
67,1612
33,1640
80,1718
64,1742
85,1765
12,1836
77,1915
87,1958
79,2013
22,2084
61,2090
99,2209
91,2269
6,2444
51,2627
26,2803
59,2990
65,3191
45,3442
8,3693
71,3949

simblock.block.ProofOfWorkBlock@7614cb65:39
93,0
80,90
60,147
97,181
21,204
1,241
73,244
83,263
54,272
36,300
4,302
100,303
47,329
10,333
24,336
70,342
51,356
13,358
72,367
34,368
9,391
77,392
95,396
81,398
75,400
32,404
17,427
52,428
59,437
98,438
85,449
14,452
96,452
26,457
6,463
39,485
5,487
94,489
49,494
61,506
63,509
2,513
23,518
64,562
84,565
18,570
31,580
57,620
16,627
91,635
28,671
40,681
56,683
25,702
68,713
90,737
74,748
89,752
48,760
44,796
27,813
43,836
37,850
41,854
11,914
30,923
19,932
53,978
66,984
50,1029
22,1074
65,1121
8,1146
7,1151
58,1179
55,1198
71,1207
99,1217
29,1339
88,1348
79,1359
35,1369
69,1493
42,1510
78,1522
15,1526
20,1560
33,1658
92,1683
38,1700
3,1778
67,1851
82,1858
76,2032
45,2060
62,2315
86,2405
46,2601
12,2889
87,3228

simblock.block.ProofOfWorkBlock@6588405:40
19,0
66,163
44,247
55,333
42,333
28,413
92,414
16,418
58,493
82,496
25,499
29,500
35,506
74,570
27,575
50,580
41,582
37,587
53,591
15,594
48,653
68,665
30,669
38,674
17,681
7,685
43,737
20,750
11,753
100,775
54,775
31,778
40,779
90,823
23,831
89,841
26,852
80,856
88,862
64,874
83,881
76,906
9,928
75,935
59,949
5,953
52,959
72,959
65,1018
14,1031
56,1032
51,1040
61,1052
13,1061
39,1083
78,1106
1,1106
94,1115
96,1125
6,1127
46,1146
86,1205
24,1207
73,1213
47,1229
91,1235
81,1289
85,1302
10,1303
21,1383
57,1402
34,1410
60,1466
8,1470
95,1476
79,1555
2,1560
70,1589
67,1632
87,1646
97,1660
12,1719
36,1735
93,1765
3,1804
98,1849
18,1908
77,1941
84,2029
32,2085
63,2115
49,2205
4,2290
33,2291
69,2453
62,2526
45,2543
22,2726
99,2789
71,3121

simblock.block.ProofOfWorkBlock@9ae41ca:41
44,0
19,2272
29,2441
66,2525
40,2599
28,2604
55,2607
90,2686
30,2687
92,2691
25,2691
68,2756
74,2763
16,2769
58,2774
42,2778
31,2785
20,2841
76,2846
27,2851
89,2854
50,2855
41,2863
53,2863
37,2864
57,2868
88,2872
11,2928
48,2930
35,2948
7,2954
23,2968
43,3014
75,3034
18,3037
38,3038
72,3039
15,3050
64,3055
51,3125
10,3129
82,3132
52,3134
95,3189
59,3212
96,3214
94,3216
36,3217
5,3221
56,3223
47,3229
9,3303
60,3305
34,3308
1,3308
39,3370
78,3374
2,3390
84,3390
26,3395
85,3404
46,3437
87,3477
80,3484
81,3485
65,3506
98,3543
12,3556
24,3566
73,3567
83,3574
97,3592
67,3647
14,3657
86,3723
49,3742
21,3750
8,3755
3,3803
63,3831
45,3832
22,3864
6,3917
54,3927
79,3977
77,4004
100,4105
69,4174
93,4178
17,4358
4,4532
91,4707
61,4887
13,5060
70,5237
32,5411
33,5618
62,5862
99,6113
71,6366

simblock.block.ProofOfWorkBlock@3932263f:40
4,0
100,113
18,172
32,231
13,287
84,325
60,357
57,382
77,421
14,442
10,498
94,518
26,555
97,577
64,611
63,669
85,726
92,757
27,908
74,927
58,1089
50,1097
66,1260
44,1267
76,1443
38,1444
7,1613
46,1742
25,1785
20,1959
12,2243
22,2533
79,2822
3,3107
33,3404
65,3704

simblock.block.ProofOfWorkBlock@21b7164e:42
48,0
28,162
82,249
7,326
15,343
76,413
37,417
90,435
74,495
92,501
68,504
53,506
35,532
16,576
42,579
29,582
31,591
40,594
19,658
43,660
88,668
50,671
55,673
20,679
75,688
25,692
81,716
66,739
27,741
44,743
30,751
11,760
26,776
38,778
89,823
58,833
100,864
73,870
93,870
72,870
32,885
96,899
41,906
21,916
13,939
59,943
49,949
14,951
9,966
85,1028
1,1037
5,1047
64,1051
60,1062
70,1072
98,1091
51,1117
10,1122
77,1126
97,1146
94,1202
65,1208
83,1215
52,1220
78,1227
71,1240
18,1262
91,1298
4,1304
62,1307
56,1377
99,1379
12,1397
36,1399
61,1437
46,1467
17,1471
33,1529
8,1554
80,1556
67,1558
63,1573
47,1610
54,1647
22,1714
2,1733
87,1773
23,1787
3,1806
39,1820
34,1910
84,1964
79,2059
24,2085
57,2139
6,2260
69,2309
95,2313
45,2516
86,2553

simblock.block.ProofOfWorkBlock@fb8cc64:42
67,0
45,334
46,667
84,789
30,1009
97,1090
55,1270
5,1390
66,1530
57,1687
25,1794
26,2004
38,2057
39,2304
15,2316
68,2577
77,2874
1,3173
47,3477
6,3778
51,4078
21,4381
56,4687
100,4986
63,5291
60,5588

simblock.block.ProofOfWorkBlock@481839eb:43
29,0
90,162
40,243
28,317
16,326
48,399
55,403
37,409
44,478
38,486
88,490
68,492
19,494
76,566
82,569
7,572
35,574
31,576
58,579
42,587
30,640
43,647
92,649
74,655
27,658
50,660
15,663
49,685
89,733
25,740
20,741
41,741
53,750
94,794
11,812
70,828
97,837
26,840
23,842
66,852
84,874
4,915
98,922
10,925
2,945
91,1007
85,1013
21,1014
47,1015
9,1019
56,1024
96,1037
87,1045
73,1056
51,1086
34,1090
1,1096
60,1100
24,1127
95,1183
72,1190
78,1204
64,1210
100,1230
45,1262
80,1265
81,1272
3,1293
65,1295
39,1358
93,1367
8,1377
6,1409
13,1444
36,1449
46,1467
22,1514
17,1547
59,1587
67,1604
77,1618
18,1623
12,1636
54,1721
33,1790
32,1803
75,1817
83,1905
52,2006
62,2043
61,2087
63,2180
5,2271
99,2290
14,2354
57,2461
86,2598
71,2712
79,2852
69,2960

simblock.block.ProofOfWorkBlock@33bd78e1:44
12,0
65,258
78,378
99,525
22,543
71,676
86,769
8,831
79,853
41,951
3,1000
69,1002
30,1018
88,1090
27,1129
33,1130
46,1188
38,1190
43,1212
66,1215
16,1251
92,1261
85,1299
37,1336
29,1347
89,1356
63,1365
28,1373
97,1389
19,1414
48,1436
83,1454
76,1474
9,1480
51,1482
82,1500
44,1520
42,1520
80,1529
6,1562
32,1566
87,1623
57,1645
14,1649
13,1657
18,1657
70,1672
53,1673
7,1679
2,1706
31,1712
10,1714
20,1738
15,1761
68,1809
24,1817
56,1820
1,1846
72,1886
11,1893
40,1932
26,1948
21,1981
74,1996
55,2003
98,2004
54,2023
64,2061
73,2063
49,2115
35,2154
67,2167
5,2249
90,2271
45,2271
34,2302
75,2418
47,2427
50,2447
52,2558
59,2599
58,2714
95,2718
17,2781
81,2859
94,2898
25,2972
36,3129
23,3157
93,3272
62,3283
60,3456
100,3478
77,3574
61,3874
91,4180
84,4481
4,4778
39,5077
96,5379

simblock.block.ProofOfWorkBlock@310d7600:45
25,0
43,161
50,245
66,330
30,341
35,413
11,425
20,473
42,494
58,504
88,519
74,559
68,581
41,581
10,590
15,596
28,611
90,637
38,640
37,659
48,664
76,669
55,671
44,680
89,692
92,694
40,721
16,723
7,747
27,759
64,764
19,769
82,769
31,812
53,819
54,856
73,856
29,864
49,864
81,869
77,901
96,928
85,937
18,954
72,958
95,991
100,995
60,1031
34,1039
2,1046
17,1058
5,1074
26,1089
93,1105
99,1108
23,1112
4,1114
32,1129
47,1143
63,1169
13,1174
51,1206
56,1216
98,1225
52,1254
84,1264
14,1290
24,1305
69,1331
39,1355
79,1358
46,1360
91,1379
94,1403
62,1406
97,1438
59,1463
21,1485
75,1529
1,1556
61,1580
78,1640
83,1652
57,1660
70,1730
86,1819
9,1829
80,1844
67,1852
6,1915
36,2017
65,2029
22,2067
8,2167
33,2251
87,2271
71,2417
45,2499
12,2752
3,3007

simblock.block.ProofOfWorkBlock@5e8fb165:46
15,0
88,162
29,244
38,322
44,325
40,406
89,406
92,419
20,484
31,487
43,490
7,496
48,503
27,567
19,579
68,583
74,583
28,584
58,587
90,596
76,655
25,659
55,660
35,668
37,677
41,734
53,737
11,741
50,743
42,746
30,754
66,760
5,768
77,775
16,838
75,839
18,853
63,860
51,865
49,918
97,920
52,922
82,925
83,944
64,945
23,946
4,963
39,1019
59,1023
47,1038
1,1039
95,1093
9,1093
22,1100
96,1100
93,1118
86,1133
91,1143
65,1188
3,1194
100,1197
10,1227
78,1260
94,1274
60,1276
17,1294
13,1321
73,1372
54,1401
85,1450
98,1453
21,1473
33,1538
67,1542
26,1580
70,1628
2,1636
61,1647
72,1755
62,1775
32,1806
24,1820
69,1896
84,1934
6,1995
46,2068
57,2108
71,2144
56,2175
81,2292
34,2349
36,2469
80,2526
14,2650
79,2776
87,2897
8,3025
99,3147
45,3274
12,3396

simblock.block.ProofOfWorkBlock@b8e65eb:47
71,0
12,332
69,480
78,590
65,709
30,743
3,811
99,854
74,901
66,990
8,1004
44,1004
22,1013
28,1069
43,1073
38,1157
19,1158
90,1158
41,1162
53,1170
79,1193
31,1194
48,1226
86,1236
76,1239
15,1242
16,1251
29,1265
33,1270
11,1287
27,1316
75,1412
54,1424
2,1425
55,1431
80,1438
42,1491
47,1509
20,1526
94,1530
25,1561
63,1586
13,1591
36,1598
32,1604
34,1614
95,1645
56,1648
83,1677
82,1709
7,1750
1,1772
18,1783
73,1800
57,1824
35,1829
46,1840
62,1856
68,1860
100,1937
64,1963
9,1968
40,1968
37,2010
87,2091
6,2138
98,2141
92,2230
10,2286
24,2315
51,2315
50,2351
5,2442
49,2534
45,2569
67,2605
97,2614
58,2618
52,2752
85,2833
88,2882
72,2915
26,3057
70,3143
89,3148
21,3214
23,3359
59,3442
61,3452
60,3656
77,3756
81,3954
93,4074
91,4253
4,4373
17,4551
96,4680
14,4850
84,4978
39,5291

simblock.block.ProofOfWorkBlock@551b166f:48
31,0
53,155
29,237
37,318
16,320
20,399
40,401
55,410
76,480
88,483
90,486
7,495
82,496
35,560
27,561
66,565
19,568
68,572
58,578
42,584
74,635
43,647
50,647
48,649
44,651
15,668
100,675
25,723
41,730
89,731
38,737
73,759
11,807
28,821
92,822
54,825
30,827
51,838
59,846
95,848
80,850
17,853
1,928
70,934
77,939
96,996
10,996
32,996
18,999
84,1013
75,1021
39,1025
26,1030
36,1032
13,1070
23,1087
79,1143
14,1170
78,1170
49,1172
60,1176
87,1183
97,1193
81,1200
6,1202
61,1206
85,1209
65,1253
2,1349
64,1349
52,1353
9,1369
72,1378
57,1381
47,1389
3,1433
63,1529
94,1545
93,1553
83,1563
99,1598
45,1638
98,1708
4,1719
21,1741
33,1765
67,1795
12,1848
34,1887
62,1958
71,1988
46,2016
24,2063
22,2215
56,2242
69,2265
91,2419
5,2600
86,2844
8,3093

simblock.block.ProofOfWorkBlock@3dcf058b:49
40,0
68,166
29,248
90,329
35,342
20,412
31,414
7,438
48,487
55,494
15,497
25,511
28,569
44,576
37,579
50,580
30,597
54,614
74,654
27,658
66,658
58,660
82,666
16,668
43,672
61,672
38,708
53,739
88,740
42,744
92,753
19,759
89,771
39,787
10,789
11,812
76,828
41,843
57,845
4,846
64,871
9,886
81,917
80,929
21,932
23,933
36,965
56,1001
32,1011
51,1028
100,1030
65,1037
77,1050
24,1063
1,1093
70,1106
17,1108
2,1113
78,1118
63,1138
34,1178
13,1185
75,1203
94,1209
96,1228
97,1244
98,1274
47,1282
5,1288
85,1288
91,1314
60,1362
73,1377
95,1385
14,1449
83,1462
87,1469
99,1502
26,1558
45,1562
67,1575
18,1626
62,1636
72,1640
3,1719
49,1733
8,1753
52,1801
93,1814
22,1886
6,1918
46,2012
86,2054
71,2074
84,2092
12,2259
59,2277
79,2309
33,2477
69,2726

simblock.block.ProofOfWorkBlock@227e91e0:50
31,0
29,751
37,849
76,935
20,1016
82,1021
28,1097
44,1098
88,1109
53,1179
74,1182
42,1190
48,1197
43,1262
27,1264
92,1272
50,1276
30,1282
58,1288
7,1289
55,1337
11,1343
89,1354
66,1362
38,1363
25,1419
98,1438
35,1445
41,1448
68,1451
75,1455
4,1463
16,1465
70,1466
14,1540
15,1547
36,1548
24,1616
84,1623
90,1629
23,1633
64,1639
1,1642
59,1647
100,1648
80,1713
40,1714
10,1725
49,1794
19,1795
65,1799
56,1803
95,1805
78,1809
85,1818
39,1821
96,1826
77,1889
2,1901
17,1968
51,1981
63,1986
81,1992
73,1997
45,2049
47,2076
13,2097
5,2159
57,2166
9,2167
87,2239
22,2240
32,2271
12,2329
91,2334
83,2343
94,2346
67,2411
33,2472
3,2488
79,2490
34,2512
93,2518
6,2520
54,2690
61,2696
97,2696
99,2719
46,2740
18,2869
21,2880
62,2934
52,3045
72,3064
60,3219
26,3239
86,3458
69,3499
8,3710
71,3747

simblock.block.ProofOfWorkBlock@234e040a:51
79,0
46,345
99,490
45,680
42,752
12,832
37,911
3,981
58,1009
74,1013
90,1014
67,1022
7,1074
78,1079
66,1094
31,1164
40,1177
28,1179
65,1198
88,1244
29,1253
48,1262
19,1268
76,1275
54,1277
38,1280
69,1318
8,1346
43,1347
68,1347
73,1433
80,1447
72,1448
14,1454
13,1455
71,1492
44,1504
64,1513
22,1522
2,1539
82,1540
35,1563
25,1606
39,1607
34,1614
94,1620
52,1622
17,1625
77,1629
86,1698
23,1699
62,1751
11,1763
87,1774
18,1795
36,1799
96,1805
16,1822
27,1823
30,1864
9,1969
98,1974
57,1987
92,2021
50,2037
53,2081
15,2090
55,2123
26,2148
61,2165
33,2172
89,2296
10,2319
41,2354
63,2387
100,2426
84,2596
20,2613
75,2616
81,2684
60,2725
24,2914
70,2921
95,2986
1,3025
49,3215
32,3221
4,3292
5,3332
93,3520
85,3593
21,3631
97,3817
6,3890
51,3941
83,4122
56,4220
47,4419
59,4525
91,4834

simblock.block.ProofOfWorkBlock@1f0afe5a:52
67,0
45,333
46,667
84,792
79,1003
15,1007
97,1089
48,1186
30,1272
82,1275
76,1340
99,1344
92,1357
28,1362
26,1393
89,1439
29,1441
43,1522
58,1524
31,1528
66,1532
74,1599
44,1605
18,1622
12,1671
42,1680
5,1690
88,1691
14,1704
17,1775
55,1792
61,1796
3,1820
53,1861
24,1866
64,1878
78,1929
90,1946
98,1950
23,1971
57,1987
94,2046
38,2051
54,2052
11,2080
35,2124
52,2129
69,2151
86,2210
27,2212
34,2219
36,2232
39,2288
68,2311
87,2341
22,2377
10,2383
96,2395
20,2401
65,2439
37,2494
95,2513
25,2572
80,2576
50,2603
41,2660
75,2684
71,2688
2,2752
7,2759
91,2818
21,2875
16,2924
49,2985
8,3005
72,3057
81,3121
51,3172
85,3232
4,3421
62,3424
1,3469
59,3535
47,3769
93,3834
56,4072
70,4135
6,4375
83,4437
77,4681
32,4736
60,4979
100,5289
63,5586

simblock.block.ProofOfWorkBlock@54b1e755:52
13,0
21,94
4,150
100,189
84,206
93,258
56,263
80,277
18,286
10,300
52,317
64,320
26,333
5,354
83,357
1,361
60,362
24,376
96,378
54,381
2,391
98,408
34,412
75,417
85,418
73,432
91,434
97,442
17,449
47,451
51,471
6,474
57,487
36,491
32,494
94,502
72,510
63,534
23,546
9,546
49,548
59,559
70,567
39,603
14,615
81,623
20,673
95,677
61,681
82,689
31,707
89,719
58,720
28,725
68,735
77,738
41,753
55,780
11,836
92,843
44,856
16,865
15,877
35,890
38,895
66,904
37,912
19,928
48,952
43,1009
50,1013
74,1036
42,1039
27,1064
99,1069
90,1071
29,1076
40,1097
30,1098
71,1110
88,1121
7,1186
78,1229
76,1251
53,1276
62,1339
25,1356
67,1411
3,1536
8,1560
46,1621
79,1657
69,1693
45,1826
87,1910
12,1942
22,2232
86,2255
65,2537
33,2851

simblock.block.ProofOfWorkBlock@432e08ae:52
35,0
48,175
68,257
20,348
30,441
25,530
15,618
55,704
38,787
24,960
98,1140
61,1313
54,1488
73,1662
9,1844
97,2018
18,2208
8,2456
46,2704
12,2955
99,3208

simblock.block.ProofOfWorkBlock@600948f7:53
81,0
5,114
64,173
95,206
77,236
2,263
32,268
47,295
84,297
1,330
4,336
83,351
52,353
51,355
63,361
91,388
97,390
70,403
56,409
54,410
85,418
94,427
10,436
49,442
9,447
26,449
13,453
21,456
98,457
100,465
61,468
60,483
57,490
17,491
80,492
75,494
59,506
72,510
18,524
73,532
14,548
29,549
93,564
96,582
23,583
36,638
6,639
50,672
30,680
24,695
66,699
55,720
74,729
40,736
34,751
92,768
68,805
39,812
20,814
35,840
37,842
44,844
16,854
89,870
15,873
31,889
43,981
28,985
42,1014
19,1027
11,1044
46,1059
3,1118
78,1155
76,1158
67,1175
82,1208
62,1264
87,1303
12,1309
58,1338
25,1392
8,1462
48,1508
99,1553
41,1562
22,1593
53,1680
27,1735
45,1746
38,1852
90,2022
69,2033
65,2045
88,2192
7,2365
79,2652
71,2947
33,3246
86,3611

simblock.block.ProofOfWorkBlock@5f38fe7d:54
23,0
36,106
57,162
21,198
17,223
84,253
51,256
13,302
97,309
72,313
34,326
39,345
24,362
83,365
61,370
56,395
26,397
95,402
18,409
81,416
73,419
32,424
77,426
91,427
48,439
4,452
80,455
94,455
10,459
63,460
70,470
100,475
98,483
96,485
6,490
5,495
2,496
59,510
1,515
47,516
60,528
93,533
54,541
14,554
64,569
85,571
9,597
82,600
52,611
28,654
75,661
49,667
92,691
53,746
35,748
50,749
15,761
71,770
37,795
16,800
19,825
43,832
30,842
89,845
27,918
20,919
11,924
41,926
31,934
25,969
45,973
76,1004
44,1018
55,1019
86,1109
62,1150
99,1155
29,1175
66,1188
69,1203
46,1215
8,1223
3,1256
87,1262
78,1306
58,1349
88,1358
79,1443
12,1488
22,1511
42,1519
90,1550
7,1720
68,1724
33,1818
38,1890
65,2024
40,2063
74,2237
67,2519

simblock.block.ProofOfWorkBlock@4b80fd6b:55
77,0
100,95
64,151
61,184
4,208
21,240
1,252
34,271
63,275
80,301
18,306
39,328
36,329
9,331
10,341
2,358
97,361
59,362
94,363
83,369
81,385
49,388
98,388
84,397
54,398
91,402
73,417
56,419
13,422
23,426
96,442
52,444
6,445
5,451
14,451
75,456
47,459
60,476
51,485
26,501
93,506
70,535
85,546
24,558
57,562
32,591
41,595
92,618
72,648
90,698
28,702
95,705
68,706
42,728
15,730
89,741
58,753
55,765
17,766
29,790
11,799
88,881
30,906
31,907
40,940
82,941
38,965
79,979
50,1078
16,1111
67,1116
37,1120
99,1122
46,1134
43,1136
71,1163
78,1211
7,1259
19,1283
76,1291
66,1310
44,1431
27,1454
74,1460
35,1483
25,1624
53,1629
48,1653
62,1711
20,1826
8,1912
22,1994
33,2125
3,2201
69,2277
65,2499
45,2567
87,2838
12,2853
86,3178

simblock.block.ProofOfWorkBlock@35a74b42:56
57,0
23,92
98,150
36,196
17,211
96,248
84,273
52,289
75,301
14,304
49,331
1,341
51,354
63,361
100,365
85,367
26,389
97,389
94,395
13,397
21,412
10,422
93,423
9,425
39,436
83,447
77,453
4,459
47,460
56,461
2,472
61,478
24,481
54,484
95,511
80,515
60,518
32,525
81,529
72,543
6,555
18,572
70,573
64,579
34,588
91,601
5,612
73,629
89,655
59,688
29,695
20,715
25,751
68,762
44,779
37,795
27,809
92,832
82,860
48,868
50,888
30,931
53,967
43,1002
86,1033
16,1036
66,1037
8,1072
99,1100
45,1111
79,1148
90,1174
69,1175
15,1208
38,1209
65,1232
22,1254
87,1319
55,1345
28,1379
33,1412
46,1436
62,1489
35,1517
40,1550
11,1687
58,1720
12,1778
31,1862
88,1889
41,2035
3,2060
74,2060
76,2234
78,2333
19,2404
42,2584
7,2763
71,3056
67,3339

simblock.block.ProofOfWorkBlock@3e309685:57
65,0
12,292
22,453
78,544
86,679
99,692
8,839
25,928
71,990
3,1021
33,1088
41,1114
66,1119
55,1125
79,1167
30,1178
11,1252
27,1271
38,1283
42,1283
69,1331
90,1349
16,1364
83,1365
19,1366
43,1389
92,1425
14,1465
40,1468
46,1501
82,1506
50,1513
28,1527
47,1530
9,1548
13,1555
53,1556
6,1558
18,1559
70,1623
74,1626
20,1648
29,1669
68,1675
44,1684
37,1693
97,1732
2,1733
15,1765
87,1771
1,1796
45,1799
98,1816
64,1879
48,1905
76,1912
21,1912
7,1954
56,1967
26,1983
95,1985
89,2033
73,2072
80,2088
67,2138
85,2165
31,2181
34,2216
63,2234
51,2253
32,2261
57,2285
75,2290
35,2295
5,2370
94,2513
58,2557
72,2558
60,2567
36,2583
24,2589
52,2671
59,2811
88,2816
54,2856
49,2888
4,2934
23,2948
91,3120
62,3205
17,3287
81,3327
96,3422
10,3636
39,3719
100,3983
93,4024
77,4323
84,4622
61,4923

simblock.block.ProofOfWorkBlock@4c641e43:58
34,0
51,120
80,178
73,213
36,235
18,267
72,273
77,292
21,306
100,328
83,329
52,333
56,348
4,362
64,363
75,367
91,384
2,386
24,390
49,392
13,399
9,418
32,420
95,437
54,440
93,441
39,452
14,453
94,453
59,455
1,457
5,458
57,475
61,476
47,478
84,479
10,496
26,496
97,497
6,511
23,511
60,534
63,550
17,554
30,555
70,555
98,555
85,573
96,612
81,630
58,674
68,681
48,697
29,724
20,724
7,729
28,744
16,764
74,765
35,784
82,798
15,803
43,822
27,845
55,868
89,869
92,893
42,902
76,913
25,935
40,955
19,970
31,978
11,993
88,1021
90,1053
50,1078
71,1120
37,1127
79,1129
99,1144
41,1145
44,1151
3,1175
38,1191
46,1220
87,1222
67,1225
86,1271
78,1274
65,1353
62,1357
53,1360
22,1435
45,1459
66,1530
12,1646
8,1717
69,1929
33,2016

simblock.block.ProofOfWorkBlock@1b76fea:59
24,0
94,92
26,152
14,196
81,208
85,243
49,252
77,265
13,290
34,296
63,301
4,309
21,326
84,336
98,352
39,355
57,355
52,359
96,360
95,386
51,387
54,395
60,401
61,405
9,411
18,412
36,414
10,416
59,443
23,449
6,449
93,457
1,465
72,472
5,474
2,478
91,500
80,512
17,514
83,529
47,530
70,542
43,545
75,563
97,590
64,596
44,634
66,639
100,648
73,653
55,672
68,693
32,705
56,709
58,721
74,729
27,741
28,759
19,791
42,809
82,813
89,814
37,818
11,863
50,876
48,879
25,981
31,986
8,1006
69,1012
62,1017
16,1038
38,1049
53,1051
65,1131
35,1156
7,1222
78,1280
22,1291
46,1296
12,1303
88,1326
79,1343
90,1393
15,1496
92,1565
33,1594
45,1595
20,1667
86,1684
40,1735
76,1904
87,1936
3,1951
41,2076
99,2238
29,2252
30,2421
67,2704
71,2995

simblock.block.ProofOfWorkBlock@33c238a:60
93,0
83,89
24,154
10,180
75,215
59,240
54,248
73,271
80,274
63,297
77,304
1,328
97,329
21,332
13,350
57,353
72,359
94,361
70,364
100,371
17,387
60,388
61,394
32,399
39,399
34,410
51,412
85,419
52,422
56,424
95,424
91,429
26,447
14,450
23,453
4,458
2,464
96,467
18,475
47,478
36,480
6,499
64,514
5,522
81,533
84,534
98,590
15,592
49,600
29,621
74,644
9,666
28,681
50,687
37,708
41,725
66,762
27,763
55,770
48,789
43,800
7,800
90,815
25,835
30,860
58,882
11,899
68,933
31,935
19,959
44,972
40,1010
45,1072
38,1102
67,1109
89,1112
42,1141
69,1145
8,1166
71,1247
78,1254
88,1281
33,1312
86,1318
76,1327
65,1405
79,1428
35,1453
16,1498
20,1624
82,1675
22,1715
92,1851
99,1919
53,2022
3,2203
62,2303
12,2612
46,2895
87,3252

simblock.block.ProofOfWorkBlock@46840973:61
10,0
49,89
84,153
85,184
32,216
57,246
95,249
63,275
34,277
100,308
39,310
18,310
59,334
54,341
14,344
23,345
80,366
4,366
9,368
56,368
94,369
2,395
60,399
5,400
17,401
97,408
64,424
81,425
96,426
36,429
24,435
70,456
98,457
52,458
93,464
47,489
77,497
75,498
21,499
91,507
26,514
6,517
51,555
13,564
73,570
72,592
76,621
83,627
44,648
61,649
16,672
1,684
19,685
90,721
31,733
20,737
37,742
53,745
35,757
92,774
30,775
15,799
43,810
28,818
58,819
40,845
89,857
7,862
48,908
41,968
82,998
66,999
11,1016
42,1028
74,1032
8,1064
45,1070
50,1084
55,1187
25,1201
29,1204
79,1251
62,1281
22,1350
3,1355
12,1367
68,1370
69,1469
71,1488
46,1537
27,1546
33,1647
67,1655
87,1697
38,1715
78,1836
88,1884
86,2008
99,2166
65,2470

simblock.block.ProofOfWorkBlock@79c20181:62
6,0
34,91
61,153
80,180
95,209
77,237
17,248
91,276
18,287
59,294
100,305
13,316
64,330
93,338
56,343
57,343
97,361
81,366
5,373
60,377
24,391
49,392
10,395
2,399
23,401
21,406
39,421
14,423
85,427
52,430
26,448
70,452
75,461
73,477
63,478
32,480
51,486
72,487
47,491
94,493
4,503
41,513
9,536
84,544
36,565
83,583
98,593
96,626
58,655
7,683
20,691
68,714
89,716
54,717
74,743
44,743
25,746
90,753
19,768
16,770
1,784
11,825
53,829
15,880
31,913
37,918
50,938
28,978
88,1011
69,1011
71,1021
78,1048
40,1056
46,1090
76,1112
67,1130
82,1152
22,1198
3,1201
86,1222
55,1233
27,1291
65,1322
30,1410
62,1435
66,1461
8,1489
87,1548
42,1637
45,1693
99,1722
33,1806
92,1809
79,1980
43,1985
35,2156
29,2334
48,2506
38,2683
12,2969

simblock.block.ProofOfWorkBlock@7d76ffcd:63
21,0
36,96
13,152
23,193
49,209
84,247
81,249
52,267
17,290
83,301
2,305
59,307
24,325
47,341
1,342
57,347
18,358
34,363
95,365
26,369
73,382
54,388
63,392
80,399
9,402
94,417
14,420
96,422
5,433
97,438
60,438
100,449
6,456
39,459
61,460
85,474
51,478
32,481
70,484
77,490
98,517
93,518
72,520
56,538
10,556
75,579
64,595
48,636
88,647
4,653
58,681
50,687
66,692
31,711
91,712
38,729
15,737
25,743
42,744
19,749
35,763
41,799
68,820
37,821
53,851
20,857
29,864
74,893
11,898
92,920
89,925
82,973
71,982
55,993
7,1028
8,1043
28,1047
44,1064
46,1073
40,1075
27,1094
62,1110
12,1144
78,1161
90,1172
43,1209
76,1223
16,1246
86,1324
30,1342
87,1351
22,1378
67,1427
79,1493
45,1509
99,1537
65,1640
33,1791
3,1793
69,1826

simblock.block.ProofOfWorkBlock@6de3ea2:63
69,0
71,327
3,498
82,761
92,1021
29,1281
40,1542
53,1823
55,2088
87,2348
84,2648
60,2946
85,3244
70,3545
77,3845
49,4142
59,4446
5,4745
39,5045

simblock.block.ProofOfWorkBlock@2274bb5a:64
53,0
16,160
31,241
37,323
15,324
27,399
88,405
55,407
76,482
7,483
92,486
50,487
82,488
42,568
28,570
35,570
44,571
41,571
19,574
43,578
74,639
68,649
58,656
29,657
20,657
40,659
25,659
89,662
93,663
38,742
90,743
11,752
70,762
48,788
66,829
60,832
39,839
97,846
32,851
30,869
57,917
21,923
77,923
4,933
51,935
73,938
75,941
9,1010
56,1012
80,1016
49,1021
95,1031
59,1040
94,1043
13,1047
14,1090
1,1101
78,1138
62,1161
87,1178
98,1186
65,1194
64,1195
100,1196
61,1214
17,1221
2,1225
23,1231
84,1266
71,1299
34,1366
81,1378
83,1382
10,1388
85,1412
3,1435
47,1440
22,1468
52,1540
72,1551
63,1559
6,1589
36,1613
67,1616
24,1721
96,1734
33,1751
26,1794
45,1844
18,1902
69,2008
99,2042
91,2076
79,2094
54,2252
46,2255
12,2295
5,2426
86,2665
8,2917

simblock.block.ProofOfWorkBlock@206cb65d:65
37,0
88,157
7,272
92,315
42,354
89,398
68,436
29,441
74,474
15,481
66,512
28,520
53,526
19,557
44,567
30,572
40,595
58,603
31,611
50,637
27,639
48,648
38,654
41,673
82,693
35,694
96,707
11,722
43,736
20,756
25,760
76,809
51,814
90,817
60,833
55,841
39,871
83,875
91,883
49,888
16,910
34,941
95,967
75,987
59,990
18,1012
32,1017
1,1019
79,1023
9,1044
5,1051
52,1053
73,1056
4,1068
97,1076
24,1084
23,1101
6,1130
45,1138
13,1163
61,1177
17,1196
65,1219
21,1225
70,1230
93,1244
14,1258
78,1281
85,1308
98,1375
46,1411
100,1416
77,1418
47,1437
67,1474
22,1481
94,1483
71,1488
64,1592
36,1611
69,1653
86,1656
56,1656
87,1658
57,1785
33,1796
3,1907
2,1963
62,2034
81,2141
63,2318
84,2495
54,2671
10,2845
72,3021
26,3197
80,3378
99,3635
8,3886
12,4138

simblock.block.ProofOfWorkBlock@8e66787:65
98,0
63,94
96,154
26,192
10,218
59,243
1,248
61,274
97,283
18,304
32,305
2,323
57,332
64,337
72,342
80,355
95,361
56,364
39,375
75,376
49,379
14,392
60,396
34,414
51,415
54,416
84,418
83,422
81,429
4,433
23,435
9,441
91,454
94,472
17,475
70,475
52,476
47,477
5,497
6,501
21,533
93,533
77,534
36,560
28,569
13,593
20,596
85,607
73,653
25,661
100,664
19,718
24,724
11,746
68,766
74,768
53,788
37,805
48,840
66,888
40,897
35,917
44,940
99,996
42,1010
69,1019
29,1068
92,1087
16,1113
8,1171
82,1181
30,1243
43,1264
88,1288
22,1301
86,1338
7,1363
50,1422
41,1435
27,1459
15,1541
46,1586
89,1611
58,1713
67,1720
79,1753
55,1786
33,1890
76,1955
62,2003
3,2035
90,2124
38,2294
12,2305
45,2321
31,2475
65,2626
71,2757
87,2971
78,3055

simblock.block.ProofOfWorkBlock@525c80f6:66
83,0
49,92
81,155
36,186
10,214
21,244
5,248
59,271
23,284
94,302
56,308
98,309
26,329
13,336
95,338
14,344
85,359
70,365
100,369
84,374
17,377
51,385
54,401
97,404
61,407
2,420
47,426
96,427
32,430
91,431
72,441
4,460
6,462
75,472
60,474
93,476
52,477
34,486
80,488
1,493
18,534
38,539
64,543
63,591
77,604
66,652
9,653
24,661
42,665
31,691
28,693
50,701
11,710
57,715
20,734
35,742
73,768
44,773
82,778
37,805
19,807
30,822
39,830
27,834
92,870
55,885
25,885
15,908
41,915
74,951
89,1009
53,1017
3,1019
67,1019
62,1051
76,1056
40,1057
65,1124
22,1153
12,1156
58,1191
78,1215
68,1228
29,1236
87,1254
8,1301
88,1362
16,1412
69,1512
7,1538
45,1592
46,1698
48,1713
99,1808
90,1890
43,2060
71,2342
79,2629
33,2929
86,3271

simblock.block.ProofOfWorkBlock@33036c20:67
30,0
89,159
15,242
88,327
38,328
16,403
44,412
29,484
37,488
27,491
43,495
92,566
90,570
20,574
35,577
53,578
19,583
10,605
40,647
41,651
11,655
55,661
66,661
48,663
28,664
31,665
42,673
25,742
50,744
82,744
68,747
7,748
74,755
63,766
98,784
58,838
76,842
93,848
34,921
13,926
95,927
39,928
21,931
47,940
18,963
26,1012
75,1016
97,1018
9,1022
83,1024
23,1097
94,1101
49,1104
100,1106
4,1107
5,1111
72,1114
86,1131
24,1136
52,1190
78,1192
6,1205
96,1274
81,1278
73,1285
57,1287
33,1316
17,1316
69,1358
60,1385
56,1450
32,1454
84,1461
3,1533
62,1562
12,1564
51,1569
85,1624
67,1702
46,1709
87,1710
54,1743
2,1797
22,1815
14,1916
99,1959
80,1985
59,2094
79,2233
91,2268
77,2442
64,2617
61,2791
70,2973
36,3152
1,3325
65,3526
45,3776
71,4027

simblock.block.ProofOfWorkBlock@50d3f057:68
28,0
76,162
74,243
31,321
48,332
58,404
30,408
44,414
29,483
82,490
50,492
7,497
35,503
42,567
37,571
88,572
92,574
16,593
15,599
40,651
55,651
25,653
19,654
53,660
68,663
100,666
11,672
43,681
41,733
20,751
90,766
2,773
96,780
27,833
26,843
75,851
77,876
73,914
72,930
97,932
91,946
84,953
24,1008
93,1019
10,1020
47,1027
49,1035
80,1092
62,1117
70,1121
87,1128
23,1131
78,1140
3,1149
69,1181
34,1182
83,1200
13,1201
94,1276
95,1296
18,1355
99,1366
52,1374
9,1455
54,1476
63,1537
81,1556
67,1622
32,1636
57,1654
5,1711
1,1733
17,1828
33,1838
56,1891
85,1906
39,2008
60,2065
4,2081
12,2088
21,2184
61,2259
8,2315
98,2364
66,2414
89,2498
86,2501
38,2593
22,2763
36,2777
6,2953
46,3013
59,3127
79,3263
51,3319
64,3518
14,3693
65,3893
71,4147
45,4403

simblock.block.ProofOfWorkBlock@35893560:69
48,0
35,168
82,251
55,329
15,351
25,410
44,421
28,444
40,491
38,491
53,504
88,515
90,528
50,569
30,573
31,587
76,588
92,598
74,604
66,613
20,654
43,658
7,668
16,672
27,675
29,681
89,690
58,695
84,704
68,736
37,754
42,775
19,776
11,787
83,845
80,856
41,856
63,858
95,881
21,885
9,913
64,928
60,928
100,938
72,946
17,953
1,970
14,1022
51,1023
32,1035
2,1036
39,1062
61,1063
73,1088
78,1102
75,1107
26,1122
5,1132
52,1145
87,1146
4,1204
94,1212
13,1214
57,1237
24,1265
93,1294
6,1307
10,1381
34,1386
77,1388
81,1415
54,1444
49,1481
67,1485
62,1530
56,1562
59,1563
91,1568
18,1591
98,1621
85,1654
23,1766
69,1785
65,1793
97,1802
71,1816
36,1828
70,1943
33,1997
3,2032
46,2051
22,2075
96,2121
79,2283
47,2301
8,2301
45,2344
86,2546
99,2556
12,2804

simblock.block.ProofOfWorkBlock@62fe1e35:70
72,0
100,95
95,154
61,188
64,211
32,246
96,253
17,267
98,292
1,310
4,320
2,326
14,341
59,347
9,348
75,358
13,366
54,387
80,390
10,400
47,403
23,421
36,429
84,429
83,440
34,445
94,447
21,447
39,448
26,448
93,452
57,457
56,472
24,480
6,485
91,485
49,501
60,503
51,505
85,514
97,538
5,544
77,560
70,561
63,598
52,602
18,617
73,637
16,643
58,692
81,694
15,697
31,725
89,726
44,768
38,775
27,789
25,812
68,819
40,864
11,902
92,938
48,957
88,959
7,994
46,1027
37,1035
71,1040
30,1114
55,1129
53,1136
69,1148
78,1201
74,1209
67,1221
35,1287
41,1298
90,1307
76,1388
19,1464
82,1474
29,1481
42,1633
20,1644
22,1673
3,1771
66,1805
28,1819
8,1960
43,1975
62,2104
87,2110
50,2149
45,2243
79,2388
12,2435
65,2549
99,2679
33,2742
86,2905

simblock.block.ProofOfWorkBlock@1fe85a9f:71
64,0
1,94
81,152
63,188
2,208
56,240
96,248
72,272
61,278
51,306
47,310
5,313
32,330
98,334
17,346
6,355
10,366
83,369
70,371
80,371
9,374
97,386
26,391
18,403
57,421
84,425
100,426
77,442
54,446
75,455
59,466
49,475
52,475
4,480
60,482
73,483
93,491
39,502
23,511
21,529
14,536
34,539
95,540
91,569
94,574
13,574
36,598
85,601
44,620
15,650
24,657
42,678
29,703
92,709
76,713
74,741
41,743
89,767
31,790
37,808
11,827
53,833
50,882
90,888
25,917
28,937
20,967
66,1003
58,1010
12,1027
40,1054
67,1087
16,1089
46,1094
68,1138
62,1177
48,1183
22,1205
35,1230
55,1266
88,1354
69,1370
99,1378
3,1423
27,1441
45,1465
38,1525
82,1613
78,1676
43,1698
87,1764
30,1786
7,1965
79,1981
19,2144
71,2270
8,2427
33,2574
65,2735
86,2919

simblock.block.ProofOfWorkBlock@332e21b2:72
23,0
17,97
57,181
61,187
36,238
91,244
32,273
6,300
75,310
98,330
81,340
13,351
39,362
72,370
85,381
49,386
14,396
56,397
93,400
80,409
63,420
77,431
54,432
64,442
97,442
59,444
48,447
21,452
73,456
70,464
60,472
18,478
95,478
47,488
96,490
84,501
26,502
34,513
94,514
1,542
100,546
5,548
83,557
10,561
51,570
9,602
4,618
24,626
2,630
27,651
52,686
31,691
58,728
41,754
11,765
44,775
82,779
71,790
53,795
37,812
43,823
25,844
16,850
90,855
88,897
15,936
89,946
38,1002
68,1029
79,1032
46,1049
66,1068
99,1079
19,1116
86,1132
69,1147
3,1151
62,1156
78,1165
35,1172
22,1213
45,1222
7,1249
28,1287
30,1341
40,1418
29,1456
87,1494
92,1519
74,1589
76,1627
20,1690
42,1763
55,1798
50,1863
67,2052
65,2105
12,2147
8,2430
33,2727

simblock.block.ProofOfWorkBlock@4d55837c:73
77,0
39,100
96,156
84,191
24,222
17,245
52,247
10,280
26,292
61,304
59,307
54,314
32,338
75,344
36,347
64,355
56,362
73,364
21,372
2,377
57,395
80,398
6,398
72,402
83,419
1,421
9,423
34,426
14,428
93,429
49,436
51,444
85,451
70,460
23,470
5,476
97,479
47,482
81,484
13,489
94,490
63,497
91,508
60,517
4,544
95,546
18,602
100,603
53,603
98,658
89,663
20,681
19,692
76,708
27,710
92,725
43,756
44,772
28,774
11,820
58,830
66,833
88,850
29,867
90,879
68,880
30,941
74,947
48,1003
35,1016
40,1025
25,1049
79,1083
7,1119
41,1120
33,1126
65,1165
71,1174
15,1174
31,1191
38,1226
78,1260
50,1290
37,1301
87,1354
46,1370
86,1375
16,1375
42,1461
99,1485
8,1486
55,1544
67,1605
82,1718
62,1747
3,2010
22,2030
12,2332
69,2614
45,2899

simblock.block.ProofOfWorkBlock@356901ac:73
38,0
55,169
16,256
40,337
50,359
28,418
53,419
27,442
82,500
19,501
30,529
15,583
58,588
88,613
76,658
29,664
66,675
35,697
48,740
20,781
44,823
63,838
5,861
37,905
57,971
93,1013
85,1034
75,1081
60,1145
83,1192
64,1214
62,1321
32,1323
84,1391
10,1500
36,1565
79,1569
26,1675
97,1739
3,1826
70,1848
96,1917
80,2029
8,2077
6,2097
61,2214
47,2282
49,2391
17,2456
95,2565
69,2726
98,2743
81,2923
22,2993
46,3191
45,3439

simblock.block.ProofOfWorkBlock@24342c60:74
36,0
34,98
23,154
77,190
49,213
85,248
17,255
21,269
24,294
80,307
10,310
57,312
81,325
32,342
75,346
64,356
13,357
6,365
18,373
52,390
84,403
72,405
63,408
4,413
73,413
5,415
59,421
83,430
2,448
97,460
95,464
1,464
91,467
93,471
96,474
47,476
56,477
94,489
70,509
14,510
54,523
98,525
26,530
60,545
51,570
61,580
100,589
48,600
9,636
39,648
15,650
76,683
16,686
90,740
35,741
27,747
58,754
43,756
82,780
28,809
44,820
7,824
37,847
41,856
38,856
66,913
53,918
20,925
71,925
74,927
89,989
31,993
42,1005
92,1019
40,1026
25,1027
3,1053
55,1085
29,1162
50,1178
11,1204
67,1215
68,1259
86,1267
8,1278
46,1309
19,1331
87,1361
30,1440
45,1470
99,1492
22,1564
79,1592
88,1611
12,1752
33,1870
78,1890
65,1919
62,2032
69,2320

simblock.block.ProofOfWorkBlock@5f75fe5a:75
58,0
15,157
27,243
82,321
42,333
31,404
29,404
55,422
38,487
53,490
16,492
66,492
41,504
40,568
35,573
20,578
37,583
76,600
19,649
28,655
25,656
48,663
50,664
59,678
30,687
90,731
7,743
44,744
68,753
93,758
74,766
54,767
13,769
43,817
92,830
52,837
89,860
36,861
72,862
81,864
17,907
88,912
11,929
75,932
100,936
77,941
91,1011
4,1016
84,1034
10,1036
78,1040
80,1042
1,1082
56,1085
5,1085
23,1108
95,1119
14,1120
39,1123
87,1142
46,1150
65,1188
51,1189
98,1197
61,1209
70,1216
97,1216
34,1261
26,1265
99,1292
62,1364
49,1390
64,1392
32,1392
2,1436
86,1438
21,1443
63,1566
47,1566
94,1568
24,1615
3,1621
83,1630
96,1749
85,1792
67,1810
22,1820
69,1870
71,1883
73,1922
6,1968
60,2101
8,2217
9,2284
18,2457
79,2469
57,2632
45,2720
33,2834
12,3087

simblock.block.ProofOfWorkBlock@6d53b37f:76
29,0
40,168
37,250
15,332
20,335
42,410
90,415
68,422
30,490
88,493
50,496
16,498
55,503
44,573
74,576
38,577
66,581
31,584
82,584
25,659
48,661
28,665
35,666
19,668
43,668
53,668
6,677
76,740
92,745
27,749
89,749
41,765
7,777
58,827
11,831
4,840
26,844
14,848
52,855
73,857
47,931
64,937
39,953
85,1001
63,1014
32,1014
57,1022
10,1022
78,1025
75,1031
18,1036
23,1108
60,1114
70,1165
99,1178
96,1181
13,1189
77,1196
97,1196
54,1200
36,1210
100,1211
65,1319
94,1354
51,1373
72,1384
1,1390
49,1394
87,1406
12,1427
34,1537
9,1552
83,1557
59,1570
98,1576
67,1619
3,1655
56,1713
95,1733
61,1736
84,1743
81,1753
80,1886
5,1909
91,1911
33,1961
86,1996
2,2062
21,2089
24,2091
93,2274
45,2320
62,2327
17,2450
8,2567
46,2575
69,2706
79,2816
22,2822
71,2954

simblock.block.ProofOfWorkBlock@7bae886:77
13,0
56,90
21,147
6,183
32,204
39,240
93,245
64,274
61,277
85,295
73,298
24,316
91,331
75,334
18,336
77,336
34,357
72,370
10,372
100,373
17,374
80,390
54,391
9,393
94,411
97,414
2,429
57,430
98,432
14,433
36,436
51,449
83,451
23,464
81,471
1,489
26,489
95,490
49,492
47,503
60,507
70,510
63,528
96,548
52,550
5,589
59,610
41,619
38,665
4,670
37,670
7,684
25,707
35,714
28,721
84,727
89,760
31,761
68,762
90,787
20,790
58,837
53,848
42,856
11,866
50,884
19,892
66,898
44,899
88,930
15,941
55,961
27,1006
16,1025
48,1053
76,1077
74,1089
71,1102
22,1107
78,1112
67,1130
40,1139
8,1174
92,1211
99,1219
62,1221
43,1223
29,1248
46,1290
30,1310
82,1410
69,1414
86,1452
65,1483
79,1509
33,1526
3,1533
12,1697
87,1754
45,1791

simblock.block.ProofOfWorkBlock@2610dbf3:78
98,0
14,93
61,152
94,185
96,209
100,242
85,243
63,267
49,278
6,298
18,298
13,301
57,330
54,334
70,335
34,340
84,356
9,357
39,358
56,362
10,389
4,392
80,398
91,405
59,413
17,420
83,420
36,423
23,432
51,435
47,440
24,449
64,461
26,463
5,466
73,469
97,477
52,479
32,489
93,501
2,521
75,522
1,541
95,545
35,560
72,584
77,597
15,630
21,642
50,661
68,697
60,698
27,718
89,734
81,757
82,766
58,805
44,831
40,891
38,908
53,932
16,938
42,1002
69,1014
99,1048
48,1064
76,1079
22,1094
67,1097
37,1106
66,1185
19,1240
62,1241
55,1249
74,1290
79,1300
88,1357
29,1413
41,1418
87,1436
3,1524
7,1528
46,1583
92,1587
20,1588
45,1596
25,1712
28,1758
12,1871
30,1886
65,1902
43,1934
31,2104
8,2154
86,2249
90,2273
11,2444
33,2453
71,2735
78,3048

simblock.block.ProofOfWorkBlock@622b5da1:79
40,0
68,167
55,248
35,334
20,339
19,406
7,415
29,421
58,491
48,500
90,504
50,508
38,573
37,577
92,577
16,581
15,586
31,591
36,609
76,652
28,658
44,659
53,660
74,666
82,670
75,678
25,686
23,698
41,738
66,749
88,755
34,761
30,769
94,772
54,787
2,817
27,820
43,825
11,827
59,854
77,859
72,863
52,875
42,904
89,917
64,933
24,945
51,946
1,954
91,961
39,1016
56,1022
81,1033
84,1037
83,1040
78,1050
60,1080
13,1098
96,1107
18,1118
4,1126
10,1135
86,1199
65,1205
14,1208
6,1214
21,1216
80,1254
47,1284
9,1294
63,1309
62,1375
93,1382
61,1387
32,1428
79,1451
85,1476
99,1542
73,1560
45,1566
70,1603
87,1621
46,1636
97,1652
100,1741
12,1794
67,1821
17,1827
3,1878
71,1885
26,1916
5,2011
8,2044
49,2091
95,2184
57,2275
98,2365
33,2478
22,2614
69,2725

simblock.block.ProofOfWorkBlock@74f6c0ab:79
43,0
11,161
28,244
25,331
89,420
88,502
30,593
2,775
61,948
98,1127
63,1215
96,1274
81,1302
10,1330
14,1392
57,1449
94,1475
23,1550
17,1610
92,1619
97,1666
86,1717
49,1727
84,1786
55,1811
32,1844
83,1908
22,1966
76,1982
42,2083
38,2175
66,2261
31,2351
74,2433
90,2522
58,2606
41,2691
19,2777
35,2860
40,2952
29,3126
71,3147
48,3297
78,3448
7,3472
67,3778

simblock.block.ProofOfWorkBlock@4d064a58:80
38,0
16,158
50,248
82,320
88,330
15,405
27,413
74,438
76,478
66,486
43,489
35,497
25,521
48,569
89,571
58,577
28,580
30,587
31,593
11,614
19,647
37,652
92,655
29,665
68,667
20,669
41,678
97,707
44,735
90,743
7,744
53,748
55,752
42,758
40,837
6,843
13,874
4,904
75,913
21,914
72,916
83,924
57,925
18,936
73,939
23,1012
56,1020
51,1030
5,1043
65,1045
39,1056
14,1078
24,1090
17,1091
63,1099
70,1101
9,1124
62,1154
34,1202
91,1207
100,1233
59,1255
47,1263
52,1267
49,1274
64,1275
85,1382
3,1402
84,1428
1,1441
2,1447
96,1451
98,1454
71,1459
86,1478
67,1487
94,1560
77,1601
54,1621
93,1624
81,1629
79,1653
36,1797
78,1803
26,1808
69,1904
10,1984
33,2005
87,2036
61,2160
12,2255
99,2306
60,2337
22,2504
80,2518
8,2560
95,2692
32,2868
45,3116
46,3367

simblock.block.ProofOfWorkBlock@241b79c9:81
90,0
29,159
88,248
31,319
48,329
16,402
92,410
40,421
76,484
35,489
37,490
38,495
20,509
50,566
27,569
82,572
89,578
68,581
15,586
7,590
42,654
30,654
53,655
58,656
66,662
55,663
44,664
19,671
74,673
25,740
41,743
43,746
28,755
70,766
60,831
49,838
11,841
51,845
93,852
6,858
10,923
9,930
85,930
18,934
39,941
95,941
32,946
94,983
77,1005
91,1012
64,1012
59,1023
61,1029
100,1035
47,1104
97,1107
63,1108
13,1113
23,1116
65,1180
22,1187
3,1188
45,1193
34,1193
73,1200
17,1205
78,1209
62,1220
46,1260
33,1266
80,1277
98,1282
96,1294
56,1374
4,1376
83,1381
24,1452
14,1457
21,1556
36,1638
2,1638
54,1730
67,1731
84,1824
87,2065
69,2161
99,2319
71,2414
8,2568
12,2828

simblock.block.ProofOfWorkBlock@69413613:82
77,0
64,90
26,146
72,180
96,210
93,243
1,251
100,268
51,269
83,300
73,301
34,324
32,325
70,325
75,339
47,341
61,357
10,358
59,362
36,377
39,382
56,394
9,394
60,395
17,401
13,404
98,422
54,422
14,429
81,439
80,440
21,452
49,458
2,464
23,468
6,474
84,478
18,483
63,485
5,487
91,493
24,497
57,515
97,520
95,540
52,542
94,556
4,557
85,600
48,656
55,690
37,704
53,712
50,727
35,746
66,762
28,765
90,772
31,782
89,799
43,802
15,832
11,866
82,869
74,873
7,903
40,942
68,969
58,1003
19,1041
46,1054
42,1082
92,1121
99,1123
79,1135
33,1146
87,1157
25,1211
86,1231
44,1253
38,1291
41,1409
30,1424
78,1424
76,1473
16,1581
20,1646
62,1706
27,1754
88,1817
29,1987
22,1991
8,2038
3,2269
12,2280
65,2335
71,2555
45,2571
67,2844
69,2857

simblock.block.ProofOfWorkBlock@326efb1f:83
38,0
16,158
20,241
66,315
30,325
28,403
55,407
40,429
42,481
44,484
29,485
88,501
31,521
41,562
74,569
48,571
53,573
35,584
68,595
90,604
37,638
82,655
76,655
19,656
58,657
27,669
92,673
7,737
11,738
25,739
89,739
15,746
50,751
54,779
43,820
5,866
73,872
39,912
21,917
72,922
13,923
10,924
83,926
56,954
94,955
59,994
23,1009
75,1046
17,1048
78,1081
18,1096
32,1101
34,1101
93,1109
52,1130
4,1131
3,1143
12,1160
1,1176
100,1222
47,1224
36,1269
63,1282
80,1284
6,1313
77,1355
99,1369
86,1369
79,1391
85,1402
2,1445
96,1455
60,1460
97,1489
65,1562
14,1623
64,1630
67,1640
95,1640
69,1657
84,1667
8,1814
81,1823
33,1825
91,1843
57,1996
51,2018
87,2063
26,2172
9,2192
61,2347
24,2368
49,2523
62,2611
98,2706
71,2861
22,3112
46,3139
45,3389

simblock.block.ProofOfWorkBlock@52de5b6:84
47,0
70,88
2,144
72,177
1,219
59,235
36,240
54,272
97,279
73,291
51,297
63,314
34,326
17,330
21,332
81,337
100,347
64,356
94,364
75,372
84,384
13,384
26,388
14,389
98,406
95,417
77,421
24,421
91,425
93,427
39,430
9,432
83,441
96,442
52,448
18,448
32,462
10,473
6,479
60,499
57,500
23,505
55,507
44,517
80,531
49,562
4,570
5,588
90,623
85,626
50,668
48,678
76,681
61,683
38,697
35,707
68,734
56,742
43,758
16,767
7,769
89,771
53,794
82,796
92,841
88,858
28,874
31,879
41,913
66,929
29,965
62,986
40,1013
74,1029
30,1045
20,1049
8,1064
11,1099
71,1103
12,1158
42,1195
19,1198
67,1208
27,1216
3,1251
15,1270
86,1287
25,1371
37,1388
45,1486
58,1559
87,1590
79,1666
99,1769
69,1841
22,1958
46,2052
33,2264

simblock.block.ProofOfWorkBlock@4ec51490:85
12,0
78,272
65,390
8,553
22,683
71,700
33,814
41,839
99,849
86,906
27,1010
69,1030
66,1095
58,1114
38,1168
30,1173
79,1177
98,1188
92,1222
42,1268
95,1278
3,1323
16,1349
76,1353
29,1366
54,1370
88,1374
40,1381
37,1428
1,1429
19,1434
6,1451
80,1457
31,1481
13,1486
10,1531
14,1548
68,1550
9,1558
90,1583
21,1607
55,1612
97,1629
28,1630
51,1630
70,1631
44,1635
11,1635
24,1641
7,1642
15,1741
2,1782
83,1792
72,1812
74,1863
20,1873
46,1876
17,1883
53,1892
47,1896
87,1898
26,1938
49,1938
18,1959
56,1964
32,1988
82,2001
48,2143
43,2157
50,2165
45,2207
100,2234
57,2240
85,2245
75,2290
73,2298
67,2405
89,2435
59,2459
60,2538
63,2583
34,2602
35,2699
23,2838
62,2852
5,2900
64,2943
25,2958
81,3137
52,3199
84,3258
36,3301
94,3497
93,3587
39,3894
77,4197
91,4494
4,4800
96,5111
61,5412

simblock.block.ProofOfWorkBlock@1a51c67a:86
44,0
28,162
88,247
16,320
15,329
48,409
89,414
82,418
50,479
35,488
90,492
37,497
19,511
66,562
58,571
43,579
38,591
7,594
68,653
25,653
40,657
42,664
74,665
53,672
92,676
30,684
27,736
55,737
20,739
11,742
41,744
76,753
29,756
31,767
85,773
23,847
47,850
75,854
60,863
97,914
73,930
83,930
39,931
52,936
100,936
80,944
56,947
18,1022
81,1028
59,1093
95,1105
9,1106
3,1108
22,1111
96,1117
61,1118
94,1121
51,1123
1,1127
65,1189
72,1202
86,1268
54,1280
49,1292
17,1294
78,1297
6,1306
5,1307
69,1365
10,1377
21,1459
34,1469
64,1469
2,1554
79,1554
57,1637
14,1642
67,1684
46,1721
36,1728
98,1816
45,1821
77,1831
26,1901
4,2012
24,2087
63,2188
84,2260
91,2370
87,2500
13,2549
32,2737
12,2747
93,2912
8,2996
70,3086
33,3291
62,3529
71,3778
99,4032

simblock.block.ProofOfWorkBlock@2742f9c8:87
64,0
2,111
1,169
36,207
77,233
84,269
80,270
97,291
23,296
24,323
60,329
72,348
95,355
57,361
18,366
21,369
4,382
75,382
63,387
13,404
17,408
47,413
9,418
59,423
34,427
94,439
70,440
56,441
96,443
6,444
26,444
98,454
32,471
91,475
5,476
52,483
73,485
54,497
83,514
81,531
10,534
85,535
93,541
49,542
61,569
39,589
100,590
14,602
76,623
50,671
51,681
38,713
20,715
35,741
31,761
25,767
68,772
29,787
28,791
90,794
74,814
92,828
42,841
11,852
53,890
48,899
37,935
16,936
89,937
44,1016
88,1033
58,1065
46,1067
40,1068
62,1077
71,1083
41,1105
79,1122
33,1201
66,1213
99,1224
78,1233
82,1279
87,1296
22,1304
3,1350
67,1352
45,1362
15,1385
19,1454
43,1555
69,1598
30,1626
86,1692
7,1796
12,1884
55,2151
8,2448

simblock.block.ProofOfWorkBlock@31a760d6:88
57,0
83,90
97,147
10,180
98,208
59,237
49,264
2,270
26,295
64,296
14,305
23,323
1,328
18,351
85,353
13,354
21,364
96,370
84,390
52,391
63,408
70,410
80,410
60,431
36,435
17,449
24,449
91,451
9,464
6,465
34,466
4,466
95,500
94,503
32,505
81,520
47,525
100,559
93,577
61,588
72,615
89,618
51,636
92,638
56,645
5,671
88,680
30,682
75,701
44,749
27,789
73,803
25,806
43,813
15,842
53,846
37,858
40,858
54,862
68,960
16,975
11,986
22,1011
42,1028
50,1031
62,1093
12,1158
31,1169
28,1203
20,1207
99,1247
46,1264
86,1267
69,1294
90,1339
29,1372
45,1375
87,1381
35,1382
7,1545
55,1551
65,1561
79,1577
78,1644
39,1689
74,1715
41,1724
77,1746
33,1874
66,1886
82,1918
3,2016
19,2056
8,2202
58,2227
48,2397
76,2570
38,2755
71,3050
67,3333

simblock.block.ProofOfWorkBlock@5ff1c86c:89
83,0
93,93
26,149
24,185
10,206
97,242
80,243
81,262
94,276
98,296
75,300
77,303
64,331
91,335
36,353
1,358
54,362
60,365
57,380
56,387
34,393
96,402
14,410
39,411
2,417
100,418
21,423
13,428
17,429
51,442
95,449
4,450
23,454
5,467
73,475
72,479
6,486
49,499
61,507
70,518
84,532
85,538
59,556
47,565
32,594
92,594
63,613
31,618
52,651
9,671
58,677
48,701
68,706
18,728
28,730
74,734
55,745
19,763
82,776
15,796
50,824
37,847
27,875
43,877
16,898
11,901
42,947
89,967
20,999
8,1051
69,1074
76,1097
44,1127
66,1145
79,1162
38,1174
65,1181
78,1201
25,1271
53,1301
35,1331
22,1338
40,1346
45,1360
29,1446
33,1470
7,1474
41,1535
99,1616
30,1705
46,1730
62,1761
86,1809
88,1875
12,2044
90,2045
71,2328
87,2386
67,2613
3,2896

simblock.block.ProofOfWorkBlock@2f82eeb6:90
51,0
36,98
73,154
49,201
2,211
80,242
23,257
72,268
10,299
85,301
95,304
21,314
83,326
59,333
17,350
96,356
64,361
52,371
57,374
34,382
32,388
91,392
13,397
26,411
70,413
24,419
47,420
14,427
18,431
9,442
93,449
77,450
84,452
6,459
39,460
54,475
5,478
4,483
81,483
60,489
94,491
63,509
61,516
56,532
20,557
98,575
97,588
1,642
100,649
43,650
88,653
38,668
44,674
48,708
75,708
29,708
30,731
25,732
82,743
19,783
50,785
7,804
74,814
31,821
66,828
15,829
16,837
89,838
53,845
37,879
92,902
41,903
28,920
90,1002
42,1010
11,1012
27,1014
71,1033
40,1052
76,1082
22,1102
12,1132
67,1147
55,1172
45,1188
62,1203
58,1221
87,1225
99,1299
68,1341
46,1366
86,1374
33,1399
35,1405
3,1470
69,1585
65,1638
79,1651
8,1689
78,1949

simblock.block.ProofOfWorkBlock@12db7fc8:91
2,0
95,88
51,144
96,188
36,201
34,239
18,249
100,259
17,278
83,297
6,306
80,315
56,340
59,340
4,349
60,351
73,353
1,363
75,369
72,373
85,400
98,404
97,407
26,408
9,425
84,427
63,428
21,436
5,441
94,451
39,456
77,461
32,473
57,481
93,485
49,493
52,505
24,507
70,529
10,535
14,549
91,555
54,561
30,578
64,595
81,607
13,619
16,636
47,657
31,672
61,679
35,679
23,687
74,699
29,729
25,734
92,748
27,750
50,777
58,807
88,843
89,849
82,850
44,855
68,857
40,875
19,908
7,977
11,1013
41,1020
90,1029
45,1033
76,1046
46,1092
22,1138
69,1142
42,1147
48,1192
67,1192
71,1204
15,1206
53,1226
78,1226
3,1316
65,1334
20,1368
66,1381
37,1398
8,1422
12,1430
55,1538
43,1550
28,1726
33,1727
87,1737
38,1899
86,2089
62,2179
99,2464
79,2752

simblock.block.ProofOfWorkBlock@31659e82:92
53,0
37,162
16,248
88,323
55,347
15,405
42,419
82,443
89,487
50,495
29,505
35,511
31,525
48,570
44,572
28,577
7,587
58,600
76,602
38,659
74,662
30,666
92,666
68,678
27,697
40,699
100,708
43,749
66,750
73,761
41,763
25,767
20,773
19,780
11,827
90,830
56,843
77,857
51,860
75,878
72,884
18,923
70,936
49,936
4,944
21,951
6,969
52,972
9,976
84,1005
23,1011
32,1012
34,1020
59,1043
1,1051
93,1058
60,1097
63,1112
62,1114
97,1144
78,1150
91,1156
87,1175
26,1180
13,1188
65,1189
94,1193
71,1199
61,1219
39,1232
64,1293
95,1317
36,1354
86,1396
81,1405
3,1426
79,1444
83,1471
85,1491
2,1530
80,1581
96,1647
17,1667
47,1712
67,1780
33,1784
98,1843
14,1894
5,2019
46,2041
54,2075
10,2249
45,2267
69,2298
57,2425
22,2515
24,2601
12,2852
99,3102
8,3351

simblock.block.ProofOfWorkBlock@5508083e:93
55,0
58,166
35,247
66,329
76,332
25,409
19,414
27,416
48,491
28,495
15,498
53,501
16,504
68,573
82,577
42,580
50,584
40,586
29,590
20,657
31,661
37,663
41,663
43,667
38,668
92,673
7,673
90,686
88,692
30,746
74,750
44,761
14,764
54,832
89,840
5,844
10,845
72,853
13,878
11,921
32,926
93,928
23,929
34,935
39,935
2,941
51,965
61,1006
75,1011
59,1026
84,1027
63,1031
77,1037
81,1100
4,1102
78,1109
91,1114
56,1117
24,1182
87,1200
85,1202
65,1227
62,1248
71,1249
94,1275
100,1281
47,1395
8,1429
70,1452
83,1455
3,1492
49,1569
67,1619
73,1626
21,1629
46,1677
98,1743
1,1805
18,1820
6,1918
99,1925
52,1981
86,2401
79,2649
33,2739
22,3238

simblock.block.ProofOfWorkBlock@1eb943c8:93
31,0
37,161
27,245
7,319
44,326
82,405
20,410
68,479
88,487
19,491
29,492
90,562
42,570
76,574
15,575
40,577
28,645
53,662
35,664
30,669
70,744
38,750
4,821
47,835
50,837
63,842
80,843
59,891
73,924
2,931
72,954
26,999
1,1010
34,1015
75,1016
93,1025
84,1038
21,1082
100,1099
83,1102
85,1164
49,1173
10,1183
98,1193
17,1201
58,1201
57,1205
6,1218
36,1231
74,1257
55,1268
66,1274
39,1282
23,1300
52,1369
48,1373
96,1379
32,1391
95,1397
92,1426
41,1434
87,1521
16,1537
60,1545
61,1568
14,1571
94,1572
25,1596
11,1615
45,1621
89,1625
69,1658
5,1719
13,1741
64,1744
51,1749
3,1769
67,1775
43,1798
12,1879
91,1894
81,1920
97,1927
78,1940
99,1990
54,2076
77,2098
9,2103
79,2167
71,2237
24,2251
33,2298
22,2357
56,2431
65,2476
62,2543
46,2607
18,2613
86,2857
8,3105

simblock.block.ProofOfWorkBlock@12c0284:93
92,0
74,162
19,246
15,330
90,348
27,414
50,434
88,500
28,520
76,626
59,674
30,707
11,794
4,849
39,970
98,1030
47,1147
61,1211
100,1322
51,1387
57,1501
73,1562
13,1678
93,1735
75,1855
26,1908
86,2095
99,2170
46,2347
8,2425
69,2672

simblock.block.ProofOfWorkBlock@1582432d:94
10,0
59,90
2,147
70,203
73,204
51,240
80,262
26,263
21,299
72,304
96,319
1,331
54,355
18,361
36,367
34,388
84,397
17,399
97,417
91,422
47,427
60,444
13,450
94,453
98,459
4,465
56,474
14,476
100,483
9,485
24,498
61,505
83,516
81,531
6,533
23,533
57,543
95,549
85,573
32,578
75,589
39,599
5,607
50,622
77,633
63,635
58,636
64,665
20,677
49,693
93,694
53,708
52,751
55,754
35,760
31,785
37,806
30,811
11,834
19,856
74,870
42,871
29,923
16,929
44,980
92,983
66,1004
3,1029
38,1043
8,1055
62,1080
7,1097
82,1107
48,1151
40,1164
43,1175
25,1212
78,1251
76,1270
87,1279
45,1312
28,1325
86,1339
15,1348
89,1382
12,1392
41,1442
46,1456
88,1552
90,1613
27,1723
69,1744
68,1900
71,1903
79,2030
99,2183
67,2195
22,2320
65,2492
33,2619

simblock.block.ProofOfWorkBlock@1f9d0951:95
43,0
88,158
28,256
15,321
89,338
38,406
11,423
48,426
82,489
30,505
76,507
37,512
27,579
7,588
25,590
35,591
90,594
55,667
66,669
53,669
74,670
42,674
29,679
31,679
16,710
41,741
68,746
50,750
40,760
58,762
94,766
18,781
44,795
20,832
19,838
17,846
23,883
92,894
93,923
59,940
98,940
4,942
96,946
60,956
73,961
49,1011
39,1026
9,1033
5,1050
24,1074
13,1105
33,1110
75,1111
100,1116
51,1116
85,1120
61,1122
32,1186
91,1205
97,1215
26,1258
78,1284
77,1290
64,1291
83,1292
2,1299
56,1303
21,1381
46,1438
54,1439
81,1474
52,1478
1,1479
6,1484
62,1530
70,1563
14,1613
34,1659
65,1682
86,1713
95,1742
69,1780
84,1786
67,1813
45,1913
71,1930
47,1959
22,1969
3,2031
10,2155
79,2164
36,2330
63,2507
57,2680
72,2857
80,3031
87,3270
12,3518
99,3767
8,4017

simblock.block.ProofOfWorkBlock@50aafc86:96
88,0
44,2614
43,2712
31,2780
16,2794
82,2868
11,2876
92,2877
29,2939
38,2959
28,2962
66,2965
25,2975
27,3024
48,3032
74,3035
90,3042
30,3046
50,3065
40,3111
53,3124
15,3125
55,3133
19,3134
98,3154
41,3156
76,3208
89,3216
7,3216
58,3220
35,3221
64,3240
42,3250
68,3271
20,3294
37,3298
95,3311
73,3326
94,3328
21,3390
17,3395
39,3399
85,3410
49,3431
23,3468
52,3468
14,3478
1,3482
100,3483
75,3485
51,3507
97,3520
77,3569
86,3579
9,3584
96,3610
45,3637
56,3650
84,3654
6,3660
59,3690
78,3720
69,3737
34,3745
65,3784
83,3787
60,3823
63,3828
22,3831
91,3923
79,3987
18,4002
10,4013
46,4040
32,4100
5,4181
57,4188
67,4199
3,4234
93,4273
2,4365
4,4450
36,4541
13,4624
80,4714
33,5185
62,5443
71,5695
87,6013
8,6260

simblock.block.ProofOfWorkBlock@31446570:97
64,0
2,89
72,145
10,195
81,202
70,235
51,258
13,267
98,287
54,292
56,296
39,323
80,338
63,350
17,350
91,358
24,362
57,380
94,381
32,392
6,393
36,398
84,410
96,415
34,419
9,420
18,420
61,442
93,444
97,449
60,452
47,455
75,455
83,469
4,473
26,477
52,478
85,486
77,509
5,511
23,513
49,532
21,537
1,568
100,575
73,589
14,596
95,635
59,646
90,652
48,654
44,667
20,689
35,725
27,743
74,780
15,812
40,819
89,819
53,824
58,830
28,838
50,849
92,876
31,899
7,913
66,982
42,992
76,1003
29,1004
37,1016
62,1054
30,1083
67,1091
88,1152
45,1162
68,1164
22,1166
78,1200
82,1261
71,1290
69,1301
3,1316
38,1337
43,1345
12,1376
41,1434
11,1514
79,1574
46,1588
16,1607
99,1625
87,1660
25,1777
33,1873
19,1960
55,2129
86,2221
8,2413
65,2725

simblock.block.ProofOfWorkBlock@4a2abdaa:98
47,0
81,107
97,167
1,227
54,261
70,283
85,319
84,327
2,339
94,351
61,378
59,383
10,397
72,410
32,418
14,420
51,432
9,434
63,455
17,467
98,468
91,474
49,476
57,495
74,508
60,512
6,525
18,528
52,533
13,541
80,559
73,571
95,584
75,634
96,641
39,642
21,654
19,682
26,692
36,702
68,709
37,728
4,753
40,759
5,760
11,769
15,773
30,811
92,818
100,825
88,860
42,878
56,882
82,893
44,899
16,906
35,926
77,944
25,948
66,950
89,993
24,1001
55,1032
31,1050
64,1063
27,1069
62,1091
50,1095
12,1109
8,1167
83,1195
48,1210
28,1242
41,1270
87,1362
69,1364
58,1369
29,1412
20,1461
46,1502
22,1530
90,1539
3,1745
45,1799
38,1890
67,2039
53,2060
99,2085
65,2387
43,2428
79,3005
33,3314

simblock.block.ProofOfWorkBlock@7449f5ba:98
83,0
57,92
49,149
32,187
93,209
36,245
98,246
81,271
4,280
94,303
23,307
75,308
10,329
14,336
34,339
96,353
85,362
60,365
17,370
77,373
26,387
54,395
52,396
64,397
73,405
61,410
1,419
21,419
24,421
84,429
6,442
51,445
95,446
2,454
91,462
72,478
80,479
39,484
97,488
56,499
70,517
18,528
5,536
59,585
11,596
13,602
9,641
53,649
88,666
100,671
90,675
35,680
63,702
20,711
15,742
55,774
82,821
40,837
37,841
44,842
30,845
31,855
16,873
50,882
68,947
92,994
58,1009
27,1017
89,1026
76,1043
8,1079
47,1127
45,1141
65,1154
79,1166
42,1182
41,1209
29,1213
69,1233
86,1264
62,1277
38,1355
43,1378
25,1391
22,1448
99,1517
66,1542
12,1561
46,1674
78,1686
19,1713
3,1739
74,1882
87,1907
33,2044
28,2060
48,2232
7,2411
71,2696
67,2982

simblock.block.ProofOfWorkBlock@702bc0e5:98
44,0
28,162
88,245
76,317
15,326
16,408
31,408
7,492
74,503
58,518
30,575
48,585
68,652
82,657
43,668
37,734
19,740
90,750
81,755
35,772
89,827
11,909
70,917
57,925
64,933
52,935
25,997
47,1020
4,1090
98,1100
26,1110
96,1114
2,1175
84,1199
61,1265
21,1273
1,1283
94,1350
87,1353
23,1384
32,1441
39,1446
100,1466
18,1558
3,1602
54,1622
77,1629
85,1640
95,1797
34,1806
83,1815
91,1981
86,2057
13,2155
22,2306
14,2329
93,2507
46,2569
80,2680
79,2817
17,2853
63,3028
33,3229
62,3474
71,3724
99,3976

simblock.block.ProofOfWorkBlock@23080a42:99
59,0
34,89
10,146
56,180
96,207
51,253
70,264
5,276
49,277
17,309
81,310
32,333
80,338
97,360
72,360
6,369
95,369
98,393
13,394
9,398
39,424
18,426
14,427
93,429
85,437
83,451
2,453
91,457
4,485
52,486
77,495
73,511
75,514
36,551
23,572
84,577
47,628
54,629
1,633
55,641
100,687
26,690
61,691
20,692
29,713
31,723
63,746
66,773
7,816
94,822
74,840
28,861
76,864
57,879
90,888
44,894
42,910
88,931
21,936
62,945
16,991
37,1032
19,1040
15,1068
25,1080
38,1101
11,1115
58,1165
71,1174
60,1212
45,1231
78,1235
30,1251
89,1272
87,1305
48,1335
8,1351
41,1418
40,1422
68,1442
67,1460
82,1516
35,1588
92,1595
99,1725
50,1765
12,1803
27,1937
65,2023
3,2087
69,2220
22,2508
46,2792
64,2916
24,2979
79,3082
43,3148
53,3319

simblock.block.ProofOfWorkBlock@1c7d7e62:100
65,0
12,287
22,443
78,539
86,665
99,685
71,831
25,915
8,977
3,1030
66,1079
55,1113
41,1117
30,1166
69,1175
79,1176
33,1235
58,1236
42,1246
40,1276
27,1280
19,1329
48,1334
9,1357
38,1364
20,1377
16,1418
68,1435
44,1442
53,1452
98,1469
11,1495
28,1503
29,1514
46,1521
64,1527
83,1530
21,1595
1,1610
90,1612
6,1634
76,1636
13,1637
82,1657
7,1695
92,1704
87,1756
32,1774
45,1777
70,1784
97,1809
26,1816
14,1818
63,1880
74,1888
43,1916
15,1934
2,1950
37,1958
56,1971
95,2009
35,2014
67,2117
52,2119
18,2133
31,2163
85,2170
59,2225
47,2232
73,2240
72,2259
50,2274
80,2308
75,2312
57,2422
94,2528
88,2541
81,2550
54,2568
36,2581
24,2610
5,2721
89,2806
34,2826
51,2870
49,2912
23,2939
4,2942
93,3114
62,3214
10,3296
60,3319
61,3415
17,3651
96,3717
100,4005
84,4016
91,4313
77,4624
39,4923


simblock.block.ProofOfWorkBlock@432e08ae:52
simblock.block.ProofOfWorkBlock@3bec416d:28
simblock.block.ProofOfWorkBlock@356901ac:73
simblock.block.ProofOfWorkBlock@12c0284:93
simblock.block.ProofOfWorkBlock@3932263f:40
simblock.block.ProofOfWorkBlock@702bc0e5:98
simblock.block.ProofOfWorkBlock@1f0afe5a:52
simblock.block.ProofOfWorkBlock@206cb65d:65
simblock.block.ProofOfWorkBlock@1eb943c8:93
simblock.block.ProofOfWorkBlock@7449f5ba:98
simblock.block.ProofOfWorkBlock@fb8cc64:42
simblock.block.ProofOfWorkBlock@6de3ea2:63
simblock.block.ProofOfWorkBlock@74f6c0ab:79
simblock.block.ProofOfWorkBlock@4b8d1c92:31
8
9625

BUILD SUCCESSFUL in 22s
2 actionable tasks: 2 executed
