> Task :simulator:compileJava
> Task :simulator:processResources NO-SOURCE
> Task :simulator:classes

> Task :simulator:run
simblock.block.ProofOfWorkBlock@9807454:0
75,0
17,140
93,244
100,280
97,348
60,385
96,385
81,426
73,459
85,489
24,491
54,494
1,523
84,524
32,531
34,566
80,596
64,597
9,599
51,618
59,629
14,630
70,636
94,643
63,666
36,674
82,685
47,701
26,701
57,705
6,709
10,723
13,733
49,736
95,746
52,756
39,778
83,808
56,808
91,809
98,837
4,852
58,874
5,886
40,908
21,913
61,918
18,944
2,956
66,975
25,976
68,978
27,1020
72,1023
50,1029
77,1062
38,1092
88,1104
90,1128
23,1144
42,1157
15,1161
11,1213
41,1248
37,1280
43,1329
30,1344
74,1357
28,1361
78,1372
48,1380
16,1381
35,1478
31,1569
44,1597
92,1603
22,1612
79,1674
99,1696
20,1699
76,1817
7,1821
69,1904
8,1943
53,2039
29,2041
67,2041
33,2044
89,2260
3,2280
62,2376
55,2489
45,2617
19,2709
46,2710
86,3033
71,3047
12,3055
65,3395
87,3448

simblock.block.ProofOfWorkBlock@394df057:1
97,0
64,609
80,714
72,745
54,821
32,851
18,865
51,886
26,931
39,960
24,964
91,970
95,993
84,995
83,1008
36,1026
61,1036
1,1068
94,1070
52,1075
59,1076
70,1099
10,1117
49,1118
5,1134
60,1139
47,1143
21,1162
23,1168
77,1173
98,1183
34,1183
17,1203
14,1225
6,1227
4,1249
2,1277
100,1294
31,1297
63,1329
96,1334
9,1358
92,1375
81,1381
93,1407
76,1414
29,1422
37,1451
56,1463
13,1491
43,1513
28,1516
48,1554
57,1569
11,1599
66,1625
40,1632
90,1650
74,1670
75,1675
45,1707
27,1709
68,1761
89,1771
73,1779
99,1786
62,1799
79,1802
53,1844
85,1883
22,1891
33,1920
30,1926
71,1964
42,1979
12,2004
78,2007
87,2037
88,2064
55,2123
25,2145
86,2192
38,2281
69,2334
41,2357
82,2371
15,2499
20,2576
7,2601
44,2718
35,2794
19,2824
58,2935
50,3017
16,3044
46,3353
8,3381
3,3685
65,3729

simblock.block.ProofOfWorkBlock@1b9ea3e3:2
70,0
59,153
100,261
13,293
47,368
34,402
77,420
56,435
72,478
1,509
95,525
84,539
80,543
85,547
5,575
24,575
73,589
97,613
18,627
2,631
91,644
83,648
52,667
9,680
93,682
49,694
51,699
94,719
54,731
75,735
60,739
64,752
96,772
63,777
57,785
6,804
44,807
32,845
88,849
14,857
10,877
39,882
7,904
36,908
98,922
23,932
4,950
29,960
82,1014
38,1024
66,1027
81,1055
89,1071
19,1073
92,1097
11,1124
16,1130
15,1130
68,1137
61,1159
90,1178
20,1231
28,1241
62,1242
26,1268
35,1289
55,1296
50,1317
31,1351
43,1352
67,1368
21,1372
71,1410
41,1452
30,1470
17,1476
40,1535
12,1575
99,1634
48,1694
76,1696
42,1758
27,1911
74,1921
25,1977
78,1980
37,2130
53,2143
79,2311
58,2355
22,2643
3,2829
33,2994
69,3022
8,3161
65,3510
86,3899

simblock.block.ProofOfWorkBlock@20011bf:3
67,0
45,407
46,828
57,857
32,995
17,1100
4,1134
15,1157
23,1209
97,1227
79,1229
14,1240
75,1247
18,1273
98,1313
36,1349
72,1354
73,1369
82,1370
10,1371
94,1379
95,1414
83,1423
91,1462
13,1475
38,1482
52,1497
80,1503
92,1506
49,1528
53,1558
96,1570
64,1579
39,1588
37,1595
81,1602
50,1621
99,1623
9,1674
85,1688
90,1731
34,1732
40,1745
31,1767
61,1780
43,1796
55,1813
20,1881
54,1884
44,1915
3,1953
24,1957
26,1958
58,1968
11,2016
62,2056
89,2109
78,2127
27,2133
68,2135
29,2186
2,2199
86,2205
35,2206
22,2288
84,2322
87,2357
69,2368
42,2419
65,2456
30,2460
8,2508
16,2537
12,2620
76,2637
5,2683
25,2784
41,2859
74,2862
33,2966
88,3081
66,3112
59,3222
28,3313
21,3475
7,3543
70,3592
19,3766
1,3837
93,3962
48,4000
77,4220
71,4335
6,4586
100,4949
56,5311
63,5672
60,6051
51,6420
47,6798

simblock.block.ProofOfWorkBlock@20999517:4
25,0
66,220
43,354
19,433
50,502
28,563
41,572
35,636
44,646
89,701
20,714
55,716
90,775
27,787
29,794
11,835
16,852
68,854
31,868
4,873
38,877
7,909
58,922
92,936
40,940
88,968
42,986
15,996
82,1002
37,1010
74,1011
100,1014
48,1043
53,1075
14,1108
30,1133
63,1148
17,1163
76,1180
98,1193
51,1201
60,1207
73,1227
13,1231
26,1240
72,1280
96,1314
85,1333
2,1369
6,1373
56,1376
47,1388
95,1409
81,1433
97,1466
93,1493
52,1505
8,1528
23,1534
5,1539
59,1573
61,1595
54,1634
94,1673
46,1674
77,1696
34,1720
1,1732
49,1767
64,1808
36,1823
39,1870
84,1926
75,1966
86,1972
99,1973
62,2013
10,2042
21,2049
67,2059
69,2069
91,2095
78,2180
79,2267
83,2269
22,2272
18,2278
70,2321
71,2324
80,2504
9,2505
57,2729
65,2759
24,2985
33,3014
32,3212
45,3317
87,3502
12,3630
3,3933

simblock.block.ProofOfWorkBlock@68e5c7ae:5
46,0
79,391
45,604
99,794
16,935
67,1004
15,1128
29,1168
12,1188
35,1257
88,1301
48,1340
55,1342
19,1379
3,1402
28,1436
82,1453
58,1476
78,1511
37,1514
43,1519
50,1569
53,1590
7,1649
89,1653
31,1661
68,1668
65,1697
34,1702
92,1733
9,1749
42,1780
96,1799
40,1806
23,1846
39,1857
14,1884
71,1909
38,1913
80,1935
13,1960
18,1977
30,1992
64,2027
72,2032
11,2061
22,2069
33,2071
27,2105
36,2112
8,2118
62,2141
86,2148
2,2162
73,2211
26,2219
20,2241
54,2260
52,2271
25,2316
44,2384
94,2389
90,2436
98,2445
87,2461
61,2493
74,2569
84,2582
66,2649
17,2718
75,2753
4,2801
76,2892
57,2944
60,3013
69,3018
49,3114
91,3163
41,3217
1,3381
24,3481
56,3525
97,3579
100,3743
10,3842
63,3905
93,3942
21,4109
95,4268
83,4305
51,4470
6,4634
85,4671
5,4835
81,4998
70,5033
77,5197
59,5398
32,5759
47,6123

simblock.block.ProofOfWorkBlock@1008df1e:6
85,0
84,144
49,248
9,281
97,378
94,387
10,392
52,440
26,489
96,500
36,505
64,520
59,530
24,541
61,544
32,593
91,605
21,610
73,625
93,631
23,644
98,645
17,650
70,669
34,698
1,709
6,713
18,716
47,730
77,739
60,747
51,749
63,760
14,808
95,814
83,820
56,839
100,845
81,854
2,867
43,870
58,870
39,919
31,929
72,950
5,971
4,974
82,980
19,1011
55,1027
57,1028
16,1038
44,1042
66,1074
27,1085
80,1085
28,1091
37,1107
35,1111
53,1127
90,1147
13,1148
29,1185
54,1193
22,1208
74,1215
76,1246
11,1257
75,1298
89,1307
62,1327
40,1367
7,1406
45,1435
15,1476
38,1478
71,1487
42,1533
8,1542
88,1586
92,1624
3,1635
41,1696
68,1696
50,1805
30,1844
65,1878
33,1895
25,1919
20,2023
99,2030
48,2250
79,2260
87,2283
69,2598
67,2598
46,2929
12,2932
78,3284
86,3675

simblock.block.ProofOfWorkBlock@61bf405d:7
14,0
36,291
13,395
23,433
9,501
56,533
2,538
17,580
98,606
4,641
61,642
34,644
10,681
73,687
57,688
94,711
54,722
91,745
49,749
83,751
18,780
80,788
6,791
26,822
32,826
75,828
95,850
70,852
51,854
39,862
24,870
60,886
5,892
93,899
63,900
48,916
1,927
64,954
97,967
85,967
81,973
77,994
72,996
96,1058
28,1062
21,1082
41,1084
47,1101
27,1122
15,1122
82,1139
84,1173
37,1179
35,1185
44,1186
52,1188
100,1205
16,1249
53,1280
59,1283
76,1283
92,1306
31,1340
40,1344
55,1407
20,1415
7,1416
43,1422
86,1428
22,1469
8,1480
67,1505
29,1508
74,1508
99,1509
38,1526
46,1573
69,1596
68,1626
50,1633
58,1637
11,1646
62,1677
33,1690
87,1705
19,1725
3,1801
88,1854
65,1971
45,2011
89,2077
12,2131
66,2301
79,2342
42,3183

simblock.block.ProofOfWorkBlock@a80a896:8
39,0
9,142
61,256
52,361
84,466
36,500
56,570
32,609
21,610
81,691
91,715
26,722
93,749
4,769
77,813
10,819
17,820
47,845
60,862
24,862
54,864
100,873
75,891
64,918
14,924
13,925
90,940
59,965
80,968
72,970
98,977
70,985
97,1028
1,1029
63,1081
57,1133
83,1136
28,1143
23,1149
31,1160
7,1176
6,1189
82,1241
85,1241
51,1259
95,1293
89,1302
18,1323
96,1348
25,1361
49,1365
74,1368
94,1427
46,1442
11,1458
16,1460
34,1470
3,1497
30,1517
5,1528
55,1568
20,1583
2,1585
41,1586
73,1633
99,1642
78,1711
76,1738
22,1764
88,1791
68,1803
35,1804
53,1804
71,1836
87,1849
15,1857
27,1959
58,2021
37,2023
65,2155
48,2177
86,2182
62,2193
69,2360
42,2395
45,2534
44,2613
12,2700
19,2834
79,2873
67,3042
38,3051
66,3270
40,3712
8,4709
33,5063

simblock.block.ProofOfWorkBlock@237bdbcb:9
5,0
95,142
2,247
100,279
56,351
96,383
64,393
17,417
81,460
1,487
10,499
98,522
4,524
9,556
13,592
24,599
36,610
59,626
49,637
57,665
94,668
14,676
90,678
21,679
72,697
83,704
47,720
93,739
23,771
60,783
18,807
80,824
58,867
85,870
63,873
75,877
19,878
70,896
31,897
84,913
51,933
97,978
68,982
91,984
26,1001
35,1004
92,1006
61,1020
16,1085
39,1091
30,1104
77,1110
29,1126
6,1132
43,1155
34,1198
44,1202
73,1216
50,1223
52,1237
7,1306
25,1325
32,1335
55,1344
54,1354
15,1389
78,1392
89,1421
46,1456
42,1523
27,1542
53,1561
82,1571
88,1607
69,1689
41,1792
76,1795
66,1824
12,1864
37,2014
28,2020
67,2023
11,2053
40,2232
48,2241
45,2354
74,2454
20,2464
38,2681
71,2688
3,2786
62,3018
33,3041
22,3117
79,3353
8,3371
65,3464
99,3687
86,3854
87,4242

simblock.block.ProofOfWorkBlock@61b6f287:10
34,0
36,138
80,244
2,276
51,354
21,383
93,401
95,414
77,464
52,491
100,508
47,518
83,525
24,526
75,543
61,559
81,570
14,596
39,610
91,616
72,623
13,633
9,638
17,648
60,651
1,663
70,663
63,670
56,675
94,686
49,700
98,702
4,715
18,721
64,728
32,756
26,759
84,768
57,776
6,790
23,804
97,831
10,833
92,865
29,867
54,890
59,913
5,939
73,944
50,959
74,991
16,993
96,997
89,1006
19,1012
25,1022
88,1028
85,1028
20,1082
28,1095
43,1161
38,1163
37,1215
48,1216
82,1227
35,1228
30,1248
44,1252
69,1291
76,1312
71,1341
11,1381
27,1383
78,1395
41,1433
40,1434
67,1436
45,1442
7,1456
90,1466
31,1475
53,1617
42,1676
66,1686
15,1695
99,1764
3,1776
86,1822
58,1835
55,1921
62,2011
8,2029
79,2103
68,2146
12,2347
22,2364
65,2501
46,2678
33,2709
87,3073

simblock.block.ProofOfWorkBlock@62a89e92:11
6,0
61,140
56,245
17,283
34,352
73,385
97,388
91,425
95,456
59,490
13,492
9,504
47,528
72,532
70,534
18,561
60,564
80,595
81,598
1,601
100,609
32,632
64,634
75,636
10,638
83,645
14,649
84,672
85,702
5,703
52,705
49,711
98,724
93,736
23,740
4,740
21,744
24,745
55,783
77,808
2,813
39,832
94,833
57,844
26,852
68,905
36,917
31,921
63,940
54,949
37,962
74,974
25,975
30,1002
88,1007
90,1016
82,1031
51,1036
96,1078
7,1125
16,1127
92,1157
58,1181
11,1189
67,1212
15,1223
53,1233
62,1257
89,1295
69,1321
99,1363
22,1370
50,1380
78,1395
40,1442
86,1512
28,1519
3,1542
42,1600
87,1622
41,1672
19,1819
71,1850
20,1894
46,1897
66,2047
65,2196
79,2225
48,2267
27,2485
45,2557

simblock.block.ProofOfWorkBlock@271df4c0:12
55,0
38,208
66,344
16,434
58,483
25,555
27,572
19,625
15,645
42,688
76,709
30,712
35,763
28,779
31,787
43,811
41,823
44,837
50,847
48,880
53,908
37,915
82,917
92,927
89,932
74,934
94,970
20,985
68,990
90,992
11,1020
4,1044
40,1044
18,1049
29,1053
88,1120
7,1125
56,1145
72,1159
54,1175
73,1196
100,1199
51,1203
17,1270
21,1275
93,1280
59,1284
13,1334
26,1353
39,1361
34,1374
23,1382
77,1400
78,1411
75,1412
9,1427
52,1427
91,1429
79,1461
97,1499
99,1499
2,1512
63,1514
65,1540
70,1592
62,1627
1,1656
8,1684
98,1725
12,1730
71,1731
14,1741
83,1743
57,1821
3,1843
86,1952
47,1957
24,1970
60,2062
64,2193
33,2228
81,2289
85,2418
61,2518
87,2527
95,2647
10,2744
6,2872
32,2975
5,3097
80,3203
36,3327
46,3503
96,3559
49,3791
84,4017
45,4317
69,4619
22,4924

simblock.block.ProofOfWorkBlock@260d878a:12
92,0
74,213
15,349
30,425
19,483
90,561
27,617
28,702
88,752
20,783
76,847
40,929
44,967
73,979
50,983
48,1066
89,1101
11,1121
29,1206
59,1214
38,1234
75,1347
7,1362
16,1372
26,1440
43,1509
39,1576
72,1596
37,1644
51,1669
57,1801
18,1834
2,1869
4,1909
13,2027
1,2060
24,2094
61,2136
100,2253
81,2287
84,2323
93,2366
47,2481
36,2515
10,2555
98,2592
5,2748
46,2783
54,2784
8,2892
52,2974
80,3011
86,3074
69,3193
14,3200
87,3311
63,3427
99,3493
12,3616
79,3731

simblock.block.ProofOfWorkBlock@58cd7486:12
36,0
34,141
51,258
59,287
21,367
85,392
72,401
13,426
52,488
77,497
73,508
24,515
32,534
70,537
64,544
4,567
49,594
80,602
83,617
39,633
93,638
96,644
17,649
26,650
94,661
75,665
63,671
91,672
47,679
1,686
81,702
6,709
100,745
10,749
9,752
54,754
84,765
57,776
61,782
60,786
14,811
56,815
98,818
20,837
5,845
18,868
97,873
2,916
74,921
28,964
50,971
95,977
7,979
37,992
89,1006
23,1020
38,1021
48,1023
19,1035
44,1037
92,1059
11,1084
41,1096
76,1183
43,1184
42,1189
53,1194
58,1213
66,1244
82,1253
31,1257
71,1311
62,1315
99,1337
3,1393
29,1403
27,1414
35,1432
78,1446
67,1455
68,1462
15,1474
16,1482
87,1590
25,1632
12,1648
55,1683
45,1723
8,1806
86,1841
40,1858
88,1901
30,2118
22,2137
46,2191
90,2338
33,2483
69,2522
65,2712
79,2861

simblock.block.ProofOfWorkBlock@184b8899:13
17,0
9,139
57,246
83,285
75,358
49,389
97,394
59,426
61,462
32,495
52,502
73,502
21,528
47,533
10,535
96,571
98,599
70,600
95,607
18,643
4,643
2,674
100,682
24,688
13,707
6,712
94,716
77,717
5,745
26,748
80,750
84,772
60,784
1,785
23,796
38,816
85,830
90,840
56,856
51,858
39,879
72,903
36,941
43,962
63,963
37,980
31,984
14,990
64,1002
54,1007
74,1040
15,1061
82,1062
81,1067
91,1113
68,1162
53,1164
93,1171
58,1212
50,1222
66,1265
12,1298
55,1341
45,1350
11,1381
16,1394
62,1396
99,1399
78,1426
25,1434
41,1449
48,1491
44,1560
8,1632
20,1653
86,1679
42,1708
69,1718
46,1737
33,1746
76,1779
3,1780
30,1801
35,1870
89,1999
87,2067
40,2370
67,2715
79,4145
22,4480

simblock.block.ProofOfWorkBlock@303c195f:14
59,0
13,374
10,490
56,513
34,603
21,619
49,629
97,655
80,709
64,723
73,734
36,745
81,759
96,813
95,827
63,845
85,849
5,866
72,873
23,898
91,932
26,951
51,957
39,972
93,1027
14,1037
70,1042
77,1062
17,1063
6,1076
98,1079
60,1091
24,1132
4,1141
83,1147
2,1186
58,1205
19,1216
90,1232
100,1239
48,1247
84,1247
37,1257
31,1294
1,1321
52,1343
32,1352
57,1386
53,1424
7,1436
8,1441
43,1464
54,1464
94,1496
15,1527
88,1542
28,1563
44,1571
9,1578
50,1587
18,1602
12,1646
82,1653
75,1685
78,1713
38,1762
29,1782
74,1793
47,1794
42,1807
55,1822
71,1826
87,1843
62,1868
61,1902
89,1979
66,2004
40,2024
11,2042
20,2143
45,2199
68,2211
86,2219
76,2221
27,2242
16,2259
41,2367
25,2475
99,2546
3,2560
35,2592
92,2719
65,2897
67,2930
30,2937
69,4375
46,4707
22,5038
79,5373
33,5721

simblock.block.ProofOfWorkBlock@22e470f4:13
12,0
65,317
78,502
71,711
22,725
8,924
86,1045
69,1108
99,1134
41,1179
33,1237
30,1390
88,1456
76,1458
44,1462
3,1514
98,1628
92,1662
55,1781
20,1784
87,1792
74,1800
17,1835
40,1839
27,1873
31,1989
19,2019
85,2074
38,2083
43,2107
29,2108
89,2116
53,2166
90,2178
51,2248
100,2286
15,2313
72,2360
11,2444
59,2468
52,2469
14,2527
48,2541
70,2547
32,2588
82,2641
36,2734
35,2767
80,2814
26,2834
34,2841
49,2917
73,3016
58,3090
79,3115
10,3191
94,3203
60,3207
25,3413
46,3518
81,3568
64,3639
62,3654
50,3737
42,3854
5,3929
93,4103
63,4114
95,4224
23,4292
96,4474
47,4564
56,4586
57,4657
91,4837
6,4955
61,5198
84,5566
39,5931
77,6296
4,6657

simblock.block.ProofOfWorkBlock@6a68754:15
23,0
17,145
57,256
75,287
36,360
9,393
83,393
73,427
100,498
98,499
34,502
93,531
39,543
10,574
48,577
70,579
84,604
96,605
81,607
95,641
77,646
24,679
59,691
80,692
64,692
49,709
72,713
1,713
52,721
13,746
60,749
6,752
5,758
47,760
82,779
63,795
56,804
15,809
94,817
32,819
14,828
61,828
4,854
85,857
20,872
26,900
71,909
97,926
91,935
21,937
43,983
90,1000
18,1011
92,1023
2,1041
54,1041
27,1052
53,1072
31,1074
35,1090
50,1091
51,1146
42,1151
41,1221
16,1232
37,1243
19,1259
86,1302
25,1315
99,1332
62,1350
30,1366
69,1370
7,1372
3,1403
79,1445
11,1446
55,1478
46,1573
8,1579
68,1585
88,1590
33,1678
12,1683
28,1704
22,1740
78,1791
74,1808
76,1921
58,2049
45,2072
29,2140
66,2269
44,2357
87,2463
38,2489
89,2575
40,2706
65,2930
67,3037

simblock.block.ProofOfWorkBlock@5f9ef11f:15
79,0
99,410
46,624
82,949
90,1278
76,1605
27,1934
15,2257
42,2580
91,2942
95,3309
4,3671
6,4040
59,4401
81,4768
85,5144
63,5545
56,5913

simblock.block.ProofOfWorkBlock@21f0508:16
38,0
55,211
20,348
66,425
88,483
31,565
58,572
16,618
42,649
90,705
53,706
37,717
27,754
29,782
41,794
28,833
19,848
89,869
50,888
76,919
74,927
25,928
51,932
40,986
82,998
15,1004
35,1023
7,1079
73,1082
43,1144
11,1144
34,1146
59,1149
30,1156
63,1158
14,1158
100,1192
68,1207
84,1212
48,1214
83,1228
44,1289
52,1372
77,1374
78,1375
26,1383
18,1385
24,1389
13,1419
39,1428
92,1430
97,1439
75,1441
93,1463
65,1507
56,1604
98,1609
21,1611
91,1620
72,1659
96,1665
79,1681
1,1688
23,1716
2,1836
81,1846
9,1848
17,1890
86,1897
12,1958
3,1982
67,2041
49,2071
54,2077
33,2093
47,2118
8,2259
60,2301
4,2303
6,2347
87,2388
94,2536
10,2542
99,2559
36,2572
61,2772
64,2799
62,2829
80,3000
85,3029
71,3130
95,3232
5,3261
32,3458
69,3561
70,3686
22,3870
57,3914
46,4217
45,4521

simblock.block.ProofOfWorkBlock@284d1c98:17
1,0
95,146
84,255
54,283
64,360
5,392
57,397
97,443
96,470
100,496
81,497
91,505
83,535
56,544
17,548
47,577
4,586
72,601
77,603
9,612
59,612
21,634
23,646
36,651
94,668
93,677
10,682
80,692
6,705
39,718
70,740
98,752
34,757
73,773
51,784
14,792
60,794
75,801
13,813
85,826
16,845
49,864
24,879
63,899
61,918
32,930
15,949
26,984
53,988
37,994
44,1000
2,1029
89,1036
7,1065
92,1077
74,1082
90,1117
52,1134
40,1148
31,1208
43,1215
71,1227
18,1239
11,1241
46,1263
27,1282
58,1304
30,1335
22,1336
88,1369
42,1426
78,1452
41,1458
25,1500
66,1523
76,1567
33,1573
50,1593
35,1644
38,1676
19,1720
87,1730
68,1885
48,1893
62,1902
12,1925
8,2052
29,2106
82,2113
45,2233
67,2257
55,2332
65,2397
3,2443
28,2554
69,2592
20,2773
86,2980
99,3106
79,3441

simblock.block.ProofOfWorkBlock@405495e7:17
9,0
84,139
83,245
14,415
61,519
17,626
39,747
52,889
97,994
20,1214
40,1421
58,1431
50,1569
25,1655
31,1709
38,1843
35,1873
90,2035
26,2269
4,2494
6,2724
91,2950
54,3177
63,3413
94,3639
24,3869
95,4097
51,4325
62,4619
22,4923
71,5225
46,5527

simblock.block.ProofOfWorkBlock@56d20e8d:18
96,0
77,141
95,245
34,280
18,372
26,385
85,419
98,477
39,498
83,514
93,526
56,540
14,559
1,583
81,606
49,618
57,622
9,645
10,649
80,652
60,678
84,690
94,700
24,713
47,727
97,753
51,756
23,760
21,782
13,797
91,797
4,817
89,858
32,858
36,867
70,873
75,890
25,900
59,912
64,922
43,960
63,963
37,996
17,1022
100,1028
66,1076
31,1089
68,1116
19,1123
73,1128
27,1141
11,1184
29,1194
53,1241
30,1246
46,1248
35,1301
48,1347
88,1413
8,1423
74,1462
44,1465
90,1524
65,1527
87,1532
16,1566
78,1605
40,1635
50,1687
33,1771
55,1790
6,1816
76,1858
2,1927
86,1998
82,2010
69,2017
5,2043
92,2083
58,2233
45,2353
67,2415
15,2454
22,2684
42,2701
28,2704
71,2745
20,3151
41,3399
12,3943

simblock.block.ProofOfWorkBlock@60264331:19
39,0
84,369
64,484
1,511
52,592
85,620
72,628
63,650
77,696
57,724
2,733
26,739
70,765
83,795
47,810
56,813
95,829
97,844
21,849
23,865
54,869
5,874
14,906
59,907
81,919
60,919
98,933
96,937
6,955
36,961
17,974
80,984
75,1006
94,1008
49,1016
73,1019
61,1023
13,1043
7,1064
51,1081
9,1132
76,1136
34,1136
91,1148
68,1156
31,1179
100,1186
38,1206
43,1215
10,1254
19,1283
18,1295
35,1347
15,1355
90,1355
53,1359
32,1360
44,1377
89,1395
66,1423
11,1433
82,1507
3,1513
29,1518
28,1576
50,1582
24,1592
99,1633
58,1641
93,1657
46,1687
4,1696
62,1697
30,1734
33,1752
37,1801
48,1817
71,1855
92,1876
87,1911
42,1915
27,1955
79,2020
74,2024
55,2034
45,2035
25,2179
41,2244
22,2256
40,2276
78,2369
16,2400
88,2497
67,2576
20,2715
8,2740
69,2919
65,3100
86,3107
12,3250

simblock.block.ProofOfWorkBlock@39ba0bff:20
63,0
61,165
32,277
6,305
10,381
14,417
9,426
34,444
26,488
57,522
2,527
100,531
18,549
36,554
52,572
77,582
1,603
93,629
84,632
49,633
17,656
23,664
47,669
94,670
60,687
81,689
96,697
98,711
54,735
64,737
73,740
97,764
75,772
91,774
5,776
55,789
70,795
83,818
80,819
24,844
59,847
4,852
39,882
21,900
7,902
56,923
51,926
13,960
95,986
72,996
74,1006
15,1012
11,1026
85,1067
25,1073
37,1119
82,1120
31,1143
50,1213
71,1235
28,1236
22,1278
58,1295
89,1301
67,1327
53,1346
16,1366
62,1412
42,1430
78,1581
44,1588
46,1626
99,1642
48,1654
86,1735
69,1743
88,1808
38,1885
27,2029
76,2105
68,2253
40,2323
20,2470
92,2545
41,2692
19,2769
90,2912
66,3000
30,3224
79,3243
35,3444
3,3576
43,3673
29,3892
45,3911
12,4233
65,4261
8,4568
87,4650
33,4918

simblock.block.ProofOfWorkBlock@6e0d30e4:21
61,0
6,142
39,246
56,285
9,354
81,389
34,393
13,424
100,458
52,493
83,493
18,502
73,530
47,533
59,534
63,562
91,563
26,597
77,597
14,598
93,631
5,637
80,638
24,639
54,660
96,668
17,670
75,675
1,681
60,702
64,715
55,733
49,740
94,744
51,751
36,759
32,773
98,774
2,807
23,814
84,829
25,842
10,846
31,857
85,858
4,879
72,912
57,951
95,955
15,963
90,977
21,985
89,988
70,1028
68,1045
74,1048
97,1060
58,1065
82,1108
16,1171
41,1186
62,1194
7,1198
22,1211
11,1219
28,1266
44,1282
99,1357
3,1366
88,1421
37,1492
76,1506
46,1507
45,1529
65,1712
53,1713
78,1715
66,1728
71,1754
79,1879
30,1947
67,2048
87,2101
86,2147
43,2166
69,2382
48,2386
92,2606
29,2827
19,3051
35,3270
40,3490
42,3716
20,3937
38,4155
27,4383
50,4602
12,4936
8,5269
33,5626

simblock.block.ProofOfWorkBlock@453f2ce6:22
69,0
71,417
3,634
12,807
87,956
99,1036
65,1118
30,1153
86,1194
29,1279
78,1304
15,1365
25,1369
79,1436
20,1478
90,1502
43,1502
22,1511
8,1517
92,1605
38,1640
16,1644
7,1692
28,1738
19,1739
41,1772
74,1776
31,1779
44,1803
11,1841
46,1850
9,1875
56,1879
68,1919
55,1932
48,1960
18,1993
64,2002
83,2008
37,2016
13,2028
73,2098
66,2103
80,2105
32,2131
75,2135
33,2139
98,2164
58,2164
62,2167
27,2174
36,2234
53,2260
76,2322
42,2340
2,2352
1,2460
88,2490
47,2502
14,2526
94,2570
40,2583
34,2604
6,2685
54,2732
89,2815
10,2872
57,2888
82,2905
45,2986
24,3102
95,3244
23,3252
39,3270
67,3391
81,3614
5,3642
61,3824
91,3987
70,4004
97,4195
26,4367

simblock.block.ProofOfWorkBlock@3912757:23
7,0
68,213
90,347
40,442
37,481
20,560
35,577
28,616
55,660
82,698
74,701
44,749
38,777
15,788
54,810
53,832
43,834
88,842
58,871
50,916
11,926
25,927
59,932
42,967
48,976
4,977
16,989
27,1000
19,1004
49,1040
89,1052
92,1061
30,1062
83,1068
41,1081
31,1103
76,1123
29,1130
94,1142
66,1146
73,1161
81,1206
80,1242
60,1265
63,1267
56,1287
13,1299
39,1329
21,1353
99,1362
75,1367
9,1367
47,1373
61,1386
93,1436
23,1470
32,1488
65,1500
78,1500
36,1508
2,1513
70,1556
17,1594
95,1596
52,1599
85,1600
84,1619
8,1666
77,1670
34,1716
10,1736
97,1823
5,1841
6,1846
91,1911
12,1966
45,2036
51,2058
72,2068
100,2077
57,2147
67,2165
24,2284
18,2305
26,2378
69,2382
1,2533
71,2583
14,2605
98,2759
96,2832
46,2888
86,3052
64,3061
22,3198
33,3313
79,3354
62,3605
87,3900
3,4204

simblock.block.ProofOfWorkBlock@242efd9:24
2,0
72,177
100,283
17,321
10,391
61,424
18,427
9,465
36,498
73,528
83,529
70,532
39,560
91,569
51,605
52,611
21,632
84,636
54,639
34,650
6,669
93,669
56,669
96,673
80,709
13,712
14,716
81,738
59,742
26,745
97,773
85,778
75,779
24,784
94,786
47,816
32,847
63,850
57,895
31,909
95,923
49,959
4,963
53,970
30,993
23,1001
64,1028
16,1031
7,1050
41,1059
1,1063
77,1068
58,1134
5,1140
82,1162
98,1171
60,1174
27,1189
92,1213
55,1219
69,1352
15,1370
67,1394
38,1395
37,1395
79,1396
29,1425
35,1435
19,1436
62,1484
43,1590
78,1590
68,1612
76,1613
90,1646
48,1654
44,1660
46,1690
11,1808
74,1833
42,1842
28,1880
50,1880
3,1980
66,2026
40,2059
25,2064
20,2100
89,2109
88,2247
87,2382
22,2394
99,2401
12,2439
71,2439
8,2728
33,2785
45,3060
65,3411
86,3804

simblock.block.ProofOfWorkBlock@15ff0f79:25
5,0
2,150
95,257
81,361
18,400
100,407
56,465
24,500
96,505
47,513
49,563
77,607
63,612
80,617
84,632
98,642
94,643
4,669
31,687
85,701
83,712
97,718
36,723
52,737
59,747
93,749
91,760
9,778
14,786
57,806
34,819
72,838
13,842
23,862
35,889
75,892
44,902
55,909
73,923
54,950
10,950
42,987
19,1014
39,1028
27,1042
68,1049
64,1056
1,1064
30,1104
89,1107
90,1126
92,1128
51,1164
6,1168
25,1168
16,1206
7,1247
61,1273
50,1321
29,1344
46,1348
88,1383
76,1469
28,1491
12,1536
15,1605
69,1674
53,1688
78,1693
41,1708
66,1829
58,1912
20,1935
17,1961
71,2010
11,2055
60,2070
38,2155
70,2176
32,2284
43,2284
86,2301
45,2344
48,2375
21,2388
26,2494
82,2611
67,2679
74,2717
37,2934
62,2950
8,3010
40,3157
79,3280
33,3360
3,3491
99,3621
22,3822
65,4168
87,4556

simblock.block.ProofOfWorkBlock@347cfca3:26
53,0
55,215
82,350
35,423
37,483
19,560
44,563
16,620
30,634
29,693
40,697
76,709
31,765
68,770
92,788
28,812
42,826
58,830
43,848
15,850
50,852
90,910
20,913
38,965
7,967
27,978
48,984
74,986
80,991
25,1048
57,1051
13,1058
41,1062
11,1086
66,1100
88,1101
83,1115
89,1128
23,1198
52,1203
75,1210
21,1221
39,1227
56,1258
10,1260
9,1274
91,1291
94,1322
85,1326
70,1335
1,1354
2,1354
78,1434
100,1457
18,1499
86,1499
62,1503
4,1519
49,1557
59,1580
87,1629
93,1686
61,1733
32,1751
5,1783
3,1805
51,1815
67,1872
72,1915
54,1962
77,1977
47,2008
26,2054
79,2105
81,2149
24,2197
14,2219
36,2235
60,2280
8,2404
33,2411
73,2427
63,2448
97,2463
65,2535
34,2678
17,2697
69,2725
99,2727
95,2927
71,2992
46,3025
12,3033
6,3153
96,3381
64,3614
84,3845
98,4071
22,4372
45,4681

simblock.block.ProofOfWorkBlock@7127062a:27
51,0
83,138
72,244
93,280
36,349
100,381
63,395
75,421
2,457
23,488
17,493
57,499
32,520
24,526
56,536
34,561
97,565
64,597
47,599
10,603
61,628
60,631
96,639
98,641
84,643
85,659
73,671
94,672
39,675
52,703
70,703
5,704
81,708
4,733
21,736
91,745
1,748
13,766
6,785
54,808
14,809
59,812
77,838
80,840
20,899
95,913
43,936
9,948
41,968
28,972
38,982
48,992
35,1019
68,1043
50,1047
49,1053
37,1059
7,1074
30,1117
90,1137
11,1153
26,1157
31,1186
19,1191
58,1207
99,1243
66,1261
18,1263
74,1284
42,1293
71,1324
92,1335
53,1363
15,1371
89,1408
69,1464
55,1480
29,1483
78,1486
40,1505
82,1510
79,1524
67,1538
27,1583
33,1589
45,1666
76,1704
44,1729
88,1800
65,1836
8,1837
25,1921
3,1998
62,2075
16,2139
22,2171
87,2192
12,2406
46,2470
86,2563

simblock.block.ProofOfWorkBlock@1b322f02:28
5,0
81,136
2,242
77,276
56,351
72,382
83,391
26,421
95,458
63,489
80,490
100,497
17,518
4,525
59,532
85,560
6,594
61,596
51,601
24,603
54,623
98,628
96,630
91,632
60,635
93,637
75,661
94,663
32,669
55,687
14,700
84,700
13,703
10,706
34,708
70,728
21,739
49,741
23,766
52,773
97,808
36,814
1,817
18,836
9,846
50,857
35,901
31,911
66,929
47,932
57,951
37,975
68,984
40,994
19,997
39,1042
28,1047
27,1057
44,1077
90,1129
64,1147
15,1151
25,1169
74,1201
89,1215
92,1225
73,1252
82,1265
42,1296
29,1349
65,1367
3,1389
11,1390
16,1394
41,1442
78,1446
43,1469
30,1515
99,1596
20,1660
69,1681
7,1689
46,1726
87,1777
62,1850
88,1907
8,2012
38,2131
22,2186
48,2355
45,2359
12,2519
76,2574
71,2690
58,2802
67,3021
53,3027
79,3357
33,3370
86,3745

simblock.block.ProofOfWorkBlock@6136296f:28
12,0
65,329
78,512
8,729
99,939
71,1150
25,1495
69,1554
58,1819
20,1883
89,2143
29,2210
11,2467
44,2535
35,2789
30,2858
50,3120
81,3219
87,3444
17,3592
88,3777
14,3962
4,4140
23,4337
61,4502
5,4713
91,4871
26,5091
93,5234
57,5459
39,5599
98,5823
84,5966
60,6187
96,6336
52,6568
77,6701

simblock.block.ProofOfWorkBlock@26e7b0bd:29
80,0
59,176
91,283
96,314
18,390
13,418
60,425
77,456
2,504
70,526
49,531
21,560
84,568
95,572
24,596
83,631
34,631
54,635
36,649
85,671
32,673
17,675
98,679
39,702
52,706
9,714
61,738
73,738
6,740
10,743
47,753
94,776
56,778
1,789
23,790
26,806
63,817
75,839
93,845
5,859
57,883
14,885
7,895
81,910
72,914
97,949
30,962
51,965
64,990
82,1006
4,1029
37,1033
29,1040
41,1051
100,1057
68,1137
19,1166
25,1182
11,1188
74,1209
16,1224
45,1245
89,1249
76,1260
44,1275
99,1353
31,1361
67,1388
50,1404
43,1408
48,1442
8,1457
35,1467
53,1495
65,1527
78,1545
28,1581
40,1624
55,1661
90,1686
66,1715
87,1770
20,1805
92,1848
88,1933
3,1997
42,2072
71,2138
38,2156
62,2338
27,2375
79,2409
12,2468
58,2593
46,2745
15,2811
86,2871
22,3075
69,3405
33,3765

simblock.block.ProofOfWorkBlock@1adde9af:30
31,0
53,227
29,360
82,439
37,495
19,573
55,578
44,630
48,653
7,706
15,708
16,712
27,787
92,791
58,808
42,840
90,842
30,852
68,925
75,927
50,928
20,931
80,938
38,942
88,977
28,986
40,991
41,998
74,1009
76,1064
89,1066
47,1067
66,1079
23,1146
25,1152
95,1153
100,1178
70,1202
94,1202
43,1211
35,1214
32,1215
21,1224
11,1225
59,1282
51,1283
5,1290
9,1320
1,1336
96,1393
93,1404
73,1431
2,1438
14,1444
6,1444
61,1452
65,1472
78,1502
10,1516
34,1520
64,1619
12,1621
72,1646
85,1670
4,1679
83,1699
87,1723
56,1750
39,1874
49,1896
77,1906
62,1915
26,1925
18,1988
81,2100
84,2130
13,2145
67,2148
57,2159
91,2213
3,2230
33,2359
36,2370
17,2386
99,2446
98,2447
79,2531
97,2596
46,2668
63,2674
71,2687
45,2895
69,2979
22,3195
54,3586

simblock.block.ProofOfWorkBlock@72b9c9ed:31
19,0
55,219
29,354
92,498
44,633
74,715
66,776
88,857
50,928
41,984
27,991
57,1005
76,1065
43,1070
42,1118
20,1151
23,1198
11,1203
89,1205
4,1230
64,1237
25,1252
82,1287
60,1373
7,1422
39,1433
81,1434
17,1463
51,1465
24,1483
48,1491
78,1497
15,1530
30,1557
1,1560
94,1560
56,1575
9,1640
68,1641
75,1663
31,1665
10,1677
61,1689
28,1690
59,1690
2,1716
79,1718
52,1786
37,1798
65,1832
67,1832
3,1845
47,1916
73,1918
100,1922
77,1924
90,1940
18,1949
12,1982
40,2035
16,2095
63,2152
58,2178
87,2211
86,2220
8,2226
53,2320
54,2326
32,2378
35,2492
46,2519
99,2529
72,2560
13,2603
38,2627
26,2791
91,2837
97,2853
21,3017
80,3062
95,3079
93,3251
98,3313
14,3313
83,3478
70,3538
84,3546
34,3771
85,3779
71,3780
5,4006
33,4024
6,4238
62,4326
36,4464
49,4694
96,4925
69,5250
22,5555
45,5855

simblock.block.ProofOfWorkBlock@78493cd:31
85,0
32,139
49,243
14,352
83,383
97,458
21,488
9,493
63,525
84,562
57,595
98,599
81,631
26,666
18,700
13,707
96,716
93,737
34,770
10,805
39,821
59,842
17,860
80,907
94,911
7,925
1,934
51,946
73,970
15,994
56,1016
36,1022
91,1038
77,1075
6,1129
95,1142
50,1148
29,1164
2,1167
41,1211
38,1247
23,1272
61,1273
58,1294
31,1360
20,1364
66,1365
52,1382
76,1430
16,1469
82,1520
42,1585
48,1589
25,1651
40,1689
22,1699
30,1816
62,1857
55,1870
65,1889
68,1909
67,1925
45,1949
8,2031
90,2033
11,2132
3,2187
46,2201
44,2251
12,2258
33,2381
43,2435
99,2465
88,2480
69,2534
89,2699
100,2797
5,2802
79,2881
71,3034
4,3162
60,3174
78,3227
47,3545
86,3616

simblock.block.ProofOfWorkBlock@12b1253:32
51,0
34,148
73,255
77,286
72,360
81,398
54,400
64,446
2,464
80,503
75,508
95,508
94,538
47,543
24,559
83,573
32,591
6,609
17,614
96,617
93,648
5,652
61,653
26,666
49,675
36,683
13,698
85,713
18,719
63,720
100,726
91,752
98,757
52,757
4,773
23,779
60,787
1,805
14,817
59,827
97,831
9,831
84,868
39,880
38,883
28,884
20,901
57,935
10,936
90,938
56,940
66,948
74,998
19,1023
21,1042
89,1044
48,1102
68,1105
7,1117
92,1119
70,1146
27,1156
31,1163
11,1165
16,1249
43,1324
99,1333
30,1339
42,1340
40,1373
53,1381
46,1389
15,1391
82,1475
67,1478
76,1542
50,1564
35,1594
29,1604
44,1610
45,1670
25,1700
78,1735
58,1811
88,1826
79,1877
62,1901
55,1918
8,1953
3,2002
37,2030
41,2136
71,2209
87,2217
69,2233
22,2287
65,2481
12,2589
86,2604
33,2643

simblock.block.ProofOfWorkBlock@4591384f:33
34,0
51,138
80,249
2,275
59,355
73,380
18,386
95,413
56,460
83,486
97,492
13,502
21,518
47,521
4,523
1,550
6,577
72,595
70,606
100,610
39,617
75,624
10,626
26,627
49,629
57,631
14,656
61,659
60,667
24,679
77,681
96,711
93,719
63,721
54,729
64,730
17,735
9,747
32,760
84,764
98,775
23,779
85,787
20,819
91,827
5,834
94,860
52,868
89,885
81,893
50,932
35,948
76,972
74,994
36,999
19,1004
30,1045
53,1049
11,1051
7,1096
28,1100
48,1103
68,1107
25,1153
37,1167
29,1193
15,1224
92,1265
43,1275
58,1280
82,1322
90,1322
67,1323
40,1370
78,1417
16,1424
12,1437
31,1443
71,1453
27,1498
41,1542
87,1586
42,1594
45,1596
86,1605
44,1661
66,1715
55,1760
65,1769
46,1926
3,1932
88,1938
22,1995
62,2110
38,2161
79,2266
8,2331
99,2443
69,2596
33,2690

simblock.block.ProofOfWorkBlock@6d4479e8:34
64,0
2,139
72,245
13,351
10,392
1,458
100,497
83,538
59,544
97,564
47,620
60,643
73,645
81,668
93,680
56,694
85,705
61,720
36,726
54,739
98,760
39,773
9,787
4,803
24,823
51,830
75,832
6,834
17,843
63,866
23,876
32,879
94,886
57,898
84,912
80,939
76,948
18,949
49,973
52,982
77,988
40,989
14,1022
95,1047
20,1051
26,1056
48,1106
21,1129
31,1130
5,1152
70,1169
68,1197
37,1207
27,1211
28,1228
91,1238
35,1268
62,1286
96,1343
58,1349
46,1369
66,1373
53,1390
89,1414
19,1430
78,1489
12,1509
22,1537
74,1561
88,1592
67,1606
90,1613
45,1617
42,1633
82,1653
71,1681
44,1780
11,1816
29,1848
38,1857
55,1870
86,1928
50,1942
15,2033
7,2093
92,2160
3,2190
99,2197
43,2251
25,2315
30,2544
87,2577

simblock.block.ProofOfWorkBlock@3105c0ef:35
14,0
98,137
32,243
96,273
85,347
63,381
4,383
73,412
36,452
34,484
100,488
61,502
83,519
18,520
60,547
21,551
9,565
49,590
64,592
23,600
10,614
95,625
56,628
6,641
39,650
80,659
94,669
93,670
91,691
97,695
24,695
84,699
52,704
57,723
17,730
5,765
75,775
13,776
2,808
77,836
47,848
72,849
20,864
74,876
26,880
51,884
31,945
59,953
19,982
70,988
7,996
1,1060
53,1067
68,1084
54,1094
27,1101
55,1165
79,1172
81,1199
29,1202
22,1220
42,1220
16,1277
58,1334
41,1386
45,1416
40,1420
99,1426
88,1440
67,1483
69,1507
82,1510
33,1565
92,1603
37,1638
50,1657
46,1666
15,1733
65,1769
11,1821
30,1879
86,1897
48,1955
8,1987
43,2044
90,2100
87,2161
35,2281
62,2291
89,2333
28,2503
44,2551
12,2624
76,2723
25,2775
38,2942
3,2957
66,2994
71,3325
78,3674

simblock.block.ProofOfWorkBlock@2002e1b2:36
62,0
44,909
15,1126
88,1261
92,1338
30,1397
7,1435
43,1473
58,1476
28,1537
74,1566
89,1609
66,1609
35,1620
68,1653
31,1673
11,1682
42,1688
27,1702
37,1744
29,1758
50,1786
19,1809
25,1824
76,1825
40,1869
38,1880
48,1893
53,1894
60,1897
73,1929
55,1960
82,1965
90,2027
16,2031
34,2035
100,2060
21,2064
41,2094
97,2123
64,2127
3,2154
49,2154
51,2156
52,2159
86,2174
83,2251
72,2252
85,2257
4,2263
39,2290
75,2292
18,2320
65,2382
78,2383
5,2385
98,2385
23,2413
47,2480
6,2487
13,2490
20,2493
9,2547
46,2593
59,2614
54,2706
94,2715
32,2724
69,2914
84,2936
24,2943
67,2948
14,2963
77,3062
10,3162
2,3168
70,3193
26,3395
91,3419
8,3470
36,3624
56,3640
17,3645
45,3771
57,3849
63,3874
79,4070
81,4077
80,4102
1,4219
61,4334
87,4376
33,4591
12,4687
95,4794
99,4901
71,5204
93,5365
96,5934
22,6604

simblock.block.ProofOfWorkBlock@1c4d87ff:37
69,0
3,398
71,617
99,792
29,945
12,1025
25,1140
31,1160
79,1186
82,1273
19,1296
44,1348
65,1352
50,1370
27,1374
16,1429
37,1470
48,1497
66,1504
76,1508
35,1523
78,1536
90,1568
28,1590
46,1590
38,1593
53,1596
43,1660
20,1671
15,1703
74,1729
68,1739
22,1742
56,1744
8,1754
42,1802
32,1837
41,1847
9,1887
92,1928
93,1934
62,1952
34,1973
73,1982
30,1994
1,2001
2,2002
6,2047
13,2071
89,2090
64,2113
7,2148
94,2149
61,2162
88,2169
18,2199
87,2250
80,2312
36,2334
91,2356
33,2367
83,2389
58,2418
11,2492
86,2509
96,2512
55,2575
45,2667
14,2724
95,2856
21,2874
40,2898
67,3065
23,3097
75,3219
26,3237
59,3263
57,3462
47,3580
51,3600
77,3631
98,3827
10,3941
54,3978
60,3997
17,4190
52,4345
84,4372
81,4558
63,4712
49,4733
97,5085
39,5097
72,5448
85,5459
100,5812
70,5822
24,6175
5,6187
4,6546

simblock.block.ProofOfWorkBlock@1632cbd6:38
79,0
46,393
99,611
45,788
90,947
3,1013
38,1123
48,1157
67,1186
12,1231
42,1277
7,1299
50,1359
69,1418
40,1433
35,1445
58,1493
25,1522
78,1547
44,1558
28,1569
15,1601
80,1615
23,1643
29,1703
65,1743
37,1752
2,1760
43,1761
19,1772
16,1775
64,1801
17,1814
66,1844
84,1873
57,1875
92,1884
34,1900
31,1907
76,1924
73,1931
72,1933
9,1942
71,1963
94,1990
39,2046
33,2062
22,2074
20,2100
96,2115
61,2117
13,2136
98,2159
30,2168
8,2172
11,2214
27,2249
62,2361
26,2394
53,2424
54,2477
87,2494
68,2494
88,2538
82,2581
36,2629
74,2748
55,2819
89,2826
14,2854
24,2900
81,2942
41,3070
18,3081
77,3189
75,3261
52,3311
95,3315
83,3432
60,3553
86,3607
49,3623
6,3676
47,3795
1,3917
10,3990
63,4045
32,4156
21,4287
4,4406
93,4517
100,4648
59,4771
97,4884
5,5011
91,5148
70,5245
51,5393
85,5520
56,5889

simblock.block.ProofOfWorkBlock@1f5d294:39
7,0
28,207
90,344
16,420
44,477
29,560
43,570
37,621
15,631
19,686
20,695
48,722
68,759
53,766
11,777
31,821
40,831
35,841
74,856
42,873
55,900
38,901
25,915
30,957
88,967
58,979
4,984
76,990
66,1037
27,1041
89,1052
92,1113
73,1113
82,1174
9,1184
47,1197
63,1199
13,1201
91,1209
23,1210
41,1212
98,1215
10,1245
69,1272
94,1282
60,1310
50,1314
6,1338
59,1339
100,1339
84,1410
52,1429
32,1431
14,1438
54,1444
65,1486
12,1490
2,1508
49,1539
85,1565
51,1637
80,1657
18,1659
77,1667
95,1674
83,1768
24,1800
78,1801
22,1812
97,1862
34,1884
5,1885
93,1894
17,1907
56,2044
46,2067
61,2111
1,2117
64,2120
39,2137
67,2231
8,2348
81,2352
75,2353
70,2363
71,2417
36,2578
96,2584
21,2591
45,2647
99,2723
72,2806
57,2809
26,3035
86,3096
33,3290
79,3415
62,3588
87,3885
3,4186

simblock.block.ProofOfWorkBlock@546bec3e:40
33,0
8,388
50,734
22,783
74,947
12,994
20,1083
53,1083
65,1115
11,1163
38,1217
90,1298
37,1300
31,1317
16,1351
71,1393
44,1427
28,1441
48,1508
43,1514
42,1518
54,1572
80,1575
84,1590
99,1607
88,1641
19,1642
29,1645
49,1649
39,1672
10,1716
66,1772
85,1788
72,1801
63,1803
56,1817
26,1818
76,1837
83,1840
2,1874
1,1878
47,1899
21,1940
60,1942
87,1942
35,1977
3,2023
93,2027
6,2033
14,2047
68,2082
17,2083
18,2108
98,2117
27,2119
13,2126
89,2167
70,2169
41,2184
23,2244
91,2262
77,2301
92,2307
96,2311
69,2329
57,2355
79,2408
32,2411
40,2463
9,2489
55,2507
67,2516
97,2532
36,2534
30,2631
86,2668
51,2718
45,2726
78,2785
25,2811
24,2944
15,2958
62,2960
46,2988
7,3157
95,3173
82,3283
58,3508
73,3644
81,3956
64,4005
100,4371
61,4403
52,4746
59,4852
5,5299
94,5744
34,6191
4,6637
75,7086

simblock.block.ProofOfWorkBlock@4408d67:40
79,0
99,409
46,635
3,814
76,966
12,1029
45,1034
58,1186
69,1207
82,1292
28,1325
41,1352
16,1364
55,1415
67,1441
31,1471
48,1511
7,1547
30,1549
71,1614
27,1625
19,1629
88,1680
74,1696
57,1707
94,1774
68,1777
64,1798
37,1870
36,1904
78,1920
1,1943
29,1946
90,1957
73,2000
44,2003
53,2019
14,2037
62,2093
66,2109
98,2168
25,2194
9,2230
40,2272
42,2285
11,2332
20,2354
17,2395
8,2395
80,2472
5,2476
72,2559
87,2597
15,2610
61,2621
92,2654
38,2677
18,2701
77,2837
86,2912
54,2925
33,2954
84,2960
6,2976
35,2984
70,3041
22,3211
21,3292
39,3322
81,3338
10,3354
32,3410
96,3658
91,3703
47,3718
83,3783
60,4023
56,4066
75,4084
97,4144
52,4386
63,4429
49,4446
93,4511
26,4749
59,4791
24,4808
100,5111
4,5154
51,5481
95,5516
85,5883

simblock.block.ProofOfWorkBlock@79feff56:40
59,0
13,141
70,251
64,280
10,356
84,388
47,391
2,434
80,463
4,492
72,496
98,498
9,528
97,540
83,567
5,577
21,603
49,617
73,624
18,626
60,629
17,643
1,644
57,646
61,666
52,670
34,674
75,679
51,688
95,707
26,723
100,729
93,736
94,738
81,749
54,749
85,751
24,757
96,778
36,795
23,804
6,811
91,813
63,829
39,854
32,924
48,952
77,961
53,968
20,968
76,975
90,977
35,983
25,999
66,1014
56,1029
88,1046
14,1135
38,1169
82,1187
29,1198
31,1206
30,1218
45,1226
11,1232
68,1265
67,1302
44,1353
58,1395
55,1409
42,1440
15,1453
62,1458
89,1485
3,1531
71,1538
78,1572
74,1573
37,1614
7,1627
12,1633
50,1658
43,1674
99,1817
28,1833
41,1847
27,1875
87,1920
86,2024
16,2071
40,2096
19,2290
92,2317
8,2629
79,2667
65,2974
46,3002
22,3334
69,3678
33,4025

simblock.block.ProofOfWorkBlock@f0b4c2c:41
44,0
30,224
28,362
43,438
15,503
16,572
89,572
31,638
11,655
74,709
48,710
92,715
7,772
50,806
25,817
29,851
35,851
20,855
76,862
88,905
53,941
58,988
68,990
37,993
90,1000
82,1039
2,1045
40,1062
55,1068
10,1072
24,1077
27,1127
38,1129
83,1167
19,1185
100,1198
84,1199
41,1204
73,1208
21,1230
66,1266
94,1283
97,1304
18,1304
56,1312
9,1315
42,1339
72,1345
5,1352
49,1394
80,1419
75,1424
23,1435
95,1457
87,1465
60,1496
69,1509
81,1517
85,1542
78,1558
52,1578
12,1606
32,1647
47,1650
57,1683
46,1694
64,1724
3,1767
96,1771
86,1808
77,1882
39,1909
54,1953
67,2031
79,2074
22,2110
98,2135
91,2138
1,2179
93,2366
59,2408
34,2595
51,2638
26,2871
65,3604
8,4212
33,4472
71,5073

simblock.block.ProofOfWorkBlock@2a20c5c5:42
98,0
61,141
10,247
95,297
96,351
49,389
97,402
54,438
57,456
1,497
77,504
6,506
21,537
5,542
56,543
63,564
24,586
23,601
59,607
39,611
60,639
34,646
52,647
80,648
36,650
14,674
93,690
2,712
100,716
81,751
64,754
85,755
70,758
13,759
91,782
51,798
84,818
16,832
9,845
4,859
94,860
72,864
28,896
83,922
74,947
17,949
47,965
18,1017
26,1028
15,1054
75,1069
53,1098
41,1114
73,1132
27,1167
69,1225
32,1238
82,1241
58,1276
37,1324
22,1332
45,1341
43,1352
29,1386
46,1407
25,1462
7,1495
87,1564
89,1569
62,1578
86,1603
40,1604
88,1691
67,1738
92,1788
44,1822
3,1829
68,1908
79,1909
38,2009
20,2039
55,2227
99,2238
19,2267
76,2449
42,2486
65,2585
11,2680
48,2706
31,2897
30,2936
35,3118
66,3156
90,3336
50,3375
71,3672
12,3712
8,4044
33,4393
78,4692

simblock.block.ProofOfWorkBlock@2a2e4fad:43
98,0
57,3337
61,3441
83,3481
14,3552
17,3588
59,3625
96,3664
85,3689
23,3718
93,3730
54,3733
70,3768
10,3783
94,3793
49,3828
73,3833
51,3836
91,3838
24,3867
34,3875
63,3888
36,3913
4,3933
32,3934
77,3939
26,3941
47,3946
75,3948
2,3948
56,3980
21,3984
80,3987
13,4018
84,4042
1,4049
9,4055
72,4056
18,4057
52,4067
64,4073
5,4085
60,4088
97,4154
95,4161
81,4162
68,4215
37,4253
82,4273
100,4289
53,4309
7,4374
16,4385
6,4393
69,4443
65,4458
31,4461
39,4498
15,4499
74,4592
25,4603
99,4607
45,4655
41,4678
86,4699
44,4720
87,4730
22,4783
29,4810
62,4835
55,4895
46,4934
27,4943
88,5027
35,5114
79,5125
3,5165
50,5166
58,5249
11,5339
30,5387
19,5469
90,5558
20,5610
48,5690
66,5920
12,5971
42,6147
28,6230
8,6309
40,6368
92,6448
33,6663
43,6669
67,6701
38,6888

simblock.block.ProofOfWorkBlock@ccdf72b:44
52,0
39,143
26,248
61,288
9,352
64,393
100,393
21,464
14,491
56,499
63,510
2,540
36,577
77,603
13,605
72,615
49,616
94,636
5,645
80,646
95,682
47,695
1,711
23,716
97,721
84,722
96,745
34,750
60,755
18,759
57,761
51,802
81,831
25,838
91,850
75,864
70,866
10,872
76,901
16,929
59,961
73,970
24,976
89,980
15,983
68,995
53,1052
58,1058
11,1062
4,1076
54,1082
90,1119
82,1146
83,1186
37,1269
85,1292
79,1321
31,1339
55,1373
78,1380
32,1400
22,1407
99,1437
41,1491
93,1509
46,1525
62,1660
8,1681
74,1715
29,1726
45,1742
6,1916
28,1947
92,1948
71,2013
98,2020
65,2088
17,2126
50,2167
67,2278
66,2343
3,2347
7,2385
87,2476
19,2562
88,2609
12,2625
35,2780
20,2829
86,2865
69,2959
42,3004
30,3053
48,3245
38,3271
27,3462
40,3500
43,3680
44,3897
33,4245

simblock.block.ProofOfWorkBlock@648c3bda:44
30,0
58,221
43,356
44,490
28,568
15,625
31,699
25,703
89,762
88,840
82,857
38,901
11,983
19,1002
66,1038
16,1116
7,1141
35,1180
98,1209
50,1252
74,1321
93,1367
20,1405
2,1439
27,1539
77,1593
17,1595
81,1665
55,1675
92,1755
91,1819
80,1823
41,1890
94,1900
95,1902
59,2046
32,2052
72,2116
49,2131
86,2191
63,2277
64,2278
57,2360
79,2419
22,2490
36,2503
4,2509
10,2589
13,2735
6,2736
46,2892
54,2963
34,2965
61,3193
33,3221
26,3421
62,3514
51,3660
99,3814
60,3895
1,4122
14,4351
70,4578
65,4833
71,5134
8,5433
45,5734

simblock.block.ProofOfWorkBlock@4a85a65d:45
3,0
99,403
69,612
12,797
25,935
79,1009
71,1018
65,1110
43,1149
7,1262
50,1284
78,1302
11,1333
53,1354
28,1368
46,1414
66,1417
68,1471
38,1493
30,1504
8,1514
22,1554
31,1565
82,1602
48,1615
16,1626
14,1643
19,1650
41,1657
55,1693
94,1738
15,1739
20,1756
74,1764
13,1784
80,1846
89,1857
86,1873
9,1873
18,1915
42,1924
62,1943
2,1973
92,1981
29,2016
34,2054
27,2065
83,2099
23,2120
32,2157
58,2180
37,2251
35,2309
36,2331
64,2341
87,2348
73,2379
90,2394
98,2484
93,2554
33,2596
51,2615
44,2635
40,2678
76,2718
57,2847
45,2897
91,2915
88,2965
100,2980
84,3048
6,3079
17,3211
61,3292
67,3298
10,3338
96,3350
59,3413
81,3446
47,3700
63,3712
39,3775
56,3810
1,3960
49,4063
97,4078
85,4137
75,4427
26,4439
70,4500
95,4793
21,4812
5,4888
24,5181
77,5260
4,5554
60,5915
52,6284
72,6647
54,7015

simblock.block.ProofOfWorkBlock@654e711a:46
38,0
55,210
16,350
58,427
27,484
15,563
19,567
30,618
42,636
82,699
40,701
31,702
50,752
41,769
44,774
28,833
92,835
66,839
74,841
37,849
88,888
76,909
48,921
90,942
29,969
89,975
53,975
25,975
7,985
35,1021
59,1064
11,1067
68,1076
43,1117
18,1137
34,1149
20,1158
52,1188
83,1196
84,1207
4,1249
87,1256
39,1267
13,1273
72,1291
75,1303
21,1334
1,1345
3,1354
94,1369
95,1384
62,1386
56,1389
23,1416
63,1432
96,1432
86,1485
78,1504
100,1536
99,1567
14,1572
79,1590
73,1596
26,1614
2,1622
93,1658
17,1663
77,1804
9,1823
49,1842
24,1847
64,1889
67,2031
54,2033
81,2073
33,2075
47,2117
8,2146
51,2263
32,2303
5,2354
12,2374
91,2508
61,2529
97,2581
70,2756
65,2762
6,2807
57,2986
85,3033
71,3072
60,3226
36,3268
10,3455
22,3567
80,3690
69,3874
98,3917
46,4223
45,4525

simblock.block.ProofOfWorkBlock@59d88ae7:47
90,0
29,213
88,349
16,421
7,483
15,559
44,565
40,620
53,638
68,692
31,693
92,704
74,754
50,778
58,778
37,827
43,838
55,839
48,888
76,903
82,920
30,920
11,965
19,971
38,973
77,977
42,989
25,993
28,1021
27,1039
66,1057
13,1059
35,1065
89,1112
100,1128
39,1129
41,1131
20,1163
61,1203
91,1204
51,1212
60,1268
97,1275
70,1288
94,1290
49,1290
95,1336
80,1345
9,1361
73,1368
23,1378
14,1388
4,1432
21,1434
65,1491
32,1513
96,1524
6,1527
78,1531
84,1585
59,1594
5,1619
54,1659
33,1695
64,1754
34,1755
47,1829
22,1834
36,1847
17,1884
67,1967
85,1988
62,2016
24,2055
46,2059
72,2074
93,2112
56,2222
10,2287
63,2303
3,2323
83,2344
2,2513
45,2522
75,2538
57,2583
98,2764
87,2806
69,2882
52,2992
8,3108
71,3183
1,3223
12,3410
18,3453
26,3685
99,3715
81,3913
86,4204
79,4507

simblock.block.ProofOfWorkBlock@44e61b54:48
4,0
97,138
77,244
85,277
13,349
56,381
14,439
94,460
47,487
96,491
5,522
49,557
100,565
98,578
64,600
59,600
24,610
70,625
81,630
84,662
36,683
32,695
10,702
9,705
95,705
2,731
63,736
93,768
34,769
72,769
60,803
83,808
21,810
80,825
1,836
39,841
17,851
51,869
18,911
91,916
88,924
54,931
58,947
6,947
52,958
15,993
29,1004
61,1035
68,1040
48,1064
28,1069
27,1099
37,1103
53,1128
76,1136
66,1148
57,1152
43,1166
31,1174
82,1208
38,1275
26,1280
19,1291
69,1349
50,1363
89,1369
73,1385
40,1494
8,1506
75,1507
62,1514
23,1572
20,1587
90,1594
99,1629
78,1699
16,1713
41,1725
42,1814
44,1818
45,1850
87,1901
11,1937
55,1946
25,2036
30,2046
86,2091
35,2167
92,2256
71,2380
7,2479
67,2500
74,2710
46,2832
12,3043
22,3374
3,3726
79,4062
65,4410
33,4761

simblock.block.ProofOfWorkBlock@26b2b26e:48
77,0
26,138
96,245
52,275
100,358
54,379
17,382
21,416
64,463
32,485
61,497
94,527
36,528
1,537
75,551
49,563
34,567
85,592
60,604
9,635
6,640
84,642
91,658
14,660
4,673
47,683
83,697
51,698
2,708
56,711
73,749
57,772
24,778
10,803
70,814
13,853
31,862
28,871
23,876
39,890
63,908
66,912
80,918
27,956
98,959
43,1000
81,1002
97,1018
59,1070
35,1095
19,1096
72,1123
74,1142
25,1173
95,1174
8,1195
11,1218
30,1219
93,1227
18,1278
68,1312
89,1314
46,1314
5,1356
33,1360
37,1367
99,1373
42,1436
92,1448
79,1467
55,1504
53,1591
50,1656
88,1667
15,1725
7,1875
90,1925
65,1943
16,1947
44,2095
38,2145
48,2167
87,2330
40,2362
82,2385
62,2437
29,2579
58,2604
86,2718
12,2772
76,2801
20,3023
45,3104
78,3105
41,3245
22,3434
3,3587
69,3764
71,3933
67,4283

simblock.block.ProofOfWorkBlock@246862a9:49
29,0
19,213
40,347
44,426
15,483
66,560
20,569
31,619
82,645
68,702
48,714
55,716
16,755
30,781
25,782
38,786
53,841
92,849
35,855
90,892
7,920
50,921
41,923
84,930
27,974
58,989
89,998
37,1038
88,1055
42,1060
64,1074
39,1079
76,1120
74,1131
9,1149
59,1163
28,1194
10,1195
23,1202
2,1225
54,1264
43,1269
18,1288
47,1327
52,1345
11,1350
3,1370
95,1375
100,1398
81,1446
91,1450
56,1464
93,1490
78,1493
1,1495
12,1504
36,1514
98,1579
97,1602
73,1631
87,1631
14,1675
96,1690
83,1717
65,1750
67,1750
60,1805
51,1840
75,1856
4,1901
24,1927
61,1955
49,2082
86,2098
32,2128
46,2142
85,2153
26,2184
6,2311
13,2359
94,2383
57,2410
22,2442
33,2564
34,2585
5,2639
45,2690
80,2810
72,2871
8,2991
77,3053
17,3097
70,3280
79,3291
21,3336
63,3510
69,3640
62,3807
71,3941
99,4108

simblock.block.ProofOfWorkBlock@6611548f:50
15,0
92,208
16,342
74,418
48,475
27,558
28,561
44,609
11,632
19,692
66,699
58,744
41,774
76,774
43,777
38,844
82,878
55,904
90,907
31,913
42,922
7,923
73,928
84,968
50,984
89,994
88,1018
20,1063
25,1082
37,1093
14,1103
53,1124
13,1136
72,1138
40,1140
68,1149
17,1150
30,1152
51,1155
81,1196
60,1251
52,1261
97,1266
35,1288
36,1307
77,1330
12,1349
63,1356
57,1361
32,1371
54,1375
87,1383
4,1389
5,1406
23,1422
29,1430
9,1481
1,1494
78,1526
49,1586
39,1593
10,1598
3,1600
21,1603
61,1619
62,1624
70,1650
6,1664
65,1690
22,1800
67,1806
64,1811
47,1819
91,1831
59,1847
33,1858
18,1875
2,1890
71,1927
83,2037
75,2044
26,2073
95,2103
94,2124
100,2270
98,2305
46,2337
96,2352
93,2533
86,2562
34,2582
85,2809
69,2841
56,3036
99,3144
45,3794
79,4093
8,4395

simblock.block.ProofOfWorkBlock@59476c13:50
62,0
20,909
90,1125
35,1259
38,1396
44,1439
31,1531
50,1665
40,1799
7,1966
54,2026
97,2252
94,2480
82,2499
24,2709
21,2854
63,2935
81,2959
56,3073
6,3165
15,3190
4,3392
88,3420
61,3619
96,3643
66,3646
51,3859
89,3864
84,4087
77,4214
99,4309
91,4324
26,4550
3,4643
95,4782
9,4805
71,5106
93,5361
46,5408
1,5930
22,6597

simblock.block.ProofOfWorkBlock@704cf33e:50
37,0
82,214
53,349
29,532
88,665
31,800
42,937
7,1070
73,1300
39,1526
100,1751
70,1984
87,2284
3,2598

simblock.block.ProofOfWorkBlock@52b3b25d:51
9,0
84,137
14,241
95,275
97,346
32,380
94,387
6,427
39,461
80,487
10,491
98,492
63,522
24,526
54,534
52,566
34,567
64,594
13,596
36,601
81,604
93,626
5,641
49,659
61,672
1,701
4,703
51,705
77,713
59,730
23,742
18,749
60,767
17,778
85,805
47,810
30,823
72,854
27,860
15,878
83,888
70,889
56,917
91,919
37,945
100,960
68,974
11,975
16,1008
57,1024
75,1025
29,1045
44,1051
2,1065
19,1075
43,1099
58,1106
96,1129
73,1132
53,1167
76,1194
26,1236
45,1253
42,1275
38,1283
35,1334
55,1354
65,1355
21,1388
74,1391
22,1431
92,1436
7,1493
41,1508
20,1552
46,1573
48,1575
31,1662
90,1726
28,1728
8,1769
25,1774
88,1793
3,1908
89,1944
82,1973
40,2014
33,2119
66,2168
50,2233
62,2310
87,2521
71,2523
12,2567
79,2644
78,2870
67,2918
99,2976
69,3258
86,3651

simblock.block.ProofOfWorkBlock@6c6954fa:52
24,0
94,138
21,248
49,282
26,352
14,386
52,387
57,425
77,456
36,491
4,495
72,502
9,527
95,527
10,529
17,564
54,565
73,602
96,604
63,609
2,633
60,635
98,636
18,637
70,644
39,662
61,666
81,670
59,672
23,673
5,678
91,705
13,712
43,713
32,714
51,738
85,743
56,746
34,756
47,777
84,778
93,783
6,787
75,812
100,817
97,824
83,852
80,853
64,865
42,865
1,896
58,933
27,983
31,1001
74,1009
29,1037
92,1044
38,1070
25,1085
37,1105
82,1129
53,1201
88,1221
48,1231
62,1258
76,1259
8,1264
50,1266
16,1293
44,1310
79,1328
86,1399
66,1446
19,1461
28,1480
30,1483
46,1488
55,1517
12,1588
22,1609
78,1670
20,1671
65,1677
7,1704
68,1734
45,1816
35,1889
90,1923
11,1952
33,1965
15,2108
41,2151
40,2170
89,2331
87,2360
67,2489
69,2507
3,2663
71,2826
99,2994

simblock.block.ProofOfWorkBlock@5a9f6a4c:53
91,0
80,141
84,250
59,286
13,379
34,391
57,393
83,429
60,486
93,496
32,499
56,518
23,531
36,535
70,537
26,581
73,601
17,603
9,604
64,624
24,634
49,636
81,648
5,659
47,675
52,682
63,686
2,706
96,715
54,723
4,730
75,738
98,740
61,746
6,754
94,777
25,778
72,779
18,813
1,821
68,830
21,834
77,860
16,916
97,917
95,925
14,941
19,958
51,966
89,973
82,985
42,996
100,1023
90,1030
85,1032
37,1043
31,1051
41,1067
35,1082
43,1139
10,1144
11,1149
74,1160
76,1182
92,1218
53,1245
39,1253
7,1269
8,1297
3,1311
62,1322
29,1400
65,1415
66,1465
55,1472
99,1486
20,1488
22,1550
78,1570
45,1646
88,1684
48,1694
30,1710
87,1712
46,1881
38,1908
50,1913
44,1939
15,2128
40,2131
28,2157
33,2227
58,2350
67,2468
71,2488
27,2567
69,2806
79,2822
12,3160
86,3548

simblock.block.ProofOfWorkBlock@2d1b01d6:54
13,0
4,138
96,251
77,283
56,356
73,388
34,429
94,430
14,464
98,493
63,493
54,529
100,535
24,535
84,568
85,570
49,587
5,602
1,606
9,613
61,632
83,636
51,637
81,641
18,642
72,673
91,674
36,674
93,686
2,696
6,707
17,710
57,737
80,743
47,745
26,748
97,751
59,778
52,805
23,811
75,847
39,858
60,866
21,888
43,909
31,925
42,940
90,947
10,958
68,977
11,984
95,994
29,1012
53,1027
70,1068
30,1080
50,1089
64,1104
19,1125
48,1160
66,1170
27,1195
38,1202
32,1208
40,1295
92,1312
99,1362
58,1378
46,1396
67,1396
89,1397
69,1416
87,1419
44,1428
28,1431
37,1522
86,1525
7,1533
55,1596
88,1634
74,1650
41,1652
35,1745
45,1750
76,1751
82,1813
71,1964
20,1970
16,2034
8,2076
25,2193
15,2252
78,2311
3,2525
62,2588
79,2859
22,3191
12,3535
33,3881
65,4232

simblock.block.ProofOfWorkBlock@1f81870f:54
86,0
87,239
65,585
90,950
22,1000
37,1002
42,1211
76,1312
30,1345
82,1346
88,1365
8,1410
53,1480
58,1526
15,1558
38,1575
29,1626
28,1663
48,1676
25,1690
16,1693
92,1711
33,1725
66,1727
20,1734
35,1800
44,1827
73,1860
52,1891
40,1945
14,1947
43,2041
75,2056
6,2060
55,2067
70,2097
19,2099
57,2126
64,2136
2,2183
9,2205
49,2205
51,2225
5,2261
95,2284
56,2291
39,2323
21,2356
89,2391
31,2405
27,2405
80,2415
97,2454
7,2463
96,2514
83,2586
36,2588
45,2593
3,2623
54,2648
50,2719
71,2755
74,2774
26,2815
12,2835
24,2881
4,3036
61,3046
77,3086
78,3167
99,3183
69,3209
23,3245
1,3274
59,3463
47,3483
98,3500
11,3597
63,3677
84,3714
79,3799
34,3826
10,3930
46,4099
94,4145
100,4184
62,4283
17,4383
72,4614
60,4653
93,5085
81,5121
85,5593
91,6062

simblock.block.ProofOfWorkBlock@4092dfda:55
25,0
50,214
35,347
16,430
43,481
30,565
20,586
66,623
28,642
89,691
48,704
74,721
29,783
44,783
31,794
11,829
15,839
83,849
76,855
38,857
42,860
58,917
82,925
40,932
92,952
7,989
19,994
37,1014
68,1019
94,1057
53,1067
90,1067
14,1078
77,1083
41,1132
70,1142
27,1152
55,1164
47,1197
88,1201
100,1209
17,1243
5,1272
34,1288
81,1291
95,1298
26,1311
10,1311
32,1364
1,1378
52,1379
54,1399
23,1427
93,1435
13,1449
39,1470
72,1513
2,1518
85,1537
61,1542
79,1566
62,1591
57,1594
56,1606
6,1618
98,1626
63,1661
75,1674
9,1762
97,1771
86,1809
69,1813
21,1819
91,1845
24,1856
96,1894
64,1987
84,1997
80,2046
60,2075
18,2085
67,2099
49,2121
4,2215
78,2255
51,2300
73,2318
87,2339
59,2446
36,2530
22,2556
8,2621
33,2707
71,2831
99,2926
65,2965
46,3228
3,3265
12,3565
45,3867

simblock.block.ProofOfWorkBlock@302bfd9b:56
78,0
12,395
65,706
41,746
99,916
27,964
22,1099
50,1101
66,1103
71,1125
92,1184
3,1311
55,1311
74,1314
38,1317
26,1331
8,1336
15,1396
86,1420
42,1446
20,1449
31,1459
52,1493
79,1523
69,1526
53,1528
28,1539
63,1557
98,1562
19,1580
16,1587
83,1602
48,1615
9,1637
37,1657
88,1659
40,1669
90,1672
51,1680
32,1685
1,1700
54,1707
82,1750
30,1765
6,1786
21,1806
44,1849
29,1857
43,1864
13,1897
72,1911
73,1914
7,1931
56,1979
58,1994
47,2009
64,2014
18,2033
68,2047
70,2137
76,2187
17,2212
24,2212
5,2220
95,2240
57,2270
67,2273
35,2319
80,2365
85,2460
97,2468
2,2497
94,2549
75,2576
81,2582
59,2593
11,2649
100,2659
46,2772
45,2806
33,2847
34,2911
14,2915
49,2938
23,2952
89,2972
10,3108
87,3302
60,3320
62,3370
36,3555
25,3625
91,3986
39,4360
96,4723
93,5085
61,5446
4,5811
77,6172
84,6535

simblock.block.ProofOfWorkBlock@f0bbf1:57
71,0
69,400
12,609
3,794
29,932
82,1136
90,1149
44,1255
19,1282
48,1358
28,1362
16,1417
87,1463
76,1494
74,1496
66,1529
7,1532
15,1550
43,1579
20,1580
38,1632
37,1690
75,1727
1,1737
41,1743
32,1745
68,1771
47,1788
92,1790
31,1827
27,1847
42,1857
73,1873
10,1884
30,1919
64,1958
18,1972
13,1978
2,2025
56,2044
83,2053
9,2088
53,2118
46,2137
95,2199
80,2204
36,2219
54,2220
22,2221
94,2282
81,2282
78,2292
45,2338
34,2429
55,2443
65,2474
62,2492
6,2508
86,2511
24,2586
91,2649
33,2683
8,2685
67,2739
40,2768
79,2796
99,2898
100,2953
26,3014
85,3130
25,3226
97,3317
14,3379
84,3494
50,3555
72,3692
60,3743
49,3857
89,3887
51,4056
17,4110
35,4213
39,4224
21,4431
98,4473
88,4535
59,4587
63,4798
5,4840
11,4859
70,4953
58,5181
52,5205
77,5330
93,5545
57,5567
96,5907
23,5933
4,6268
61,6667

simblock.block.ProofOfWorkBlock@42415a73:57
14,0
94,138
32,243
54,276
13,349
24,380
95,416
9,454
4,484
93,520
73,522
96,559
85,560
49,589
21,625
26,628
60,633
75,663
1,664
36,666
34,703
59,705
77,731
10,731
72,733
98,773
5,773
83,781
91,782
63,784
43,806
57,837
18,841
81,849
70,854
56,867
39,872
84,877
80,886
97,945
74,974
51,979
2,982
64,983
50,993
47,994
23,1003
58,1029
17,1051
11,1076
61,1087
16,1108
100,1192
92,1197
27,1198
99,1207
30,1220
20,1248
28,1271
40,1294
6,1302
19,1320
53,1327
37,1345
69,1388
52,1407
76,1430
88,1439
45,1443
67,1453
15,1468
29,1499
55,1630
46,1661
7,1665
31,1717
12,1768
86,1782
22,1799
38,1857
44,1883
68,1938
48,2077
42,2111
65,2113
8,2131
35,2167
41,2299
90,2357
33,2479
3,2505
82,2517
25,2582
66,2800
62,2862
87,2878
89,3026
79,3195
71,3362
78,3707

simblock.block.ProofOfWorkBlock@6c4fb860:58
6,0
18,140
95,246
83,286
61,352
80,393
100,399
81,430
34,462
39,492
49,498
13,503
26,534
91,539
21,541
24,570
56,570
17,596
5,607
4,609
85,614
94,639
14,644
60,647
73,651
9,663
64,679
97,700
96,713
1,717
23,745
77,755
93,771
36,788
15,789
98,807
54,817
52,823
75,849
70,860
53,880
59,884
47,900
72,926
84,929
32,967
11,983
63,989
40,1009
2,1033
43,1036
10,1097
88,1100
7,1124
31,1154
37,1187
57,1204
68,1205
20,1228
82,1254
19,1262
69,1309
51,1313
35,1372
74,1404
41,1445
71,1464
28,1475
78,1478
44,1494
29,1543
90,1595
67,1651
55,1665
38,1694
42,1711
22,1742
25,1765
58,1812
30,1885
50,1931
76,1987
62,2031
66,2037
3,2078
27,2148
16,2210
79,2226
48,2261
99,2363
92,2380
65,2427
89,2479
46,2541
45,2559
8,2714
87,2817
12,3044
86,3210
33,3389

simblock.block.ProofOfWorkBlock@308a7d51:59
15,0
44,211
88,345
31,427
92,487
89,560
28,570
48,620
20,642
90,695
19,712
74,716
35,761
76,776
37,842
7,847
50,858
29,901
27,913
66,929
11,935
25,972
38,984
59,985
40,994
82,1045
53,1058
55,1062
42,1065
39,1068
91,1077
23,1112
68,1113
43,1121
41,1161
30,1190
75,1195
100,1212
51,1215
97,1222
83,1264
22,1284
64,1287
5,1291
21,1296
93,1308
16,1325
54,1358
78,1433
49,1436
73,1440
1,1442
9,1452
58,1465
95,1521
18,1523
4,1534
65,1551
3,1572
36,1589
2,1694
69,1739
60,1749
14,1761
46,1779
84,1816
67,1886
94,1928
52,1974
70,1990
47,2042
85,2153
98,2204
13,2225
72,2272
80,2385
63,2454
57,2497
86,2501
6,2612
17,2682
81,2736
56,2838
77,2908
26,2968
96,3063
61,3135
10,3197
34,3300
32,3361
87,3491
24,3533
33,3614
12,3791
79,3843
62,3916
8,4145
71,4235
45,4448
99,4535

simblock.block.ProofOfWorkBlock@54346564:59
100,0
80,142
61,249
97,285
95,354
59,392
6,398
47,430
70,459
96,492
18,498
39,504
57,543
2,564
5,599
34,606
9,616
83,640
85,648
21,671
23,699
1,704
93,711
63,721
49,747
56,755
14,768
4,775
10,775
84,809
91,816
98,828
54,862
32,879
94,889
13,917
51,920
75,967
16,971
90,981
26,1003
52,1026
36,1027
24,1031
27,1033
48,1045
64,1075
25,1094
60,1136
7,1188
89,1198
68,1235
72,1241
11,1244
82,1247
88,1256
30,1267
69,1280
78,1301
55,1303
73,1346
71,1362
31,1435
17,1459
28,1464
15,1474
19,1487
41,1521
81,1565
77,1671
44,1699
50,1704
62,1802
46,1852
76,1893
58,1922
92,1929
53,2114
99,2135
38,2141
35,2148
67,2183
40,2331
66,2358
42,2372
79,2474
74,2553
29,2590
37,2772
43,2812
20,3038
22,3103
12,3371
3,3440
33,3722
86,4854

simblock.block.ProofOfWorkBlock@3eb5c77b:60
85,0
14,141
84,248
98,286
97,354
13,391
1,414
63,432
34,461
94,497
73,497
57,525
4,537
61,542
60,565
26,571
83,575
51,600
47,602
9,604
70,637
59,641
24,650
96,651
32,677
17,681
93,705
77,705
54,708
18,713
52,716
36,717
100,742
2,765
92,770
49,781
23,787
21,789
95,804
6,811
64,815
72,820
39,916
16,919
5,919
80,921
81,926
42,938
31,987
58,995
55,998
37,1006
74,1007
10,1020
75,1025
19,1030
56,1129
27,1136
82,1140
91,1145
89,1160
53,1198
28,1205
76,1217
62,1228
8,1291
68,1354
20,1363
44,1384
38,1426
99,1437
25,1440
3,1466
45,1559
40,1582
88,1604
22,1624
11,1648
41,1660
29,1669
65,1703
48,1801
66,1823
43,1867
15,1883
33,1974
90,2047
35,2086
87,2092
67,2133
46,2214
30,2267
12,2463
50,2485
79,2547
7,2708
69,2885
71,3046
78,3265
86,3654

simblock.block.ProofOfWorkBlock@38abec7a:61
10,0
84,144
26,250
85,281
49,358
9,389
72,394
14,429
59,465
91,494
18,499
97,499
51,533
17,537
34,539
1,572
39,599
100,604
21,608
80,609
4,636
60,638
6,642
64,643
83,677
23,684
81,685
61,686
93,709
13,709
94,712
56,741
70,748
15,769
98,783
95,813
54,815
36,817
75,846
5,847
73,890
35,903
66,908
52,921
57,926
47,954
53,973
31,974
32,1006
19,1023
77,1028
96,1033
11,1035
37,1083
2,1112
46,1119
58,1130
82,1130
24,1134
44,1144
43,1181
28,1195
63,1227
50,1252
16,1253
22,1292
74,1309
41,1352
45,1363
8,1376
87,1382
62,1390
89,1446
79,1458
20,1477
7,1570
33,1642
38,1665
48,1697
90,1794
78,1804
88,1883
40,1916
30,2014
68,2116
55,2146
76,2248
42,2335
67,2480
29,2480
27,2554
92,2703
25,2784
69,2812
3,3034
99,3116
12,3145
71,3372
65,3465
86,3538

simblock.block.ProofOfWorkBlock@7d587e00:62
62,0
82,906
37,1116
15,1253
31,1328
53,1407
7,1438
42,1463
30,1465
76,1543
27,1545
88,1599
92,1603
55,1623
90,1655
66,1683
74,1684
48,1684
29,1732
58,1738
41,1756
28,1788
43,1818
16,1819
18,1820
19,1835
40,1839
35,1874
72,1895
25,1902
68,1922
11,1937
89,1956
70,1960
59,1963
44,1977
21,2036
32,2044
98,2046
75,2056
50,2073
84,2095
34,2102
97,2114
38,2117
81,2120
57,2154
23,2179
39,2194
10,2204
9,2234
83,2265
52,2278
64,2289
13,2311
47,2321
80,2329
78,2338
51,2346
49,2347
33,2375
26,2379
73,2425
63,2503
17,2506
20,2510
2,2558
36,2574
79,2600
4,2605
12,2621
100,2655
46,2677
91,2733
24,2790
61,2801
14,2830
69,2911
67,2918
99,2923
87,2951
60,2973
94,3019
65,3055
93,3086
5,3200
8,3219
85,3245
71,3374
54,3435
6,3480
3,3521
77,3658
86,3734
45,3784
1,4233
96,4803
56,5377
95,5947
22,6620

simblock.block.ProofOfWorkBlock@1465e0e5:63
91,0
60,147
13,255
4,290
17,365
100,394
96,396
94,433
80,471
95,500
93,502
54,505
98,542
18,542
70,544
24,574
84,585
64,607
1,610
75,614
34,619
83,644
97,646
26,650
6,656
49,679
63,681
47,687
9,718
14,719
39,730
51,757
81,759
77,759
52,760
10,786
68,807
56,824
57,824
85,835
58,845
36,863
5,864
2,865
16,882
43,915
32,928
72,931
27,953
73,976
76,977
35,1001
90,1021
7,1024
21,1032
61,1036
11,1055
38,1062
41,1082
42,1119
59,1137
23,1140
88,1194
53,1198
92,1202
20,1244
89,1290
46,1323
15,1338
74,1355
55,1378
78,1410
99,1412
66,1414
25,1421
40,1428
67,1438
31,1464
48,1558
29,1600
3,1628
50,1644
37,1654
44,1683
82,1775
19,1817
30,1911
69,1969
8,1985
22,1986
62,2113
28,2142
45,2303
65,2336
87,2373
12,2475
33,2691
79,3161

simblock.block.ProofOfWorkBlock@3627597e:64
1,0
10,144
95,249
59,281
64,358
2,385
13,389
70,425
84,466
49,490
54,494
97,501
51,525
4,528
80,538
47,570
98,595
100,598
9,606
81,611
36,630
17,633
14,635
94,638
75,646
34,647
96,680
93,695
32,700
5,707
57,710
39,720
24,739
91,740
23,766
60,785
26,809
72,812
85,814
77,826
21,846
43,866
50,866
63,903
58,904
73,913
61,917
56,952
29,975
83,1018
53,1020
6,1022
16,1052
40,1083
11,1096
37,1122
30,1122
18,1152
74,1173
35,1198
38,1237
52,1257
19,1293
67,1293
92,1301
15,1317
90,1345
44,1401
71,1413
31,1419
89,1460
78,1462
20,1480
7,1514
66,1537
76,1568
87,1590
12,1627
46,1631
88,1678
55,1707
3,1757
8,1850
62,1905
27,1914
41,1925
69,1971
86,2018
68,2133
48,2147
45,2239
33,2318
42,2351
82,2366
28,2584
22,2652
99,2899
65,3245

simblock.block.ProofOfWorkBlock@2fa42e31:63
62,0
82,917
7,1444
44,1971
20,2501
56,3069
77,3642
95,4220
1,4788
96,5360
93,5931
22,6600

simblock.block.ProofOfWorkBlock@6de3ea2:65
21,0
100,139
24,248
93,353
94,390
49,459
54,498
83,500
60,519
14,534
36,568
18,601
75,619
72,626
51,639
73,675
98,678
91,689
97,690
23,707
57,707
31,726
6,738
9,744
77,749
64,768
52,779
1,804
56,811
10,813
34,816
47,838
44,840
59,849
26,867
43,868
96,870
13,883
39,885
85,917
20,944
5,958
63,965
17,972
30,980
50,1031
7,1059
4,1078
58,1086
48,1092
76,1102
27,1124
68,1135
89,1167
41,1173
84,1186
80,1186
25,1186
19,1199
90,1249
82,1278
81,1293
66,1330
71,1342
11,1355
88,1389
61,1404
33,1432
92,1499
95,1509
79,1520
67,1522
29,1553
38,1577
78,1595
15,1612
2,1616
42,1721
32,1721
28,1774
55,1802
35,1829
70,1844
16,1940
37,2064
45,2108
69,2143
99,2172
62,2275
53,2287
3,2441
74,2511
12,2609
40,2730
46,2955
8,3060
22,3401
65,3752
87,4142
86,4531

simblock.block.ProofOfWorkBlock@2f7dd12c:66
55,0
58,213
38,346
27,427
40,495
50,558
76,561
53,634
31,644
88,695
42,724
66,769
28,773
25,778
92,792
20,833
44,859
15,859
19,904
82,907
43,911
74,952
16,968
7,984
29,993
30,995
59,1026
35,1042
89,1055
48,1119
39,1126
11,1128
41,1129
37,1133
52,1135
4,1181
90,1189
26,1197
72,1252
17,1272
51,1286
65,1346
13,1351
60,1359
54,1362
100,1366
75,1416
14,1417
2,1418
23,1435
3,1443
10,1457
63,1478
95,1506
80,1587
21,1603
91,1606
77,1643
62,1653
61,1683
87,1708
5,1732
79,1783
81,1819
1,1833
34,1834
68,1863
78,1902
67,1951
71,1955
6,1965
46,1987
99,2019
70,2046
93,2058
56,2063
36,2195
9,2273
83,2286
24,2290
96,2423
32,2514
86,2582
8,2591
84,2653

simblock.block.ProofOfWorkBlock@30c90ec3:66
40,0
20,227
68,365
35,440
55,504
7,577
38,581
30,651
90,694
31,719
48,786
28,786
29,830
50,852
36,854
89,880
88,905
44,919
25,923
23,991
66,1028
82,1038
37,1052
15,1057
49,1062
54,1077
10,1084
21,1097
17,1140
74,1162
52,1188
34,1205
85,1208
32,1235
13,1250
77,1279
47,1284
98,1286
75,1289
43,1296
97,1306
2,1310
83,1313
80,1351
45,1387
72,1414
39,1420
58,1431
56,1459
96,1510
18,1516
100,1516
9,1534
16,1553
27,1563
76,1582
5,1639
70,1657
41,1705
93,1741
61,1742
92,1770
95,1777
42,1783
67,1784
11,1790
19,1806
8,1826
1,1883
86,1934
14,1967
26,1969
51,2005
78,2077
60,2114
99,2132
81,2195
57,2213
79,2234
24,2237
53,2261
65,2368
64,2427
12,2432
6,2441
91,2467
73,2669
94,2693
87,2717
84,2899
4,2938
3,3019
59,3127
63,3204
33,3387
62,3505
69,3689
46,3807
71,4116
22,4417

simblock.block.ProofOfWorkBlock@7bbc6adb:67
2,0
80,145
47,253
18,283
10,357
73,388
70,401
83,420
100,463
97,492
63,500
1,508
56,527
6,530
64,569
57,571
59,596
98,605
61,607
85,632
81,632
21,633
49,637
60,650
95,675
13,675
9,677
91,708
17,712
26,713
75,740
23,752
14,761
4,773
52,775
24,775
39,779
5,784
94,811
93,812
32,818
77,820
74,851
30,879
54,884
51,894
29,902
34,920
84,924
37,964
20,969
41,983
96,991
36,1007
82,1051
7,1055
48,1076
28,1109
72,1112
16,1120
53,1138
25,1144
92,1183
50,1186
89,1217
3,1299
55,1300
62,1317
79,1322
15,1334
76,1341
68,1363
58,1376
71,1399
40,1402
90,1436
12,1440
69,1444
33,1471
19,1518
67,1518
11,1553
42,1582
27,1596
22,1629
31,1657
8,1733
43,1772
38,1813
46,1849
35,1875
66,1993
44,2031
87,2035
99,2180
88,2219
86,2425
45,2514
65,2870
78,3216

simblock.block.ProofOfWorkBlock@4292fbcb:68
4,0
100,142
97,247
95,281
77,356
85,384
2,385
96,420
18,464
72,489
75,492
39,493
36,525
6,526
14,528
59,565
60,570
26,596
57,598
83,604
34,607
52,632
49,633
93,636
10,645
23,668
98,674
32,676
21,702
91,709
64,713
24,717
63,737
84,742
51,755
13,787
17,807
47,818
5,847
94,897
16,903
80,924
56,925
30,942
89,946
1,952
66,973
27,979
68,1008
61,1028
9,1032
19,1082
74,1117
58,1121
73,1133
54,1140
42,1163
31,1164
48,1170
88,1191
29,1200
81,1237
78,1268
76,1338
70,1350
71,1355
35,1362
90,1387
38,1399
43,1416
69,1497
20,1561
40,1572
41,1580
28,1618
11,1634
44,1784
53,1789
55,1802
82,1837
15,1852
92,2002
37,2011
46,2140
62,2176
50,2223
8,2352
7,2446
67,2473
99,2512
25,2668
45,2697
12,2999
87,3085
22,3330
86,3503
79,3667
3,3998
65,4353
33,4700

simblock.block.ProofOfWorkBlock@2504d6e:69
14,0
9,144
32,253
61,282
94,358
39,386
26,393
6,422
36,463
83,491
10,516
54,523
56,525
95,527
72,538
98,568
18,576
52,599
57,624
81,629
51,631
49,633
100,641
77,661
1,661
59,663
5,670
73,674
85,675
34,682
96,687
70,712
17,714
80,720
63,733
2,736
24,739
93,766
47,768
13,782
60,793
84,818
75,830
4,838
21,841
91,857
76,859
28,864
55,908
97,926
64,946
23,946
15,985
16,991
25,1004
31,1013
82,1014
11,1055
92,1083
37,1085
35,1143
27,1173
68,1182
3,1220
7,1225
79,1252
41,1302
43,1315
22,1319
99,1336
62,1354
20,1377
38,1391
90,1454
74,1525
65,1529
40,1533
45,1585
58,1604
86,1630
42,1684
87,1708
46,1726
53,1744
48,1754
88,1913
19,1975
69,2074
30,2140
29,2194
89,2367
67,2409
12,2527
66,2590
50,2819
8,2857
44,3037
33,3202
71,3371
78,3719

simblock.block.ProofOfWorkBlock@13631338:70
69,0
3,391
71,608
99,813
82,958
12,1019
37,1136
48,1178
79,1242
29,1281
76,1311
78,1331
44,1343
31,1368
28,1392
15,1444
42,1470
65,1514
90,1525
74,1528
19,1560
16,1578
35,1582
43,1603
87,1607
73,1635
46,1640
20,1667
66,1685
8,1728
18,1754
25,1793
83,1806
64,1809
32,1835
88,1906
94,1934
55,1936
9,1971
27,1983
30,1994
93,2037
86,2045
1,2048
89,2051
34,2066
7,2123
2,2160
41,2230
92,2258
13,2293
62,2335
6,2345
22,2357
38,2373
50,2376
14,2382
45,2464
63,2486
36,2495
80,2524
11,2560
40,2581
56,2709
58,2712
17,2749
33,2782
4,2848
53,2905
47,2922
61,3087
91,3111
26,3209
70,3274
75,3292
57,3473
51,3575
84,3638
10,3657
98,3836
100,3950
49,4002
95,4019
67,4053
81,4209
97,4314
59,4370
23,4571
72,4680
85,4733
96,5044
39,5122
21,5406
60,5485
52,5768
77,5847
24,6134
5,6229
54,6511

simblock.block.ProofOfWorkBlock@5fae8289:70
16,0
50,208
29,345
20,445
88,495
31,557
25,579
66,633
35,689
37,691
43,708
74,717
82,767
76,776
90,824
44,842
30,857
28,901
48,904
27,910
11,928
6,943
77,943
40,963
89,976
42,991
53,1034
68,1040
7,1042
85,1076
19,1098
58,1102
92,1114
41,1133
56,1136
38,1168
4,1173
9,1173
39,1209
55,1266
73,1266
15,1301
1,1326
54,1326
65,1338
10,1344
70,1362
34,1362
51,1400
97,1416
75,1435
32,1491
63,1528
21,1557
47,1575
18,1587
79,1626
45,1639
94,1643
84,1646
100,1660
96,1759
72,1787
36,1801
60,1815
14,1875
95,1875
13,1890
3,1942
23,1973
64,1991
57,2028
67,2034
2,2041
98,2045
91,2102
61,2105
93,2216
17,2258
81,2267
52,2275
24,2327
59,2338
83,2445
5,2484
80,2494
26,2564
86,2566
62,2620
49,2684
69,2786
87,2804
33,2824
46,2988
78,3086
71,3096
99,3108
12,3389
8,3409
22,3700

simblock.block.ProofOfWorkBlock@72bb649:71
78,0
12,383
65,703
41,727
8,914
27,944
50,1080
66,1082
22,1091
99,1127
38,1159
33,1230
55,1293
31,1293
20,1305
95,1310
71,1346
86,1412
92,1426
42,1434
74,1441
54,1454
90,1513
40,1514
53,1525
14,1533
26,1540
3,1543
1,1558
19,1568
16,1580
81,1647
82,1654
70,1656
13,1666
37,1668
35,1676
83,1677
68,1736
69,1748
30,1760
64,1765
24,1793
9,1801
29,1819
76,1826
44,1869
60,1877
48,1885
32,1885
7,1906
98,1978
15,1982
63,1995
87,2011
57,2021
51,2031
56,2046
28,2104
49,2104
59,2110
43,2152
100,2212
23,2216
75,2232
97,2240
2,2247
88,2334
80,2341
34,2347
67,2366
85,2427
18,2473
6,2473
72,2566
62,2613
36,2659
89,2660
21,2699
73,2710
46,2773
79,2866
47,2879
58,2982
45,2999
52,3073
17,3109
11,3315
5,3446
10,3554
25,3652
94,3816
4,4029
84,4391
39,4756
61,5129
96,5501
93,5864
77,6237
91,6618

simblock.block.ProofOfWorkBlock@29897314:72
4,0
18,142
77,248
96,286
60,353
24,393
54,398
1,425
97,459
93,492
81,499
49,503
17,532
21,536
94,563
63,566
85,595
91,599
39,605
83,608
73,638
36,644
5,644
100,668
10,670
23,672
52,674
75,700
64,710
14,711
80,713
98,744
51,763
47,775
32,775
2,785
70,792
56,804
26,817
95,834
38,848
59,858
88,878
29,879
13,879
9,911
34,922
6,941
84,963
53,979
11,984
43,994
61,1022
19,1038
27,1050
72,1058
37,1086
68,1096
50,1100
42,1150
57,1173
71,1180
15,1181
40,1203
99,1215
66,1300
28,1314
25,1328
30,1371
8,1389
41,1392
82,1403
78,1471
87,1486
89,1528
44,1546
86,1572
55,1630
62,1709
67,1722
31,1760
7,1763
16,1848
48,1985
76,1985
69,2040
46,2055
74,2202
58,2209
45,2370
20,2422
35,2427
92,2643
90,2645
12,2975
79,3310
22,3643
3,3977
33,4326
65,4675

simblock.block.ProofOfWorkBlock@1e958c4f:73
96,0
18,138
77,243
49,283
73,347
64,388
4,389
21,430
13,458
51,485
72,493
39,494
2,528
10,535
98,562
93,570
97,594
14,595
100,601
32,638
94,641
9,650
54,655
95,666
5,668
52,674
63,675
56,698
91,706
81,710
85,746
61,756
80,766
17,771
47,773
26,814
60,816
75,828
57,850
19,869
6,870
59,899
23,911
34,918
29,923
70,934
36,956
83,976
53,976
84,1012
88,1018
24,1022
43,1025
25,1033
27,1097
1,1120
28,1145
37,1152
68,1178
31,1194
30,1240
20,1254
41,1316
67,1326
16,1339
92,1369
71,1378
46,1389
40,1401
35,1418
44,1458
76,1475
87,1481
82,1558
86,1606
38,1624
90,1646
65,1665
50,1684
74,1692
8,1709
78,1724
58,1776
11,1844
66,1865
48,1998
22,2014
79,2029
89,2089
99,2178
42,2217
69,2345
33,2379
55,2435
15,2652
45,2683
7,2869
62,3207
3,3542
12,3872

simblock.block.ProofOfWorkBlock@41fffaea:74
82,0
15,228
53,363
88,449
48,501
55,577
29,601
44,639
89,668
31,718
28,720
58,738
76,773
40,801
90,811
30,884
7,893
37,910
74,935
20,937
39,944
66,950
42,957
38,960
23,995
68,1020
35,1023
16,1044
27,1075
19,1083
21,1088
41,1093
43,1097
4,1141
50,1149
92,1158
100,1173
25,1177
60,1186
70,1223
1,1271
11,1283
96,1292
52,1302
9,1319
59,1323
54,1326
83,1327
98,1329
77,1371
51,1383
94,1389
72,1401
61,1450
95,1519
97,1557
36,1559
73,1562
32,1605
34,1616
81,1630
65,1635
71,1635
18,1678
78,1682
93,1749
67,1772
49,1783
63,1789
13,1833
24,1845
33,1885
86,1968
64,1976
17,2012
47,2018
91,2062
56,2085
46,2185
75,2216
5,2238
26,2244
85,2316
10,2479
62,2511
22,2539
80,2541
84,2705
6,2770
69,2813
14,2935
2,3015
79,3115
57,3165
45,3315
3,3424
87,3456
8,3723
99,3758
12,4066

simblock.block.ProofOfWorkBlock@71647430:75
72,0
100,159
70,264
61,299
95,378
59,401
21,406
9,436
26,491
47,505
81,511
96,519
34,542
24,544
39,556
14,582
2,595
52,624
4,633
85,639
10,649
93,650
56,661
63,663
1,680
94,688
54,708
5,729
58,741
60,749
83,756
49,759
97,783
75,794
13,834
18,837
77,853
36,865
6,891
57,896
91,911
64,942
84,942
32,958
44,960
25,977
7,996
16,1002
98,1006
89,1022
23,1025
17,1046
80,1066
11,1095
68,1135
41,1173
73,1174
28,1184
51,1197
15,1221
50,1224
31,1239
71,1339
78,1368
55,1390
76,1396
38,1402
88,1417
20,1447
82,1608
37,1615
48,1620
90,1636
42,1670
67,1672
40,1837
30,1840
53,1853
43,1888
62,1951
74,2059
27,2080
19,2109
69,2182
99,2285
29,2302
92,2340
8,2391
46,2517
66,2560
79,2618
3,2632
45,2723
35,2781
87,3035
22,3076
12,3112
65,3431
33,3459
86,3836

simblock.block.ProofOfWorkBlock@16f55411:76
23,0
36,138
57,246
2,278
17,350
51,384
98,385
100,415
32,489
61,498
21,503
80,523
63,531
73,543
60,554
48,569
83,596
75,608
49,610
47,628
39,638
85,641
24,645
4,664
18,671
56,681
97,700
81,719
9,723
10,733
6,744
13,749
93,751
94,757
70,769
59,777
82,786
1,794
84,806
14,824
72,842
96,844
20,869
26,873
35,873
71,901
52,929
5,946
91,954
27,979
50,981
77,981
16,1013
34,1037
74,1039
95,1051
54,1060
25,1089
92,1091
31,1101
64,1164
53,1200
90,1257
7,1265
44,1279
86,1297
46,1314
12,1320
41,1330
79,1351
69,1377
15,1382
37,1425
99,1439
3,1444
42,1487
88,1488
62,1497
89,1498
43,1605
33,1666
78,1685
29,1705
55,1705
8,1757
45,1775
11,1825
28,1924
66,1926
22,2090
38,2141
30,2149
40,2361
68,2371
87,2477
58,2580
65,2734
67,3356

simblock.block.ProofOfWorkBlock@3cacdd11:77
100,0
60,1576
73,1681
1,1719
77,1785
91,1825
54,1836
63,1863
95,1893
34,1928
93,1930
75,1943
13,1970
94,1978
80,1998
98,2013
24,2032
5,2033
47,2039
51,2047
85,2070
18,2090
21,2107
14,2109
83,2117
49,2118
52,2138
64,2144
39,2146
31,2150
56,2166
36,2177
81,2216
6,2246
84,2248
9,2257
57,2266
10,2275
59,2290
68,2307
72,2321
88,2333
16,2347
50,2365
89,2368
96,2386
2,2435
23,2456
55,2465
43,2474
90,2482
97,2490
11,2491
15,2507
66,2511
19,2523
4,2542
28,2545
29,2550
41,2571
58,2586
44,2588
25,2590
17,2653
48,2686
92,2716
61,2758
20,2787
27,2792
30,2806
7,2807
62,2826
33,2857
46,2864
32,2875
78,2882
82,2905
35,2938
67,2976
70,2982
38,3023
42,3031
26,3099
79,3126
99,3242
40,3317
69,3358
12,3362
37,3536
71,3692
53,3764
76,3983
74,4205
22,4542
3,4873
8,5207
45,5538
65,5883
87,6274
86,6667

simblock.block.ProofOfWorkBlock@bbb8e85:77
92,0
74,211
19,347
50,422
27,482
11,559
66,567
88,615
20,634
31,696
28,700
29,705
15,753
16,769
43,772
42,794
41,829
76,835
55,839
40,844
37,845
38,904
53,913
7,916
58,962
30,969
44,973
93,979
35,979
82,980
89,988
25,1040
49,1049
48,1050
36,1067
68,1073
90,1125
80,1187
5,1195
64,1199
95,1206
98,1208
83,1208
81,1214
23,1215
85,1247
77,1271
2,1276
21,1298
1,1333
75,1350
60,1421
32,1421
17,1429
9,1432
4,1435
54,1442
96,1474
84,1497
3,1512
24,1526
65,1547
47,1578
34,1647
70,1648
91,1661
51,1673
87,1720
14,1722
18,1754
13,1810
10,1877
56,1880
94,1905
59,1908
97,1948
67,2029
39,2039
45,2060
63,2103
52,2105
6,2131
73,2138
78,2200
57,2265
72,2345
26,2364
62,2426
33,2458
100,2499
61,2595
79,2645
71,2726
22,2765
86,2792
69,2896
12,3066
46,3104
99,3198
8,3500

simblock.block.ProofOfWorkBlock@2c859a60:78
53,0
37,209
16,349
42,426
31,483
7,562
28,568
55,621
58,643
29,697
76,702
66,705
82,755
48,780
90,783
40,829
88,833
15,844
44,846
30,855
74,913
77,916
25,920
68,923
19,974
81,982
20,983
38,990
41,1002
43,1048
89,1056
73,1059
35,1109
27,1117
50,1125
10,1145
26,1152
11,1158
92,1194
1,1198
2,1210
72,1216
94,1229
75,1262
95,1273
23,1279
70,1285
85,1334
18,1344
83,1350
13,1354
51,1358
4,1378
57,1379
71,1411
100,1442
9,1461
21,1498
99,1553
6,1563
5,1575
78,1577
49,1583
87,1590
54,1607
65,1611
62,1670
39,1671
32,1693
17,1727
97,1789
91,1805
96,1811
59,1834
3,1890
93,1900
67,1989
12,1996
47,2019
34,2032
63,2048
14,2059
80,2127
84,2250
60,2263
64,2274
61,2296
33,2383
36,2476
56,2493
79,2599
69,2685
98,2726
22,2783
52,2953
46,2987
45,3086
24,3188
86,3479
8,3779

simblock.block.ProofOfWorkBlock@20cc97f7:79
78,0
12,389
65,714
41,741
99,942
66,959
50,1087
27,1104
22,1124
71,1166
42,1173
74,1304
55,1313
31,1315
26,1335
79,1342
8,1380
37,1384
20,1439
86,1446
16,1449
52,1483
90,1515
40,1532
47,1534
29,1542
3,1556
95,1560
69,1568
38,1575
19,1584
83,1588
70,1591
7,1615
9,1629
28,1648
54,1663
15,1670
53,1671
1,1676
89,1704
48,1728
82,1749
68,1758
30,1790
6,1797
59,1812
56,1813
24,1816
72,1816
43,1853
13,1878
92,1882
51,1955
73,1976
85,1981
64,2022
35,2027
60,2038
18,2048
67,2156
76,2177
44,2220
10,2246
97,2259
2,2279
87,2350
81,2399
98,2431
63,2486
21,2504
94,2541
75,2584
88,2696
17,2697
80,2729
23,2763
46,2787
14,2882
34,2909
49,2947
57,2963
11,3018
5,3129
100,3143
32,3206
58,3344
62,3372
33,3461
36,3589
25,3675
45,3761
91,4036
96,4407
4,4768
77,5129
39,5490
93,5855
84,6220
61,6582

simblock.block.ProofOfWorkBlock@ac15bb2:79
77,0
100,160
81,270
4,377
96,483
18,517
64,595
32,631
26,704
60,743
34,810
94,862
39,915
97,969
24,1054
9,1062
13,1077
56,1170
84,1274
42,1279
76,1300
95,1411
52,1415
7,1499
1,1516
61,1522
20,1522
91,1622
17,1677
85,1726
44,1732
37,1740
74,1759
98,1829
10,1831
57,1936
63,1937
50,1951
28,1968
25,1977
6,2043
40,2159
30,2171
41,2185
92,2195
27,2261
55,2380
53,2403
19,2483
62,2509
3,2529
48,2598
38,2703
67,2734
88,2822
69,2839
79,2865
66,2924
43,3142
22,3177
33,3212
86,3213
29,3379
45,3510
65,3559
35,3597
12,3840
8,3932

simblock.block.ProofOfWorkBlock@3d9055fe:80
6,0
61,141
18,248
34,358
4,388
95,467
59,494
83,496
56,571
36,600
72,603
84,609
10,633
93,634
54,709
5,714
73,715
77,718
70,738
21,740
64,747
57,766
75,776
30,791
49,816
52,821
91,822
85,842
14,847
47,874
26,874
24,893
96,922
2,930
51,947
23,952
41,1010
80,1027
1,1035
81,1054
53,1081
16,1091
60,1168
68,1176
37,1210
20,1228
89,1244
82,1253
32,1273
88,1298
11,1303
46,1320
13,1382
22,1397
67,1446
55,1447
58,1462
28,1470
94,1489
71,1534
17,1540
39,1645
69,1655
15,1666
31,1680
87,1688
78,1724
25,1730
100,1752
62,1810
86,1836
97,1859
40,1895
90,1908
7,1947
9,1963
63,2077
99,2141
98,2181
74,2195
79,2227
38,2401
3,2525
45,2561
44,2631
19,2848
65,2873
76,3069
29,3288
42,3507
48,3728
92,3952
35,4177
66,4396
27,4625
50,4848
43,5069
8,5401
12,5731
33,6092

simblock.block.ProofOfWorkBlock@4b2e5eeb:81
48,0
35,213
28,350
68,425
15,486
7,562
20,563
82,620
40,638
58,695
16,699
55,726
90,755
31,775
37,793
92,829
53,837
74,844
25,859
27,904
50,909
36,914
66,924
19,949
88,969
96,983
43,986
30,995
42,1039
77,1050
11,1056
29,1109
75,1117
76,1119
38,1131
59,1132
26,1135
10,1142
41,1174
83,1189
89,1189
95,1211
5,1223
1,1243
44,1253
64,1283
94,1334
13,1335
100,1357
9,1363
4,1369
49,1369
32,1401
69,1418
47,1436
65,1453
72,1474
39,1487
78,1501
14,1508
6,1563
51,1597
98,1598
63,1601
60,1633
70,1661
52,1702
21,1719
93,1757
80,1791
97,1824
23,1891
22,1902
45,1908
91,1945
67,1957
33,2010
34,2018
73,2052
61,2120
17,2173
71,2210
2,2245
54,2284
62,2304
18,2353
85,2470
24,2510
57,2581
87,2595
56,2701
99,2815
84,2828
3,2896
79,3003
81,3054
8,3117
86,3355
46,3421
12,3721

simblock.block.ProofOfWorkBlock@6da7fd5b:82
84,0
91,140
96,246
60,291
32,351
18,390
17,397
93,438
10,456
64,488
77,497
80,505
6,529
75,539
4,547
85,561
24,582
26,594
59,601
2,610
81,629
83,634
34,638
54,643
100,656
95,668
56,682
94,692
14,699
73,710
21,718
68,728
52,737
97,738
49,739
70,746
23,747
47,749
63,804
39,806
98,814
72,844
36,853
61,865
38,875
13,910
92,937
25,937
30,946
51,958
41,978
57,1015
66,1027
15,1038
74,1040
5,1069
35,1071
19,1089
89,1097
1,1120
37,1135
53,1156
44,1171
9,1227
27,1248
16,1258
99,1274
90,1290
43,1290
29,1306
8,1321
22,1323
7,1392
33,1420
78,1425
45,1428
20,1452
82,1480
11,1510
76,1526
87,1545
46,1585
31,1609
55,1673
42,1719
28,1827
65,1877
50,1909
58,1939
88,2132
79,2172
62,2276
40,2352
71,2504
48,2574
3,2608
12,2907
67,3258
69,3590
86,3978

simblock.block.ProofOfWorkBlock@6d5bd310:82
31,0
76,216
44,351
28,428
27,487
58,562
15,586
20,626
16,643
74,702
92,706
30,721
53,771
43,792
42,819
82,836
50,839
41,844
7,855
29,906
90,927
55,964
40,977
38,980
19,989
37,1041
66,1042
25,1053
93,1065
48,1071
35,1113
88,1130
96,1198
68,1202
10,1206
98,1267
4,1290
95,1296
51,1345
89,1353
32,1355
78,1417
94,1424
72,1442
49,1454
75,1467
24,1496
21,1516
39,1522
3,1529
84,1574
80,1581
23,1591
2,1633
9,1650
59,1676
47,1680
91,1724
81,1752
70,1807
97,1808
73,1876
64,1902
36,1907
87,1937
26,1978
34,1981
77,2034
6,2036
12,2182
17,2204
60,2209
45,2214
13,2262
1,2435
63,2440
14,2489
65,2497
69,2513
85,2660
18,2665
33,2770
56,2891
83,2893
11,2924
62,3065
5,3124
57,3125
52,3355
100,3362
99,3366
54,3580
61,3591
71,3668
86,3884
46,3898
8,4190
22,4198
79,4498

simblock.block.ProofOfWorkBlock@3b12ab93:83
66,0
19,224
55,359
44,434
42,510
29,568
53,572
82,645
30,646
38,707
92,710
37,726
7,784
41,786
90,791
35,840
76,858
43,863
50,920
16,920
31,922
27,931
47,936
40,977
48,993
59,999
74,1000
68,1011
25,1054
20,1055
88,1056
83,1061
81,1069
11,1076
58,1136
89,1137
64,1163
15,1204
73,1208
75,1224
54,1225
72,1291
52,1291
57,1297
39,1302
28,1339
9,1342
94,1353
78,1359
51,1363
97,1366
17,1388
56,1449
10,1458
23,1488
26,1525
24,1526
100,1528
4,1567
86,1589
60,1595
96,1600
12,1643
3,1758
80,1761
13,1795
1,1823
95,1829
46,1844
36,1987
77,2023
5,2055
79,2060
65,2081
67,2141
61,2215
93,2254
6,2286
8,2384
2,2442
34,2481
49,2515
21,2672
70,2711
98,2742
18,2899
91,2937
84,2969
14,3124
63,3162
85,3196
32,3354
62,3462
22,3496
33,3611
99,3763
69,3805
87,3904
71,4069
45,4214

simblock.block.ProofOfWorkBlock@27f56b87:84
75,0
97,141
17,251
80,283
93,360
23,394
47,394
2,440
73,465
72,504
64,506
24,510
36,533
1,534
18,545
5,582
100,609
54,612
83,617
70,638
13,648
59,649
94,653
14,672
63,678
74,682
6,699
51,704
91,713
21,723
85,730
81,750
34,755
77,758
32,759
84,784
52,794
95,809
98,814
96,821
26,838
39,871
49,899
40,900
60,904
10,913
61,944
37,948
48,978
53,978
31,999
89,1041
9,1049
30,1099
90,1117
68,1119
16,1122
43,1134
56,1158
58,1201
4,1263
44,1264
8,1283
45,1312
25,1320
82,1339
42,1345
11,1352
57,1367
86,1389
69,1408
66,1422
22,1436
76,1482
79,1485
92,1565
55,1588
15,1640
78,1669
99,1669
28,1702
7,1786
35,1822
88,1892
29,1929
33,2015
20,2042
27,2113
62,2132
19,2148
41,2264
38,2335
12,2467
71,2480
50,2484
65,2825
3,2825
87,2856
67,3174
46,3511

simblock.block.ProofOfWorkBlock@556989cd:85
86,0
87,249
65,578
76,943
22,971
19,1006
28,1151
44,1219
82,1295
90,1311
25,1322
66,1368
16,1370
92,1372
8,1396
15,1432
58,1438
29,1507
53,1509
40,1539
35,1543
38,1588
27,1590
42,1622
55,1641
39,1643
1,1663
31,1674
30,1675
14,1708
20,1721
88,1732
68,1762
41,1767
75,1790
18,1804
9,1835
51,1865
49,1866
54,1874
52,1889
56,1930
13,1940
24,1999
96,2016
5,2031
74,2037
97,2047
89,2048
73,2095
7,2101
70,2101
64,2124
98,2125
45,2138
6,2160
32,2167
2,2230
3,2322
95,2330
26,2350
11,2350
78,2367
50,2370
80,2396
48,2399
37,2472
67,2477
47,2574
57,2576
33,2649
77,2731
43,2763
61,2809
12,2855
71,2953
4,3019
21,3038
34,3100
69,3229
85,3231
99,3254
83,3263
17,3466
59,3467
79,3567
72,3699
84,3704
46,3869
62,3917
10,3918
60,4173
93,4174
36,4366
94,4643
23,4643
81,5113
63,5113
100,5582
91,6051

simblock.block.ProofOfWorkBlock@3fbe578a:86
99,0
79,396
12,614
46,795
3,836
78,931
65,1118
76,1134
44,1158
45,1197
69,1225
8,1329
31,1342
30,1367
27,1457
28,1476
35,1483
22,1506
19,1510
53,1534
71,1546
29,1563
37,1581
43,1582
67,1603
48,1690
57,1703
80,1738
42,1789
41,1806
86,1831
18,1837
23,1850
20,1858
87,1871
7,1904
98,1904
1,1933
66,1938
34,1967
40,1973
9,1987
2,2070
15,2116
11,2130
17,2163
73,2185
13,2193
58,2197
16,2207
68,2262
60,2277
36,2282
14,2349
82,2438
33,2447
88,2452
50,2523
38,2541
94,2546
55,2592
72,2640
64,2736
62,2748
90,2762
92,2781
89,2853
74,2868
5,2963
21,3004
91,3128
95,3148
25,3182
83,3230
54,3368
81,3492
10,3511
96,3544
70,3596
51,3729
59,3858
24,3882
39,3920
32,3959
100,4092
85,4224
49,4245
61,4284
97,4334
52,4453
6,4588
47,4611
93,4646
26,4829
63,4952
75,4985
84,5019
4,5317
77,5384
56,5681

simblock.block.ProofOfWorkBlock@42d82e74:87
66,0
41,228
19,363
58,446
42,498
44,579
27,583
16,633
15,662
37,715
92,718
55,767
82,793
76,796
6,816
38,818
53,849
29,857
48,876
25,906
74,936
31,936
40,980
50,982
77,997
35,1010
94,1022
85,1043
30,1044
20,1045
90,1072
28,1074
72,1074
17,1085
43,1129
11,1166
68,1205
7,1207
100,1211
49,1211
51,1221
54,1224
56,1243
9,1254
89,1260
5,1262
95,1276
14,1280
75,1286
52,1288
47,1315
88,1343
23,1375
83,1437
10,1454
65,1476
84,1492
73,1500
63,1505
2,1508
1,1515
69,1524
8,1542
91,1570
59,1698
81,1730
97,1734
24,1739
22,1796
4,1796
86,1807
93,1939
70,1957
26,1959
36,1964
34,2024
67,2086
60,2185
64,2189
18,2196
3,2250
13,2258
96,2410
98,2419
57,2421
79,2550
62,2552
39,2645
80,2647
12,2714
71,2853
32,2872
78,2903
21,3097
99,3205
61,3327
46,3512
33,3579
87,3873
45,4172

simblock.block.ProofOfWorkBlock@419ec4e4:87
77,0
96,139
64,251
17,284
39,358
98,388
97,390
4,467
84,494
32,499
52,499
63,527
54,544
81,580
59,598
72,604
56,610
94,620
57,631
91,648
85,649
83,673
34,692
13,706
2,711
61,715
60,730
70,742
10,748
5,750
47,758
49,769
100,799
9,819
1,820
6,851
21,856
14,856
36,860
80,862
93,871
23,886
26,905
95,926
27,937
51,955
75,973
66,981
88,981
24,1010
68,1019
73,1032
53,1062
43,1079
29,1134
18,1140
19,1157
20,1190
40,1201
7,1231
31,1298
79,1308
74,1314
16,1360
25,1376
30,1452
35,1516
46,1524
37,1531
87,1533
48,1590
86,1593
41,1602
33,1661
44,1672
99,1710
38,1738
28,1756
58,1818
42,1894
8,1933
89,1956
15,2042
67,2089
50,2113
76,2175
55,2264
65,2279
11,2397
62,2456
82,2482
90,2615
69,2793
3,2815
92,2838
12,3123
71,3179
22,3454
78,3533
45,3786

simblock.block.ProofOfWorkBlock@667c70c5:88
34,0
51,138
36,249
2,276
77,356
23,388
83,400
100,412
85,460
52,493
4,498
72,506
64,519
17,537
63,539
60,562
56,579
26,602
21,606
97,608
73,612
47,635
57,643
94,648
18,648
1,658
54,661
61,670
98,676
81,686
75,700
96,707
84,714
14,715
10,740
93,757
32,776
59,798
91,807
39,811
49,820
20,829
13,844
5,844
9,862
48,875
70,895
6,908
24,916
95,949
41,950
19,997
27,1001
80,1019
28,1025
55,1038
30,1049
38,1051
76,1079
35,1091
40,1116
50,1134
11,1167
71,1216
82,1223
89,1246
44,1254
88,1259
92,1267
58,1273
79,1282
16,1301
74,1336
42,1355
43,1393
67,1435
99,1453
66,1476
15,1484
29,1525
53,1553
7,1572
3,1603
86,1608
78,1627
68,1700
31,1703
25,1742
37,1774
62,1916
90,1928
45,1933
22,2034
46,2081
87,2168
69,2250
65,2274
8,2365
12,2603
33,2710

simblock.block.ProofOfWorkBlock@143d340c:89
74,0
11,213
28,347
43,430
92,489
7,561
76,626
88,642
44,695
98,700
15,703
50,767
68,777
25,780
16,830
58,834
27,837
10,839
38,887
89,914
90,917
37,918
35,921
63,945
49,956
48,967
82,969
19,977
66,995
40,995
20,1001
53,1047
29,1055
30,1055
42,1057
31,1106
36,1131
77,1146
81,1148
41,1185
32,1191
54,1194
51,1206
2,1207
97,1260
100,1281
9,1285
6,1287
18,1324
52,1337
24,1358
64,1373
94,1377
55,1407
70,1419
5,1426
59,1435
71,1493
23,1504
99,1506
4,1507
78,1514
34,1516
65,1539
85,1565
60,1571
72,1587
96,1599
61,1602
17,1649
26,1670
57,1735
56,1745
1,1790
12,1810
80,1812
14,1826
95,1877
93,1897
22,1906
39,1965
83,2015
45,2046
84,2048
67,2076
33,2099
21,2111
73,2125
13,2194
79,2315
91,2341
62,2392
47,2424
8,2425
75,2661
87,2700
69,2724
86,2958
3,3000
46,3259

simblock.block.ProofOfWorkBlock@25188642:90
68,0
7,213
40,351
44,424
35,484
28,566
29,581
31,632
90,700
25,704
49,712
55,715
82,766
16,779
38,837
37,844
27,848
20,849
94,856
19,899
43,915
66,917
58,922
63,948
85,963
48,971
53,986
88,1033
50,1050
74,1050
92,1057
5,1069
57,1070
75,1080
89,1133
42,1152
15,1171
36,1173
76,1183
41,1193
1,1199
98,1199
11,1204
47,1208
52,1216
23,1219
26,1300
65,1304
100,1305
83,1305
30,1305
51,1351
54,1402
2,1407
21,1411
97,1430
60,1444
79,1506
22,1507
96,1525
72,1537
59,1539
17,1539
78,1628
39,1637
91,1641
18,1656
56,1676
4,1756
34,1769
6,1771
95,1863
10,1869
9,1889
67,1889
86,1968
81,1991
80,1994
73,1996
24,2117
45,2189
64,2216
70,2220
61,2235
46,2419
93,2442
13,2449
84,2463
14,2674
32,2681
12,2724
69,2765
77,2902
71,2980
8,3028
33,3162
99,3288
62,3458
87,3754
3,4059

simblock.block.ProofOfWorkBlock@183899d:90
82,0
44,228
37,362
76,498
7,578
48,632
74,713
31,714
16,766
35,847
42,850
28,854
15,921
92,927
90,981
88,985
58,990
53,1056
66,1059
11,1068
29,1133
50,1206
84,1209
83,1220
96,1282
59,1340
30,1345
32,1347
70,1361
85,1446
47,1451
9,1453
63,1490
72,1501
64,1518
91,1562
13,1573
14,1589
73,1589
97,1598
2,1664
52,1672
18,1682
56,1713
94,1730
51,1731
93,1748
40,1782
100,1817
54,1817
27,1831
36,1836
80,1839
24,1897
81,1908
23,1920
25,1950
75,1977
19,1998
20,2003
60,2005
77,2044
39,2047
38,2050
89,2077
4,2135
34,2200
95,2220
41,2238
55,2239
10,2272
87,2343
17,2367
71,2435
62,2513
67,2571
65,2592
1,2597
78,2781
3,2816
21,2822
45,2888
12,2908
26,3050
69,3130
99,3226
61,3279
5,3285
79,3429
57,3507
8,3729
98,3740
86,4031
46,4331
22,4648

simblock.block.ProofOfWorkBlock@14869f1b:91
59,0
13,141
80,246
14,277
83,351
97,385
21,395
9,416
10,456
93,493
63,494
64,512
94,528
24,536
75,556
17,559
34,561
1,595
18,597
49,601
32,617
85,644
52,660
77,662
54,665
60,665
39,667
96,672
6,699
23,708
73,708
4,722
26,737
36,748
72,766
47,772
70,786
100,815
84,826
51,842
98,860
61,877
28,891
2,920
95,932
68,940
81,948
31,980
82,988
19,1006
43,1020
30,1033
56,1036
57,1055
5,1066
7,1079
11,1080
48,1082
55,1096
91,1147
15,1150
37,1170
45,1228
92,1253
99,1276
76,1278
89,1302
20,1314
62,1326
8,1341
44,1364
53,1374
40,1471
16,1504
90,1520
35,1533
74,1584
58,1593
65,1622
86,1653
12,1661
42,1695
29,1724
41,1758
88,1816
71,1863
50,1913
66,2038
87,2054
3,2096
25,2141
78,2209
38,2257
27,2359
67,2427
79,2694
46,3027
69,3362
22,3693
33,4038

simblock.block.ProofOfWorkBlock@1834edf6:91
86,0
87,242
65,580
90,946
37,995
76,1309
66,1358
31,1671
19,1724
43,2039
7,2093
74,2402
88,2455
48,2772
69,2829
12,3201
23,3241
63,3687
100,3717
93,4157
84,4188
94,4625
85,4657
72,5092
60,5125
81,5595
91,6064

simblock.block.ProofOfWorkBlock@1d6a0021:92
97,0
47,137
26,242
1,281
75,349
32,382
81,387
95,423
73,453
24,489
2,492
17,498
14,527
39,529
84,533
85,557
6,568
93,594
51,597
70,599
94,627
13,638
60,640
23,644
5,663
98,666
49,694
63,700
21,705
96,745
91,750
59,752
34,770
83,807
57,809
88,820
82,843
66,871
36,876
18,885
10,912
54,915
37,933
89,974
11,989
100,1018
25,1020
56,1026
48,1038
16,1077
44,1095
62,1097
43,1100
28,1105
77,1126
80,1132
68,1177
15,1192
33,1212
64,1237
52,1237
42,1241
19,1260
8,1307
58,1318
53,1320
4,1342
72,1343
69,1358
12,1366
31,1417
61,1450
22,1453
74,1478
9,1555
27,1555
76,1561
87,1609
79,1653
41,1772
38,1786
99,1823
7,2003
55,2004
86,2046
45,2154
40,2220
35,2222
30,2440
20,2441
65,2504
50,2659
90,2667
78,2850
92,2893
3,3009
29,3112
67,3341
71,3445
46,3672

simblock.block.ProofOfWorkBlock@29b00185:93
82,0
48,210
53,345
35,428
16,483
55,560
90,563
44,629
20,649
50,691
28,696
31,697
15,765
7,773
40,781
25,783
29,832
37,901
74,907
19,914
27,916
47,926
38,927
80,927
43,936
66,967
92,986
76,1038
58,1057
30,1066
88,1105
32,1121
11,1123
42,1134
36,1143
41,1150
94,1153
61,1155
89,1159
100,1166
59,1184
56,1185
21,1195
68,1207
2,1255
96,1264
10,1269
85,1285
49,1332
4,1349
1,1377
51,1378
81,1390
39,1398
60,1425
24,1432
78,1443
93,1496
6,1512
65,1521
63,1563
34,1584
87,1592
26,1612
84,1618
72,1624
97,1672
75,1723
17,1738
83,1796
91,1813
52,1837
57,1844
33,1877
98,1900
64,1959
5,1966
77,2044
14,2063
23,2071
73,2129
46,2177
95,2188
67,2230
45,2266
13,2295
70,2298
9,2358
62,2484
18,2525
54,2585
22,2585
71,2611
8,2784
86,2818
12,2886
79,3086
99,3190
69,3386
3,3687

simblock.block.ProofOfWorkBlock@647532f4:93
7,0
68,211
28,344
35,422
44,477
40,566
90,632
37,777
49,794
4,1003
10,1020
91,1233
63,1246
64,1460
54,1472
93,1688
36,1701
77,1915
45,2004
96,2142
26,2370
57,2596
81,2823
14,3052
33,3308
87,3598
62,3899
3,4221

simblock.block.ProofOfWorkBlock@51a2b576:93
100,0
72,138
81,249
54,282
2,356
34,390
18,393
97,424
70,464
39,496
51,502
6,527
94,528
49,536
73,569
57,569
64,609
56,613
85,633
96,640
21,673
9,684
23,709
24,721
10,723
59,738
13,750
20,761
4,778
75,799
84,814
36,828
29,828
14,834
1,857
89,878
77,885
91,890
98,924
47,934
52,941
15,958
42,980
80,1002
55,1019
5,1049
90,1053
92,1067
82,1095
66,1098
26,1107
19,1144
83,1154
44,1180
35,1198
60,1212
41,1238
27,1273
69,1301
16,1318
17,1322
38,1377
28,1417
95,1427
50,1457
88,1496
61,1531
25,1537
48,1595
30,1635
32,1641
78,1698
62,1707
67,1798
43,1820
31,1857
53,1861
7,2038
12,2040
68,2079
74,2080
46,2138
58,2263
37,2300
76,2517
71,2603
40,2734
79,2938
3,3067
33,3283
45,3399
8,3735
22,4068
65,4419
86,4807
87,5194

simblock.block.ProofOfWorkBlock@6fb69f5f:94
71,0
69,401
12,611
3,827
65,930
44,950
78,1112
55,1149
19,1165
29,1276
7,1304
8,1329
22,1337
66,1367
28,1444
82,1476
90,1495
38,1506
99,1539
42,1566
31,1598
20,1601
68,1617
16,1628
86,1658
43,1672
27,1726
15,1741
95,1745
41,1793
40,1802
48,1805
2,1854
83,1858
11,1871
37,1894
30,1927
79,1943
76,1943
75,1961
32,1967
6,1973
1,1985
74,2077
18,2093
9,2097
56,2105
10,2105
53,2127
94,2194
35,2200
13,2209
46,2219
21,2257
45,2277
17,2291
34,2434
92,2456
50,2528
73,2555
47,2555
100,2620
23,2657
80,2667
67,2696
87,2779
88,2852
33,2926
51,2984
64,3004
5,3020
59,3141
58,3186
62,3218
63,3347
57,3389
36,3459
85,3515
89,3516
54,3709
98,3751
25,3844
70,3876
72,4076
52,4126
96,4208
77,4238
24,4441
14,4493
93,4575
84,4604
97,4804
91,4855
61,4951
39,4975
60,5217
4,5319
49,5337
26,5967

simblock.block.ProofOfWorkBlock@2d71cf6b:95
68,0
7,218
35,353
37,430
40,495
25,561
90,567
53,644
38,694
28,700
54,720
66,771
88,778
74,789
20,827
44,836
94,858
16,875
43,908
31,916
27,917
76,926
91,950
95,962
30,967
75,984
19,987
92,997
11,1016
50,1041
1,1052
82,1054
96,1062
17,1068
15,1104
41,1121
58,1129
89,1130
80,1130
36,1176
42,1189
21,1195
32,1204
6,1210
23,1214
55,1237
83,1275
72,1278
13,1280
81,1304
51,1323
29,1326
34,1352
2,1355
47,1365
48,1373
63,1403
56,1417
60,1430
59,1436
52,1507
85,1508
77,1535
39,1556
24,1601
78,1611
71,1625
49,1633
84,1667
5,1735
64,1769
65,1771
100,1782
9,1829
10,1865
22,1927
69,1967
26,1997
70,2009
86,2028
61,2055
45,2171
57,2222
97,2281
79,2327
67,2380
14,2447
98,2512
93,2692
18,2744
4,2931
73,2973
33,3194
8,3286
62,3508
46,3585
87,3798
12,3885
3,4108
99,4185

simblock.block.ProofOfWorkBlock@b1d5938:96
22,0
65,346
8,555
12,726
33,880
76,883
78,1042
86,1054
74,1094
43,1219
28,1228
99,1256
15,1287
90,1312
58,1361
25,1404
71,1468
16,1537
40,1541
20,1546
42,1580
13,1585
26,1591
35,1610
3,1658
29,1672
41,1709
97,1740
30,1752
68,1761
38,1768
11,1792
37,1793
72,1807
85,1817
48,1831
54,1857
32,1863
89,1870
69,1874
66,1895
6,1900
19,1919
88,1933
18,2034
51,2045
21,2048
9,2088
95,2111
87,2117
24,2136
14,2156
47,2198
55,2207
27,2249
92,2263
98,2278
23,2304
70,2319
80,2364
67,2422
49,2472
96,2481
83,2505
50,2534
31,2587
2,2590
53,2600
17,2645
81,2741
60,2772
56,2817
91,2846
100,2897
82,2912
44,2949
57,2971
10,3093
45,3116
1,3199
93,3210
94,3259
61,3275
7,3298
46,3498
36,3539
84,3584
59,3623
52,3638
75,3744
79,3801
39,3946
4,3986
63,3988
5,4020
77,4361
73,4381
64,4437
34,4732
62,5182

simblock.block.ProofOfWorkBlock@55143433:96
43,0
28,214
30,350
90,444
25,490
58,559
74,591
11,652
66,697
7,767
89,789
38,831
48,900
42,913
88,929
35,968
68,987
44,1040
41,1056
15,1103
37,1122
92,1142
81,1154
49,1169
76,1189
19,1202
31,1251
10,1281
100,1299
85,1306
16,1327
26,1342
55,1347
96,1353
27,1381
82,1385
61,1390
5,1414
63,1427
20,1464
12,1476
56,1520
9,1539
91,1553
51,1571
18,1575
93,1580
29,1600
34,1611
98,1623
73,1626
97,1644
40,1653
84,1656
83,1732
99,1778
70,1783
1,1802
32,1803
4,1811
52,1831
13,1837
94,1849
69,1851
50,1868
72,1881
75,1905
53,1966
59,2028
80,2029
54,2031
2,2076
62,2110
47,2115
67,2232
24,2254
57,2263
14,2270
79,2298
86,2372
46,2399
3,2421
39,2493
77,2505
33,2510
22,2673
21,2724
64,2733
87,2803
17,2953
60,2965
95,3183
36,3193
6,3424
65,3679
71,3983
8,4283
45,4584

simblock.block.ProofOfWorkBlock@25dee742:97
98,0
96,140
10,246
95,280
14,356
32,384
18,387
5,431
61,473
83,489
73,495
85,499
80,527
64,529
6,538
57,583
26,594
59,599
36,603
97,617
51,632
4,634
70,635
34,638
72,646
81,654
93,670
63,690
49,701
9,707
84,708
23,723
39,724
21,745
100,751
56,760
24,761
60,775
91,775
47,778
13,819
94,820
75,850
2,859
28,909
88,918
17,925
19,956
54,977
29,979
53,1014
1,1033
44,1040
37,1067
74,1072
52,1082
90,1132
27,1140
77,1141
40,1182
46,1213
66,1258
20,1303
69,1311
92,1350
68,1358
82,1361
22,1435
50,1475
86,1494
35,1570
48,1582
25,1598
79,1634
87,1645
67,1651
30,1701
89,1789
42,1802
99,1933
45,1982
41,2007
15,2019
11,2224
16,2237
65,2278
8,2312
76,2441
58,2455
33,2660
38,2668
7,2673
43,2890
62,3012
55,3108
31,3330
12,3351
71,3665
3,3703
78,4023

simblock.block.ProofOfWorkBlock@5dfa9d4:97
90,0
88,215
20,355
16,425
48,495
38,558
31,586
29,630
82,636
43,699
35,720
74,769
55,773
53,782
76,814
44,836
50,855
40,907
25,913
66,916
27,937
68,944
89,969
23,984
19,999
7,1047
11,1049
34,1080
30,1080
91,1083
15,1103
58,1135
83,1142
28,1181
70,1212
73,1213
92,1238
56,1305
21,1309
61,1309
32,1314
41,1348
59,1352
69,1353
85,1360
49,1368
37,1371
36,1406
42,1489
65,1492
100,1540
9,1544
60,1544
77,1582
17,1590
93,1603
47,1605
5,1633
3,1654
94,1770
96,1829
78,1838
80,1847
45,1847
39,1855
75,1859
97,2007
64,2055
54,2077
26,2088
33,2093
6,2232
84,2307
1,2326
51,2466
10,2538
98,2552
95,2696
57,2765
81,2779
4,2923
24,2998
52,3024
62,3216
2,3228
63,3252
18,3489
87,3523
71,3527
14,3719
12,3827
22,3830
72,3946
8,4128
46,4133
86,4239
99,4428
79,4543

simblock.block.ProofOfWorkBlock@382e0c0f:98
29,0
15,229
37,366
30,443
31,502
44,578
53,579
19,637
38,654
20,718
58,724
42,725
40,775
66,787
28,797
55,800
76,856
7,860
92,866
50,877
90,921
43,928
41,932
27,989
35,1003
68,1003
25,1029
16,1055
89,1062
13,1066
81,1070
73,1092
47,1132
82,1140
95,1142
11,1149
74,1196
97,1207
98,1214
9,1220
75,1260
88,1280
26,1281
4,1292
100,1324
10,1371
46,1374
48,1413
60,1427
84,1433
52,1448
78,1470
72,1512
12,1523
32,1525
39,1551
49,1599
34,1639
91,1661
63,1675
22,1740
5,1752
70,1791
33,1797
80,1864
1,1887
23,1910
18,1910
83,1981
67,2026
87,2081
96,2094
62,2099
36,2115
86,2202
21,2212
56,2323
51,2352
3,2384
99,2400
17,2444
6,2551
64,2577
61,2676
59,2827
24,3006
57,3135
8,3778
79,4089
45,4388

simblock.block.ProofOfWorkBlock@7ad5d6d:99
27,0
38,213
92,351
58,487
55,549
74,561
31,637
20,691
19,696
76,712
66,762
41,770
90,784
50,825
15,832
42,845
53,907
28,920
82,924
88,960
25,972
7,995
63,996
40,1041
11,1055
4,1059
96,1071
30,1095
48,1131
43,1135
37,1160
89,1178
21,1199
68,1209
72,1229
35,1229
14,1250
5,1266
39,1281
51,1284
29,1300
94,1307
77,1336
78,1359
16,1365
62,1376
87,1388
44,1435
83,1445
64,1458
2,1485
85,1497
75,1516
93,1516
9,1536
65,1553
3,1580
26,1595
23,1624
34,1661
1,1675
71,1675
70,1683
36,1725
13,1741
73,1744
18,1761
95,1827
56,1886
32,1910
6,1959
100,1972
49,2057
69,2058
12,2063
67,2086
54,2117
61,2137
97,2189
86,2264
57,2292
91,2342
99,2359
10,2367
17,2417
98,2521
52,2567
59,2598
84,2652
8,2667
81,2750
24,2796
80,2835
47,2896
60,2975
33,3091
22,3195
46,3277
79,3392
45,3576

simblock.block.ProofOfWorkBlock@7ff437e2:100
52,0
21,146
26,251
73,285
95,356
100,392
32,393
70,424
9,489
84,496
93,496
63,502
96,530
4,531
57,541
59,571
39,595
2,601
13,608
72,611
17,644
51,645
98,646
14,649
91,657
47,677
23,678
94,681
36,700
18,713
34,716
49,721
77,732
60,748
81,751
64,755
6,818
24,826
83,843
75,857
76,918
5,925
54,949
56,961
74,972
27,972
16,979
25,982
68,992
15,1010
61,1030
28,1048
19,1050
80,1067
10,1070
43,1084
89,1120
1,1134
31,1141
97,1191
44,1195
53,1198
42,1199
69,1252
29,1265

simblock.block.ProofOfWorkBlock@713b9a55:100
13,0
21,170
84,298
59,418
32,524
64,669
56,774
14,883


simblock.block.ProofOfWorkBlock@647532f4:93
simblock.block.ProofOfWorkBlock@5f9ef11f:15
simblock.block.ProofOfWorkBlock@1834edf6:91
simblock.block.ProofOfWorkBlock@260d878a:12
simblock.block.ProofOfWorkBlock@78493cd:31
simblock.block.ProofOfWorkBlock@30c90ec3:66
simblock.block.ProofOfWorkBlock@6d5bd310:82
simblock.block.ProofOfWorkBlock@5dfa9d4:97
simblock.block.ProofOfWorkBlock@2d1b01d6:54
simblock.block.ProofOfWorkBlock@22e470f4:13
simblock.block.ProofOfWorkBlock@59476c13:50
simblock.block.ProofOfWorkBlock@51a2b576:93
simblock.block.ProofOfWorkBlock@2fa42e31:63
simblock.block.ProofOfWorkBlock@648c3bda:44
simblock.block.ProofOfWorkBlock@7ff437e2:100
simblock.block.ProofOfWorkBlock@6136296f:28
simblock.block.ProofOfWorkBlock@308a7d51:59
simblock.block.ProofOfWorkBlock@26b2b26e:48
simblock.block.ProofOfWorkBlock@271df4c0:12
simblock.block.ProofOfWorkBlock@183899d:90
simblock.block.ProofOfWorkBlock@4408d67:40
simblock.block.ProofOfWorkBlock@5fae8289:70
simblock.block.ProofOfWorkBlock@55143433:96
simblock.block.ProofOfWorkBlock@79feff56:40
simblock.block.ProofOfWorkBlock@42d82e74:87
simblock.block.ProofOfWorkBlock@713b9a55:100
simblock.block.ProofOfWorkBlock@42415a73:57
simblock.block.ProofOfWorkBlock@704cf33e:50
simblock.block.ProofOfWorkBlock@ac15bb2:79
simblock.block.ProofOfWorkBlock@405495e7:17
simblock.block.ProofOfWorkBlock@3cacdd11:77
21
4193

BUILD SUCCESSFUL in 9s
2 actionable tasks: 2 executed
