> Task :simulator:compileJava
> Task :simulator:processResources NO-SOURCE
> Task :simulator:classes

> Task :simulator:run
simblock.block.ProofOfWorkBlock@4769b07b:0
18,0
23,138
7,242
45,288
50,347
13,383
16,393
29,429
46,457
10,489
37,489
34,500
15,532
4,532
17,562
14,643
19,667
44,726
8,748
41,772
20,783
28,840
22,853
38,863
21,879
27,949
3,950
43,960
31,1000
30,1064
49,1110
25,1171
12,1276
2,1306
24,1329
39,1403
33,1496
36,1549
47,1714
9,1771
32,1993
40,2044
11,2226
5,2379
35,2451
42,2711
48,2786
26,3048
1,3138
6,3483

simblock.block.ProofOfWorkBlock@15bfd87:1
28,0
24,213
38,354
3,427
20,490
33,562
9,566
11,623
32,697
44,708
31,709
27,781
49,840
35,842
36,848
17,849
37,918
22,938
47,985
23,1060
8,1064
41,1070
46,1074
50,1075
16,1154
14,1164
12,1218
19,1298
4,1300
6,1313
39,1370
25,1383
43,1390
40,1517
15,1523
21,1609
13,1616
42,1673
30,1754
29,1837
10,1848
26,1981
34,1984
7,2068
48,2144
45,2210
5,2369
18,2436
2,2446
1,2689

simblock.block.ProofOfWorkBlock@18df8434:2
10,0
8,142
15,280
46,288
41,384
23,393
30,420
34,434
25,488
12,498
22,527
18,540
37,547
4,560
17,593
43,602
7,629
50,699
19,706
32,763
33,769
29,804
21,810
31,874
14,909
45,917
24,981
20,988
16,1021
13,1034
28,1072
36,1108
35,1240
27,1260
6,1334
11,1459
49,1481
9,1683
40,1823
3,1900
47,2121
39,2216
38,2348
48,2923
26,3255
5,3586
42,3919

simblock.block.ProofOfWorkBlock@73302995:3
16,0
23,147
29,272
46,283
41,394
19,411
50,433
34,465
30,509
37,543
10,572
17,573
4,606
8,613
13,679
45,723
32,751
20,765
43,785
25,828
31,880
49,889
22,900
28,925
21,945
44,972
27,985
15,1006
14,1054
9,1098
7,1113
18,1160
12,1267
2,1308
24,1327
1,1328
3,1333
33,1486
39,1545
36,1561
11,1706
48,1897
35,1923
47,2145
26,2231
40,2480
5,2831
42,3165
6,3525
38,3726

simblock.block.ProofOfWorkBlock@3bffddff:4
26,0
6,319
2,531
5,744
1,869
33,995
38,1067
42,1078
40,1140
31,1281
32,1341
28,1390
3,1403
19,1486
11,1489
24,1532
15,1566
39,1715
20,1728
4,1788
35,1818
27,1877
8,2003
47,2046
25,2092
9,2223
13,2236
36,2382
43,2670
12,2692
44,2706
49,3037
29,3137
14,3399
45,3584
22,3761
18,4029
7,4133
46,4476
37,4495
21,4863
50,4924
30,5248
10,5611
16,5975
34,6338
17,6725
41,7089
23,7454
48,7907

simblock.block.ProofOfWorkBlock@73eb8672:5
44,0
11,222
35,361
47,434
31,505
36,568
49,575
20,638
3,703
38,731
27,798
33,840
34,851
32,855
19,875
22,921
24,941
9,943
28,979
16,1053
25,1087
50,1102
43,1146
14,1176
15,1209
8,1321
30,1328
2,1351
13,1374
12,1434
39,1467
4,1550
29,1554
42,1653
6,1654
46,1659
37,1779
17,1784
23,1888
48,1949
7,2017
1,2036
18,2118
45,2246
5,2418
21,2476
40,2721
10,2725
41,2954
26,3260

simblock.block.ProofOfWorkBlock@184dbacc:6
14,0
7,138
23,242
45,276
15,369
46,380
13,381
29,424
10,474
41,486
16,488
4,527
19,581
34,591
17,595
50,697
30,698
37,702
20,763
25,801
21,806
43,807
8,907
18,911
31,964
9,980
12,1014
22,1016
35,1025
28,1078
24,1201
3,1236
11,1248
39,1387
27,1456
47,1459
33,1468
1,1548
49,1674
42,1800
32,1892
36,2114
48,2453
26,3126
2,3458

simblock.block.ProofOfWorkBlock@3e1a3801:7
31,0
38,211
44,348
9,431
35,562
28,565
41,575
20,697
23,717
49,775
24,780
22,796
34,800
37,821
11,838
16,905
33,913
8,924
12,927
27,987
43,1029
21,1034
46,1035
17,1066
25,1162
47,1206
14,1254
3,1258
4,1265
5,1307
29,1311
18,1390
13,1479
19,1490
32,1496
7,1543
40,1567
1,1647
10,1704
36,1718
30,1777
6,1925
15,1931
48,2223
39,2513
42,2816

simblock.block.ProofOfWorkBlock@862f408:8
12,0
37,136
34,244
43,295
41,349
50,399
7,402
29,454
21,455
10,490
16,505
19,509
22,542
25,560
45,575
15,596
46,610
13,665
18,704
3,727
38,799
14,807
31,833
30,834
28,916
8,920
35,959
17,1026
24,1052
32,1052
4,1130
40,1130
2,1228
23,1240
44,1270
9,1272
26,1290
36,1457
33,1490
20,1497
27,1688
11,1906
47,2128
49,2346
48,2688
42,3022
5,3355
1,3719
6,4065
39,4452

simblock.block.ProofOfWorkBlock@b9d018b:9
32,0
24,222
33,358
28,437
20,497
3,570
35,597
38,655
49,705
44,718
30,723
11,752
31,867
27,887
50,931
34,931
18,956
36,966
22,985
9,1001
10,1057
47,1103
8,1113
46,1129
45,1156
41,1181
12,1200
4,1220
39,1233
43,1238
37,1282
23,1370
7,1411
40,1470
25,1515
48,1517
26,1536
29,1638
16,1748
2,1821
21,1873
17,2100
19,2329
15,2560
13,2797
14,3027
6,3280
1,3535
42,3844
5,4150

simblock.block.ProofOfWorkBlock@4dadd690:9
23,0
8,137
41,243
19,283
22,349
15,385
17,387
50,436
45,453
37,494
4,494
10,494
34,558
29,598
7,599
16,666
13,711
20,719
46,773
38,840
28,874
30,878
9,933
24,946
43,982
25,1088
27,1150
31,1171
2,1177
14,1193
1,1257
12,1338
49,1372
44,1402
21,1442
18,1551
32,1621
48,1712
11,1773
36,1840
33,1991
3,2061
39,2105
47,2210
35,2427
5,2758
40,3091
26,3425
42,3760
6,4114

simblock.block.ProofOfWorkBlock@740a0d5e:10
23,0
21,189
16,298
50,328
25,409
8,433
29,439
19,507
34,532
7,537
13,545
4,643
18,648
15,652
37,672
17,750
41,755
10,760
28,814
30,860
9,901
46,964
44,974
36,977
24,1004
38,1025
43,1083
12,1187
3,1193
20,1229
2,1239
45,1293
48,1314
22,1398
32,1412
14,1502
1,1587
27,1631
47,1723
49,1853
33,1947
31,2074
11,2172
35,2394
39,2462
26,2725
40,3057
42,3387
5,3721
6,4069

simblock.block.ProofOfWorkBlock@28daf506:11
40,0
5,400
27,744
26,799
49,961
2,1009
11,1066
6,1130
24,1184
15,1238
33,1332
42,1405
4,1432
19,1468
21,1469
36,1541
20,1656
17,1695
50,1695
43,1796
25,1859
44,1875
31,1912
18,1923
1,1948
32,1982
9,2130
45,2148
29,2159
28,2200
13,2222
35,2304
8,2524
47,2528
3,2649
38,2850
14,2893
39,2977
16,3216
23,3255
30,3338
34,3579
46,3617
10,3702
7,3946
22,4065
48,4068
41,4308
37,4428
12,4790

simblock.block.ProofOfWorkBlock@619c3546:12
21,0
17,146
18,257
10,317
34,362
19,401
29,459
46,480
37,511
16,563
23,584
43,600
47,636
15,669
25,688
13,726
9,747
14,778
50,794
45,832
28,857
22,903
35,970
38,997
7,1008
11,1074
8,1113
24,1196
4,1250
40,1285
20,1293
5,1330
30,1359
41,1473
36,1515
48,1534
12,1579
44,1798
2,1852
6,1880
32,2023
1,2206
31,2242
49,2486
27,2714
33,2933
3,3151
42,3482
26,3823
39,4210

simblock.block.ProofOfWorkBlock@686b1e2d:13
13,0
4,138
8,244
34,278
25,351
19,386
37,388
50,427
12,455
15,491
14,491
22,493
18,540
7,561
30,601
46,609
45,679
21,708
23,714
24,759
41,784
17,817
43,829
3,836
44,876
29,892
11,914
10,934
33,993
16,999
9,1036
28,1131
27,1152
32,1217
31,1254
26,1324
49,1372
47,1445
35,1473
1,1671
20,1674
42,1803
36,1902
38,2121
5,2139
48,2458
40,2475
2,2789
6,3135
39,3523

simblock.block.ProofOfWorkBlock@3d59933:14
36,0
47,212
11,350
33,571
45,579
28,719
8,722
10,731
32,794
41,805
29,827
3,857
49,929
25,931
38,931
23,959
44,1005
4,1031
24,1069
9,1154
43,1184
35,1204
15,1231
22,1259
31,1301
27,1338
20,1378
19,1415
39,1424
46,1459
14,1490
21,1571
2,1580
50,1641
42,1713
12,1715
40,1765
34,1797
7,1868
17,1940
5,2065
1,2128
13,2180
16,2405
37,2631
18,2859
30,3088
6,3340
48,3634

simblock.block.ProofOfWorkBlock@6f4fc83f:15
11,0
33,260
28,402
27,476
36,547
38,611
49,611
44,682
20,744
35,749
3,822
31,832
32,884
47,957
9,968
22,986
24,1021
39,1088
29,1178
18,1193
37,1213
25,1240
21,1247
2,1324
26,1391
7,1416
17,1419
14,1445
34,1478
45,1645
43,1677
42,1692
19,1706
23,1870
8,1902
6,1961
41,2096
1,2155
4,2205
50,2337
16,2433
10,2563
13,2662
15,2790
30,2893
46,3017
48,3187
12,3244
40,3543
5,3843

simblock.block.ProofOfWorkBlock@2157889c:16
3,0
24,218
11,353
33,430
20,490
32,564
36,573
49,628
35,650
28,699
47,714
27,792
44,849
37,853
38,915
15,927
4,977
6,1045
14,1055
23,1079
10,1079
31,1111
8,1117
9,1133
34,1153
13,1205
43,1218
26,1293
16,1310
12,1313
18,1379
39,1408
22,1432
30,1550
46,1586
19,1605
48,1731
7,1784
1,1861
40,1891
21,2024
42,2169
41,2255
45,2491
29,2720
50,2945
17,3170
25,3395
2,3697
5,3999

simblock.block.ProofOfWorkBlock@2431050d:16
46,0
23,139
15,243
43,276
34,348
10,384
30,393
37,423
18,454
4,487
12,499
29,531
41,560
17,592
7,600
14,614
13,640
21,672
19,698
49,724
16,746
50,779
22,853
3,870
8,884
36,899
31,917
38,950
25,993
47,1070
28,1073
45,1100
44,1103
9,1150
1,1153
24,1169
20,1323
32,1396
5,1401
48,1440
39,1492
33,1550
26,1732
27,1770
35,1988
42,2067
11,2217
40,2549
2,2881
6,3227

simblock.block.ProofOfWorkBlock@35d3202b:17
19,0
37,146
14,251
4,291
34,358
23,395
7,400
29,463
25,500
21,504
41,504
30,539
13,540
18,574
12,609
17,609
10,618
22,643
45,644
8,686
46,714
43,716
15,722
50,791
16,818
11,879
3,935
38,945
49,1010
9,1035
28,1090
27,1154
47,1232
40,1277
36,1381
1,1390
31,1454
2,1607
20,1673
5,1712
24,1894
26,2044
33,2113
35,2332
6,2399
44,2550
32,2772
39,2786
48,3127
42,3461

simblock.block.ProofOfWorkBlock@9a37591:17
4,0
17,139
13,245
18,277
22,353
7,384
41,390
23,428
21,461
10,494
25,495
46,532
15,567
30,569
50,600
45,602
19,639
14,653
12,682
8,706
29,716
43,746
34,790
16,829
24,858
37,901
28,924
38,1047
33,1051
49,1088
47,1126
32,1160
36,1351
27,1378
48,1383
9,1576
44,1607
39,1776
31,1797
11,1826
20,2018
3,2043
35,2242
2,2375
42,2575
26,2712
40,2911
1,3057
5,3245
6,3593

simblock.block.ProofOfWorkBlock@44580de0:18
24,0
33,213
28,350
35,421
49,484
27,555
38,568
3,621
44,631
11,693
20,703
32,756
31,783
47,908
10,908
9,919
21,925
17,929
12,979
34,982
36,1043
43,1060
29,1113
13,1146
46,1151
37,1152
50,1156
14,1204
18,1209
16,1341
40,1362
4,1384
23,1395
41,1437
22,1437
48,1441
39,1447
7,1568
25,1611
6,1651
15,1671
2,1743
26,1746
8,1841
19,1898
5,1950
30,2124
45,2349
1,2603
42,2904

simblock.block.ProofOfWorkBlock@311453ab:18
16,0
22,139
7,243
4,279
43,347
21,384
18,393
12,431
34,455
25,490
37,497
46,536
30,542
15,570
17,598
45,603
8,635
19,642
13,681
14,711
41,752
35,763
23,789
47,817
50,871
10,900
44,929
31,982
29,1004
38,1049
24,1089
33,1091
32,1160
36,1224
9,1267
11,1314
40,1315
3,1459
39,1486
27,1502
1,1671
20,1720
48,1796
49,1955
26,2131
42,2287
2,2620
5,2956
6,3303

simblock.block.ProofOfWorkBlock@d7c00de:19
10,0
29,168
50,287
45,305
14,392
43,411
46,431
7,452
41,496
13,516
21,540
12,548
37,556
30,558
22,593
16,606
19,622
34,645
4,657
23,663
17,713
18,749
8,817
32,847
27,870
36,882
15,923
28,967
31,980
25,1035
20,1100
40,1182
49,1192
35,1252
24,1327
44,1470
39,1508
6,1531
33,1544
9,1691
38,1908
3,2126
11,2344
47,2563
48,2898
2,3232
5,3565
42,3900
26,4239
1,4590

simblock.block.ProofOfWorkBlock@21e15093:20
17,0
10,140
30,247
29,295
12,352
23,403
16,418
19,436
50,456
37,505
45,514
15,522
43,545
46,548
22,570
25,635
13,651
34,678
24,738
41,740
21,789
14,846
49,853
8,893
33,897
31,932
18,999
35,1065
7,1106
40,1111
4,1212
38,1295
39,1353
36,1431
6,1461
9,1513
44,1657
48,1848
27,1876
5,2179
42,2524
2,3534
26,3868
1,4219

simblock.block.ProofOfWorkBlock@4a985388:21
35,0
49,211
20,348
3,420
33,488
24,554
28,560
44,632
11,658
27,689
32,704
38,781
31,846
23,861
47,883
29,910
14,916
13,932
9,1018
36,1026
6,1068
10,1096
16,1137
50,1143
17,1162
43,1182
34,1325
30,1367
15,1371
41,1387
40,1395
8,1552
7,1592
12,1597
48,1680
25,1778
22,1825
2,1981
19,2015
45,2065
46,2256
42,2289
21,2290
37,2488
39,2592
4,2716
26,2894
18,2946
1,3204
5,3510

simblock.block.ProofOfWorkBlock@5e7fc012:22
32,0
24,219
33,353
3,431
20,490
49,569
11,577
44,705
28,706
27,711
19,721
36,786
35,846
47,920
31,922
50,924
38,930
34,933
21,963
22,986
12,1070
46,1075
10,1153
45,1159
9,1173
7,1195
4,1211
43,1219
40,1295
8,1299
23,1302
37,1380
18,1426
48,1504
39,1591
16,1609
14,1659
25,1840
17,1886
26,1898
41,2118
2,2139
13,2348
30,2574
15,2800
29,3036
1,3290
6,3545
5,3845
42,4146

simblock.block.ProofOfWorkBlock@225d93aa:23
11,0
28,211
3,349
20,440
33,490
49,564
38,575
44,623
35,661
24,713
27,734
47,758
9,788
32,796
16,834
36,895
31,922
39,1007
34,1020
4,1023
8,1053
37,1059
17,1121
43,1147
19,1257
1,1265
14,1281
7,1289
6,1294
42,1316
15,1351
13,1484
30,1519
50,1578
26,1619
22,1718
21,1746
23,1819
29,1973
48,2034
46,2058
25,2200
45,2283
41,2514
2,2516
18,2739
12,2967
10,3200
5,3506
40,3812

simblock.block.ProofOfWorkBlock@19e5e846:24
2,0
1,313
5,524
42,743
39,910
40,939
26,954
47,1259
33,1266
6,1270
38,1284
28,1479
31,1500
11,1598
3,1606
24,1615
49,1679
36,1693
50,1771
15,1777
8,1795
21,1850
20,1930
37,1964
35,1981
44,2015
19,2213
29,2297
23,2327
27,2329
41,2396
10,2659
9,2679
4,2689
16,2763
14,3025
32,3039
30,3052
22,3387
43,3488
25,3748
45,3939
7,4123
12,4387
17,4489
34,4833
46,4860
13,5226
18,5279
48,5777

simblock.block.ProofOfWorkBlock@2984edab:25
48,0
47,909
11,1133
28,1342
45,1406
20,1451
33,1480
29,1549
24,1556
44,1613
43,1632
25,1655
35,1671
27,1711
3,1761
49,1806
31,1828
23,1862
9,1896
32,1944
36,1978
21,1982
46,1988
39,2023
22,2091
34,2209
41,2214
2,2248
4,2316
42,2326
15,2443
38,2504
7,2548
50,2776
30,3009
18,3076
17,3239
37,3478
12,3648
6,3752
14,4223
8,4793

simblock.block.ProofOfWorkBlock@574f89bf:26
46,0
15,143
41,248
10,347
18,353
37,385
22,451
25,458
12,489
7,492
17,503
4,525
16,561
34,565
13,596
19,603
29,631
43,635
14,666
8,671
30,772
21,777
9,817
47,853
23,891
28,988
49,989
45,996
3,1035
50,1128
48,1195
24,1209
31,1257
11,1381
39,1419
38,1433
36,1485
42,1528
33,1602
32,1652
44,1702
20,1831
5,1863
26,2039
35,2050
1,2212
27,2269
40,2600
2,2935
6,3284

simblock.block.ProofOfWorkBlock@7c068c7b:27
26,0
6,342
5,557
2,766
40,957
32,1020
1,1091
44,1113
24,1243
3,1300
42,1302
31,1326
33,1405
49,1437
25,1668
27,1722
39,1759
9,1759
46,1856
19,1906
43,2084
15,2137
4,2309
8,2450
18,2765
29,3210
17,3428
14,3791

simblock.block.ProofOfWorkBlock@56f1db5f:28
26,0
6,7130
5,7791
2,8006
39,8335
36,8658
28,9000
38,9326
44,9648
49,9970
47,10294
21,10656
7,11027
30,11393
41,11765
22,12127
34,12497
14,12859
37,13226
16,13591
17,13960
23,14324
10,14686
48,15146

simblock.block.ProofOfWorkBlock@223095d3:27
31,0
38,220
44,358
9,439
28,579
41,588
37,745
20,794
13,812
34,821
12,858
7,896
25,932
24,939
29,950
30,1026
22,1043
19,1049
16,1054
11,1073
23,1130
18,1174
35,1228
46,1235
10,1272
4,1277
33,1311
49,1355
45,1400
47,1446
17,1447
32,1463
43,1499
21,1507
8,1643
50,1672
27,1672
36,1681
15,1728
40,1776
3,1900
1,1916
14,1963
5,2007
48,2260
6,2354
39,2564
2,2878
26,3177
42,3476

simblock.block.ProofOfWorkBlock@76b06e50:28
32,0
20,309
33,445
49,532
24,584
27,659
28,669
11,798
3,804
35,943
36,1008
34,1026
50,1031
44,1079
38,1125
47,1143
37,1149
12,1256
23,1260
30,1295
25,1303
31,1320
46,1334
10,1369
43,1375
8,1489
9,1514
21,1522
16,1528
22,1564
40,1674
7,1758
39,1781
4,1789
41,1988
45,2018
26,2085
18,2214
48,2318
19,2444
2,2623
17,2670
14,2896
15,3121
29,3347
13,3573
1,3832
6,4088
5,4388
42,4700

simblock.block.ProofOfWorkBlock@418f2af3:29
15,0
16,137
14,242
34,279
25,350
19,384
29,386
17,419
10,458
12,489
13,492
45,492
4,524
18,545
41,566
8,593
7,596
37,632
46,673
50,699
23,702
21,742
30,779
43,807
44,869
47,876
22,883
28,907
33,960
36,1032
2,1057
20,1096
32,1111
9,1178
42,1190
3,1252
24,1330
40,1388
35,1396
11,1556
39,1577
48,1591
31,1614
5,1740
27,1777
26,1921
1,1959
49,1998
6,2090
38,2218

simblock.block.ProofOfWorkBlock@4d4ae76:29
1,0
2,384
39,704
42,774
26,987
9,1050
5,1197
24,1401
49,1458
38,1520
40,1601
23,1626
31,1732
47,1756
28,1827
20,1843
33,1932
50,1944
19,1988
35,2100
3,2173
15,2173
11,2259
21,2300
4,2356
27,2444
22,2537
37,2774
32,2793
46,2905
8,3242
18,3248
29,3269
13,3632
25,3699
7,3998
45,4144
14,4361
34,4592
43,5043
10,5489
6,5875
17,5935
44,6210
12,6385
36,6533
48,6882
30,6905
16,7268
41,7633

simblock.block.ProofOfWorkBlock@447f9a09:30
43,0
25,141
23,247
12,280
50,353
22,384
30,393
17,426
8,464
14,489
19,494
18,501
4,536
29,573
15,598
41,619
37,677
34,702
49,767
16,783
13,810
44,838
33,852
20,864
24,872
45,889
36,989
31,1012
21,1042
28,1065
11,1073
32,1089
38,1114
46,1251
48,1324
27,1333
26,1409
35,1473
47,1559
3,1695
5,1741
40,1890
9,1931
1,2236
2,2264
6,2297
42,2609
39,3730

simblock.block.ProofOfWorkBlock@4a09f5b:31
14,0
25,138
23,246
7,361
10,466
17,502
19,575
37,610
29,615
4,650
15,689
8,794
44,864
50,900
20,978
12,1008
31,1060
28,1196
27,1231
24,1279
18,1348
16,1452
49,1455
32,1680
38,1902
30,1934
41,2038
36,2125
22,2217
33,2258
34,2321
43,2426
48,2461
11,2477
13,2530
45,2635
47,2698
46,2739
5,2797
21,2843
26,3129
9,3454
40,3461
35,3678
2,3793
3,3901
6,4151
42,4231
1,4585
39,4973

simblock.block.ProofOfWorkBlock@4c669afb:32
11,0
33,212
28,348
24,429
44,483
20,562
27,575
47,635
38,696
31,707
35,710
3,772
49,844
36,906
9,914
30,920
29,972
32,982
39,1032
22,1065
37,1075
12,1141
1,1172
7,1199
25,1200
34,1210
16,1278
13,1293
8,1300
42,1332
15,1368
19,1442
4,1518
43,1541
46,1596
26,1634
21,1679
14,1770
48,1813
41,1824
6,1935
23,2052
2,2116
10,2281
18,2513
17,2741
45,2979
50,3212
40,3539
5,3841

simblock.block.ProofOfWorkBlock@7a96e17e:33
21,0
50,138
18,242
10,276
8,346
43,382
15,415
7,454
45,486
19,490
29,523
37,532
46,560
13,592
14,597
16,628
34,664
9,724
22,769
28,814
38,846
41,877
36,943
20,967
23,984
47,1033
4,1094
35,1162
40,1168
2,1176
17,1198
11,1254
12,1302
24,1382
25,1407
30,1513
5,1515
6,1607
48,1718
31,1730
44,1962
1,2079
3,2189
33,2406
27,2625
49,2845
32,3065
26,3403
42,3734
39,4121

simblock.block.ProofOfWorkBlock@231a08d:34
27,0
33,216
49,350
24,430
35,564
3,565
17,575
28,668
32,698
20,701
7,717
44,789
14,800
4,821
11,832
13,859
38,889
41,926
50,927
10,935
31,1008
21,1027
25,1056
19,1062
16,1063
9,1120
18,1156
30,1159
36,1169
46,1252
34,1289
29,1299
48,1383
47,1391
39,1452
42,1459
8,1478
45,1516
2,1609
15,1705
23,1747
26,1776
22,1934
6,2006
37,2159
5,2316
43,2389
12,2632
1,2885
40,3187

simblock.block.ProofOfWorkBlock@4baa82c:35
49,0
20,806
27,945
44,1022
3,1080
28,1160
24,1231
11,1242
32,1307
33,1364
31,1387
38,1430
36,1460
35,1498
13,1544
16,1586
47,1600
7,1614
9,1637
34,1720
8,1724
4,1771
25,1814
23,1830
29,1840
6,1886
12,1952
17,2008
10,2068
18,2178
41,2241
30,2302
37,2309
22,2404
46,2479
43,2541
15,2630
48,2773
1,2794
50,2860
2,3086
19,3092
40,3095
45,3327
42,3385
14,3553
5,3688
21,3779
39,4071
26,4370

simblock.block.ProofOfWorkBlock@578fb678:36
6,0
26,400
36,745
5,796
11,970
2,1012
47,1135
40,1205
28,1341
1,1342
15,1477
33,1492
20,1538
42,1555
43,1622
49,1665
19,1849
32,1852
35,1873
25,1917
27,1955
39,1993
9,2013
3,2202
37,2297
8,2316
31,2339
24,2359
38,2640
50,2752
17,3005
12,3200
10,3368
48,5666

simblock.block.ProofOfWorkBlock@79d7ae7d:36
44,0
35,217
31,350
33,435
20,489
38,561
49,572
11,624
32,649
3,699
9,774
24,787
18,800
28,835
7,852
27,921
37,1027
43,1054
13,1060
12,1067
29,1079
6,1177
16,1197
8,1261
15,1283
36,1283
22,1288
14,1298
10,1306
47,1346
23,1492
30,1532
39,1578
48,1585
40,1636
34,1718
19,1773
42,1890
25,1945
45,2000
46,2173
2,2195
41,2234
4,2401
21,2459
1,2658
50,2690
17,2918
5,2960
26,3219

simblock.block.ProofOfWorkBlock@36011924:37
47,0
11,366
36,511
44,591
33,725
7,742
3,864
25,884
27,937
30,970
28,1002
16,1004
8,1030
24,1075
22,1195
32,1210
38,1219
46,1229
14,1231
49,1344
9,1387
50,1423
18,1457
34,1574
2,1583
13,1649
15,1683
42,1718
43,1888
41,1913
39,2111
17,2114
20,2174
40,2212
35,2307
19,2340
31,2442
5,2521
4,2566
21,2680
45,2792
29,2910
37,3019
12,3254
10,3480
23,3713
1,3965
6,4219
26,4818

simblock.block.ProofOfWorkBlock@33de7cc:38
37,0
43,141
50,281
12,306
45,388
34,413
46,419
13,456
29,492
18,526
30,566
15,574
16,601
14,649
41,689
23,707
22,716
17,754
4,800
25,818
21,860
33,871
19,904
31,906
8,922
32,935
10,968
7,1010
20,1097
48,1110
38,1142
44,1187
3,1236
2,1242
9,1323
49,1428
42,1448
27,1455
40,1474
24,1544
28,1648
47,1676
1,1819
11,1868
35,1903
36,2127
5,2462
26,2795
6,3155
39,3570

simblock.block.ProofOfWorkBlock@41285940:38
39,0
1,588
28,951
38,1321
49,1685
5,2059
26,2434
21,2905
12,3375
8,3852
13,4321
25,4794
37,5270

simblock.block.ProofOfWorkBlock@77228300:39
38,0
31,210
28,345
44,429
9,479
24,584
35,675
10,706
34,708
11,719
33,795
46,848
16,851
20,855
7,928
32,928
47,931
19,938
43,942
37,952
25,970
27,1014
23,1057
49,1064
36,1065
50,1081
29,1154
4,1164
12,1165
22,1167
8,1202
3,1208
17,1310
6,1374
30,1384
5,1386
14,1393
21,1395
18,1427
40,1447
45,1618
15,1622
41,1627
1,1680
13,1853
48,2150
39,2440
42,2743
26,3044
2,3349

simblock.block.ProofOfWorkBlock@3ff19826:40
42,0
2,393
1,726
32,731
5,938
33,946
24,1063
26,1155
49,1159
30,1226
11,1293
39,1316
40,1338
28,1388
18,1458
3,1491
44,1503
36,1654
8,1662
47,1662
15,1701
20,1710
31,1717
37,1795
46,1857
50,1893
41,1934
9,2013
16,2026
38,2035
6,2193
13,2222
27,2367
12,2408
17,2588
35,2718
21,2773
14,2952
22,3144
34,3170
7,3322
10,3526
43,3617
29,3688
23,3905
48,4118
4,4269
19,4635
25,5005
45,5370

simblock.block.ProofOfWorkBlock@78596d51:41
39,0
1,574
49,943
2,972
20,1152
33,1291
9,1319
38,1321
42,1374
44,1391
3,1437
11,1504
31,1536
41,1638
24,1665
19,1670
28,1688
36,1713
23,1779
29,1829
4,1864
30,1885
22,1897
16,1938
47,2025
6,2032
5,2066
50,2137
7,2198
40,2214
14,2365
32,2375
26,2439
46,2569
15,2591
27,2724
8,2910
35,3071
21,3380
18,3521
13,3850
17,3966
37,4319
43,4416
25,4791
10,4871
12,5258
45,5326
34,5773
48,6269

simblock.block.ProofOfWorkBlock@7f1dfdbc:42
39,0
1,584
38,947
2,977
31,1163
28,1313
47,1324
42,1375
44,1382
14,1435
11,1533
36,1552
4,1655
15,1662
49,1679
9,1685
20,1713
33,1746
16,1803
50,1808
30,1812
19,1882
22,1889
32,2031
23,2038
3,2038
26,2054
41,2112
40,2258
6,2297
24,2379
7,2400
5,2437
35,2724
29,2763
21,2906
27,3079
46,3125
13,3378
34,3527
12,3847
18,3978
8,4317
17,4430
37,4790
43,4877
25,5261
10,5324
45,5769
48,6265

simblock.block.ProofOfWorkBlock@2c19a9f:42
48,0
47,909
36,1436
20,1978
38,2505
14,3077
18,3651
13,4223
16,4797
12,5367
10,5935
8,6509
19,7097
1,7739
26,8420
5,9086
40,9756

simblock.block.ProofOfWorkBlock@15f67a4f:43
40,0
5,404
11,741
2,806
44,952
26,1020
27,1065
36,1096
1,1125
31,1169
47,1232
49,1285
42,1341
6,1341
3,1345
28,1369
46,1427
21,1442
16,1587
50,1596
38,1664
19,1668
35,1670
23,1798
9,1802
45,1822
34,1909
33,2018
25,2038
41,2047
24,2149
14,2166
18,2276
20,2352
7,2400
17,2511
29,2528
39,2675
15,2737
13,2765
43,2891
32,2998
8,3253
10,3361
4,3620
12,3722
48,4074
22,4101
37,4463
30,4829

simblock.block.ProofOfWorkBlock@73e0cc07:44
49,0
33,219
20,352
11,439
35,505
32,578
44,584
24,639
36,649
28,723
3,773
47,785
31,802
34,807
27,909
38,937
17,954
37,992
10,1020
23,1034
29,1072
19,1140
16,1142
4,1180
25,1219
46,1268
9,1286
43,1288
7,1299
40,1320
45,1366
13,1421
1,1475
6,1520
30,1525
14,1600
41,1647
5,1822
15,1827
48,1946
18,2052
42,2258
50,2280
12,2509
2,2566
21,2741
8,2968
22,3194
39,3485
26,3791

simblock.block.ProofOfWorkBlock@1debc358:45
19,0
37,144
18,256
43,288
14,366
4,397
17,401
16,434
8,471
41,501
15,511
21,515
30,542
45,554
50,578
13,593
7,607
10,616
46,624
22,646
25,659
29,684
12,711
23,734
34,790
38,889
28,908
36,947
11,958
47,1009
3,1169
9,1188
2,1200
40,1220
24,1230
27,1388
35,1457
1,1533
20,1677
5,1721
49,1895
26,2052
32,2115
31,2332
6,2399
44,2551
33,2770
39,2787
48,3105
42,3454

simblock.block.ProofOfWorkBlock@2e581514:46
7,0
45,158
13,264
29,299
14,385
30,408
4,414
19,438
25,489
8,517
41,518
50,531
10,543
34,560
18,614
43,621
12,623
15,637
22,719
23,727
37,825
46,835
38,850
27,877
31,902
21,931
28,1022
17,1037
49,1057
35,1122
40,1129
16,1141
48,1186
5,1211
11,1277
3,1361
20,1495
39,1580
47,1581
24,1722
44,1811
9,1940
32,2031
36,2177
26,2362
33,2401
2,2697
42,2732
1,3078
6,3429

simblock.block.ProofOfWorkBlock@69d18bf0:47
15,0
46,151
10,257
50,289
25,361
18,393
29,396
41,466
43,467
17,502
23,503
13,503
14,571
19,572
37,606
12,608
34,616
4,648
30,676
7,712
21,723
9,740
16,786
28,790
45,833
36,877
22,890
8,955
44,960
31,972
38,1111
35,1176
3,1181
27,1351
39,1360
20,1394
47,1399
24,1570
33,1616
48,1736
32,1799
40,1952
11,2021
26,2067
49,2251
2,2288
5,2405
6,2638
42,2742
1,3087

simblock.block.ProofOfWorkBlock@2960f500:47
31,0
44,211
38,347
20,421
35,563
28,566
41,576
3,634
11,697
9,720
49,770
24,782
33,785
34,802
32,903
47,945
43,950
7,963
27,990
4,1035
25,1050
36,1085
46,1129
16,1139
14,1176
50,1193
21,1269
23,1286
12,1314
6,1355
13,1403
10,1422
5,1436
19,1503
8,1514
40,1615
15,1631
17,1657
37,1743
22,1856
29,1887
18,1972
30,2121
48,2154
1,2231
45,2347
39,2452
26,2654
42,2752
2,3055

simblock.block.ProofOfWorkBlock@18732b2c:48
34,0
25,140
21,248
43,279
17,365
13,383
41,391
29,421
16,471
15,487
18,515
12,575
10,600
30,619
46,680
14,706
38,761
4,790
22,811
27,837
11,847
23,894
7,928
47,981
45,1035
50,1036
49,1056
20,1069
8,1139
37,1144
48,1211
19,1248
32,1275
36,1289
40,1315
3,1366
5,1398
35,1475
44,1504
28,1506
31,1692
42,1696
33,1909
2,2030
9,2132
24,2351
39,2417
26,2683
6,3031
1,3376

simblock.block.ProofOfWorkBlock@53bcb138:49
21,0
7,139
17,243
14,281
18,348
16,388
10,400
19,421
30,454
13,506
15,528
29,530
25,559
37,622
43,639
34,666
28,724
45,730
38,769
8,788
35,830
22,894
20,944
47,956
4,1013
24,1050
48,1110
12,1117
36,1172
46,1223
9,1271
2,1286
41,1329
11,1389
23,1435
40,1441
50,1584
1,1737
5,1782
33,1803
49,2036
6,2128
44,2254
31,2480
3,2711
32,2929
27,3151
26,3486
42,3826
39,4222

simblock.block.ProofOfWorkBlock@56122c1:50
18,0
21,149
50,253
7,367
10,395
46,484
43,500
45,522
15,539
19,589
14,607
16,629
29,648
17,716
13,736
41,825
28,830
37,844
38,903
23,930
20,971
47,1050
35,1148
2,1198
5,1246
40,1312
24,1366
49,1584
9,1802
36,2024
11,2242
8,2303
34,2407
32,2469
4,2512
30,2617
22,2724
48,2814
12,2830
25,2956
1,3164
44,3176
31,3396
6,3509
33,3616
27,3838
3,4062
26,4393
42,4732
39,5133

simblock.block.ProofOfWorkBlock@79f12c07:49
32,0
20,215
33,350
24,483
7,710
15,938
17,1164
19,1390
13,1617
29,1848
41,2077
14,2306
21,2542
18,2771
30,3002
6,3259
1,3519
42,3818
5,4118

simblock.block.ProofOfWorkBlock@6a614868:51
17,0
10,141
21,246
29,287
50,353
46,387
14,409
13,427
4,457
23,513
15,518
43,534
22,562
37,606
25,626
19,638
18,667
33,731
41,733
45,756
34,772
16,837
30,876
31,952
12,982
24,1001
38,1056
7,1086
40,1110
49,1183
8,1190
35,1275
44,1409
6,1461
9,1496
39,1575
3,1627
48,1835
28,1846
27,2069
5,2169
47,2292
42,2500
32,2524
20,2747
11,2970
36,3192
2,3526
26,3859
1,4214

simblock.block.ProofOfWorkBlock@430009ca:52
8,0
12,137
19,241
37,278
13,346
34,382
18,383
7,421
29,452
4,488
50,489
16,489
46,557
22,574
30,630
15,639
25,664
11,706
31,724
17,773
3,782
38,857
43,880
47,925
24,945
10,984
28,990
23,1089
26,1115
36,1154
44,1165
2,1189
14,1194
21,1299
33,1382
41,1406
5,1495
45,1513
32,1603
27,1731
20,1823
42,1833
49,1949
35,2170
1,2184
9,2387
6,2530
48,2725
40,3055
39,3448

simblock.block.ProofOfWorkBlock@550acc33:53
27,0
49,214
33,355
35,429
24,564
11,568
12,593
44,644
32,703
20,703
13,732
36,787
28,791
43,827
3,838
41,838
31,860
4,920
47,924
34,930
16,977
38,1003
30,1053
17,1058
19,1066
7,1133
10,1166
23,1180
18,1292
46,1292
9,1341
42,1355
29,1368
25,1392
48,1411
2,1420
6,1434
45,1517
37,1519
5,1734
50,1745
21,1748
8,1975
26,2047
15,2203
39,2346
22,2436
14,2671
1,2935
40,3239

simblock.block.ProofOfWorkBlock@744b5bd7:53
30,0
21,137
4,243
22,291
23,375
13,386
25,406
16,442
17,486
37,494
7,516
14,525
29,543
10,556
15,594
34,624
43,641
19,648
41,705
20,723
18,734
38,784
45,810
8,840
11,872
12,944
35,950
28,970
3,1029
50,1060
2,1135
46,1165
9,1175
48,1212
24,1250
1,1278
49,1391
32,1470
40,1505
33,1608
44,1693
31,1833
6,1858
47,1918
27,2052
36,2139
42,2384
26,2471
39,2782
5,2821

simblock.block.ProofOfWorkBlock@2ff8844e:53
29,0
16,148
8,255
19,361
21,393
13,468
25,498
10,578
23,603
43,683
14,707
45,788
41,818
12,923
3,1009
46,1028
17,1138
32,1229
35,1358
44,1454
49,1579
2,1785
27,1803
9,2021
40,2116
48,2356
6,2461
39,2743

simblock.block.ProofOfWorkBlock@562ab451:54
13,0
12,141
41,281
17,304
16,387
46,421
50,453
37,479
4,494
18,525
43,531
22,567
14,596
19,598
45,604
15,633
21,701
25,709
10,738
28,792
23,806
8,817
30,843
33,906
34,914
7,936
29,1040
31,1060
49,1134
35,1141
32,1261
9,1279
11,1351
40,1474
36,1478
44,1498
27,1573
38,1703
24,1722
5,1904
20,1929
3,1946
47,2150
42,2239
26,2288
48,2485
1,2584
2,2815
6,3160
39,3566

simblock.block.ProofOfWorkBlock@669bef81:55
20,0
49,223
35,358
33,432
32,491
27,568
28,632
11,697
24,704
3,765
38,843
23,848
44,898
36,929
21,930
30,988
16,988
6,1009
43,1060
31,1061
47,1064
10,1092
19,1125
12,1165
9,1194
29,1213
34,1348
40,1362
45,1365
14,1394
7,1439
25,1577
22,1593
50,1624
37,1802
17,1820
15,1851
41,2050
1,2055
18,2077
4,2287
8,2302
46,2526
39,2607
13,2752
26,2911
48,3052
42,3356
5,3662
2,3982

simblock.block.ProofOfWorkBlock@e25f2fc:56
15,0
16,137
41,242
43,275
46,359
13,379
18,415
45,432
22,464
29,492
4,518
12,525
50,539
19,567
25,572
34,597
8,630
17,673
10,698
7,703
37,741
47,759
23,809
30,810
21,846
33,849
14,920
28,1026
36,1034
31,1069
35,1076
40,1099
38,1138
3,1255
42,1258
20,1289
5,1307
11,1355
39,1394
2,1407
1,1447
44,1517
32,1574
48,1590
9,1740
6,1756
27,1791
26,1927
49,2008
24,2231

simblock.block.ProofOfWorkBlock@5539f9de:57
2,0
1,316
42,531
26,743
39,909
5,960
6,1061
35,1253
28,1280
20,1291
40,1360
49,1488
47,1611
38,1617
21,1643
11,1700
44,1810
31,1837
3,1944
27,1964
8,1977
15,2003
23,2008
50,2033
33,2038
36,2139
9,2311
17,2311
19,2370
37,2501
32,2664
46,2679
4,2738
16,2866
24,3009
25,3043
30,3230
29,3409
34,3468
41,3600
7,3771
12,3916
13,4133
18,4372
14,4501
45,4823
10,4864
22,5228
43,5269
48,5778

simblock.block.ProofOfWorkBlock@451ee4a1:58
1,0
2,3027
39,3363
5,3433
42,3643
27,3714
26,3853
47,4059
28,4126
3,4176
32,4403
49,4492
38,4499
24,4759
20,4834
21,4970
9,5105
7,5195
37,5440
35,5453
13,5562
18,5898
8,5914
22,5933
46,6298
12,6344
14,6670
25,6795
29,7033
10,7244
43,7703
34,8152
45,8599
17,9048
48,9543

simblock.block.ProofOfWorkBlock@7fa3a543:57
45,0
13,139
23,245
4,277
25,376
12,387
41,495
29,507
16,604
7,623
46,729
38,825
8,853
30,958
32,1042
43,1084
37,1236
47,1301
50,1344
48,1382
11,1519
27,1574
2,1713
20,1737
40,1905
9,1963
39,2114
49,2181
3,2417
18,2438
33,2643
24,2865
10,3009
36,3094
44,3323
19,3580
42,3660
1,4010
14,4153
6,4358
26,4820
5,5491

simblock.block.ProofOfWorkBlock@588d8dff:58
46,0
23,141
8,246
12,279
21,351
19,384
16,408
4,422
25,456
7,489
10,497
22,516
37,527
45,567
29,601
14,622
41,685
13,708
30,728
36,777
15,791
17,814
43,832
44,835
24,865
50,908
38,979
9,1033
18,1036
47,1051
3,1059
28,1092
34,1144
1,1153
49,1255
31,1276
20,1375
5,1381
32,1497
33,1595
48,1603
42,1727
27,1816
39,1997
35,2034
26,2059
11,2269
40,2605
2,2936
6,3281

simblock.block.ProofOfWorkBlock@7294b05e:58
18,0
17,137
19,261
7,368
50,478
21,584
46,688
41,797
23,906
36,1130
35,1347
24,1576
11,1793
32,2015
49,2239
9,2456
48,2796
1,3143
6,3490

simblock.block.ProofOfWorkBlock@3ae3dfd2:59
50,0
14,140
46,244
15,279
34,349
41,384
23,385
22,421
17,455
45,488
7,492
4,496
13,529
30,530
18,561
8,598
37,600
16,636
29,648
10,668
25,708
33,731
43,776
12,812
31,833
24,858
19,886
35,961
21,992
36,1035
9,1057
20,1181
42,1207
47,1215
32,1258
1,1411
11,1439
38,1479
39,1541
49,1658
27,1696
3,1876
48,2032
28,2096
44,2313
2,2375
6,2659
40,2711
26,3043
5,3391

simblock.block.ProofOfWorkBlock@87e1b84:60
33,0
49,212
27,361
20,424
32,497
3,559
35,636
44,636
24,771
28,773
18,785
43,851
31,852
11,910
30,983
38,989
13,999
15,1019
16,1047
17,1082
47,1123
21,1137
7,1211
41,1234
50,1254
9,1269
10,1273
37,1314
45,1366
29,1440
4,1464
12,1482
36,1490
25,1504
1,1580
34,1601
22,1713
48,1756
19,1828
40,1879
8,1943
46,2055
42,2056
14,2170
23,2289
2,2357
39,2472
6,2544
26,2785
5,2848

simblock.block.ProofOfWorkBlock@31585973:61
17,0
50,138
22,259
19,297
34,366
16,398
14,416
29,439
30,478
15,509
43,537
37,546
13,560
4,582
45,605
23,613
41,625
46,659
10,693
25,722
33,788
7,798
49,876
21,903
9,944
12,1007
35,1010
8,1112
38,1163
18,1225
6,1225
31,1236
40,1258
20,1442
24,1456
5,1504
39,1546
11,1666
48,1792
42,1834
36,1885
32,2104
27,2325
3,2545
44,2770
28,2996
47,3223
2,3559
26,3893

simblock.block.ProofOfWorkBlock@1f54552e:62
44,0
31,216
20,349
38,442
11,487
3,559
35,620
9,664
36,698
28,702
4,708
24,789
47,833
21,846
49,853
43,932
34,934
33,967
32,991
16,1046
27,1071
19,1071
8,1106
14,1161
18,1200
13,1221
6,1268
37,1272
10,1298
1,1371
15,1389
12,1435
46,1451
25,1508
50,1529
23,1675
22,1683
39,1685
29,1759
40,1975
48,1981
30,1990
41,2216
42,2302
45,2442
2,2608
17,2673
7,2898
5,2924
26,3212

simblock.block.ProofOfWorkBlock@21225732:62
13,0
16,139
8,245
34,289
45,350
14,384
10,393
4,456
19,492
30,496
15,499
50,538
41,560
21,597
22,610
29,664
37,700
46,704
23,715
18,759
7,773
17,809
43,832
11,839
12,879
25,1001
35,1027
28,1043
31,1044
3,1051
44,1062
5,1220
20,1224
49,1245
24,1279
26,1385
32,1444
9,1468
33,1497
36,1666
27,1697
42,1829
47,1890
40,2030
38,2114
1,2178
48,2450
2,2788
6,3133
39,3527

simblock.block.ProofOfWorkBlock@484e7698:63
27,0
33,225
49,359
32,433
20,570
11,572
12,585
35,705
3,709
25,740
44,783
14,812
24,839
4,847
47,919
30,923
18,935
31,997
22,1038
28,1052
45,1079
13,1148
50,1160
36,1186
16,1201
9,1216
48,1252
37,1267
38,1302
23,1309
7,1374
10,1417
39,1452
46,1495
19,1535
2,1554
29,1610
15,1730
26,1754
34,1764
41,1837
17,1959
6,2021
42,2136
43,2187
5,2322
21,2418
8,2647
1,2903
40,3202

simblock.block.ProofOfWorkBlock@1545a8ab:64
10,0
14,139
41,245
7,277
50,355
19,381
46,385
22,416
17,460
12,487
21,490
43,508
45,521
25,565
4,576
23,591
37,595
34,617
16,676
18,701
29,794
30,806
27,812
28,842
33,861
8,901
13,928
15,1012
32,1048
24,1146
44,1233
36,1267
31,1367
38,1455
49,1485
39,1493
20,1587
35,1674
40,1818
47,1897
3,2115
6,2163
9,2343
11,2581
48,2919
42,3258
2,3594
5,3930
26,4261
1,4628

simblock.block.ProofOfWorkBlock@14d71134:65
5,0
2,401
40,625
1,730
26,836
42,940
3,1159
6,1168
38,1270
27,1362
9,1392
35,1484
31,1497
28,1574
17,1646
50,1657
47,1737
8,1743
15,1760
19,1796
11,1806
44,1898
13,2007
24,2085
43,2110
33,2130
49,2223
46,2370
32,2469
45,2531
36,2552
7,2739
39,2794
41,2915
18,2977
29,3107
20,3120
16,3280
34,3433
25,3470
12,3488
21,3642
23,3860
37,4240
22,4604
4,4967
10,5332
14,5699
30,6061
48,6511

simblock.block.ProofOfWorkBlock@24bb0ca3:66
8,0
45,140
46,245
7,289
14,353
18,384
30,407
37,439
23,457
34,490
4,547
22,551
41,562
15,596
47,634
16,668
17,677
50,702
19,781
38,851
33,852
43,889
32,892
31,978
21,994
2,1070
20,1073
29,1100
28,1168
5,1185
12,1205
26,1229
11,1290
25,1312
10,1418
36,1509
13,1523
24,1730
27,1741
44,1952
35,1960
3,2172
49,2186
9,2409
42,2512
48,2748
1,2867
40,3078
6,3215
39,3466

simblock.block.ProofOfWorkBlock@52f95c26:67
16,0
13,142
29,250
25,281
22,359
45,388
19,392
14,433
15,467
4,492
17,514
50,530
21,538
30,543
23,574
12,620
18,644
46,644
10,680
41,725
44,735
37,759
34,787
8,832
49,845
35,864
33,866
7,894
31,978
28,993
43,999
32,1050
27,1064
40,1084
11,1084
9,1085
36,1217
38,1270
24,1301
5,1406
42,1422
3,1434
20,1491
47,1711
1,1769
48,1776
2,2041
26,2110
6,2387
39,2784

simblock.block.ProofOfWorkBlock@3d8cef0c:67
32,0
33,222
24,358
11,440
20,500
49,574
28,583
44,650
27,718
7,726
3,733
36,788
38,832
16,868
35,872
47,923
18,953
25,975
4,991
31,1058
8,1069
37,1080
45,1117
10,1155
21,1184
9,1194
22,1217
43,1221
26,1291
46,1354
50,1382
39,1392
13,1421
48,1509
34,1581
12,1621
14,1649
23,1810
2,1817
15,1874
40,1924
41,2102
17,2332
19,2561
30,2788
29,3013
1,3267
6,3519
5,3818
42,4118

simblock.block.ProofOfWorkBlock@3e866b99:68
42,0
2,403
1,722
28,731
26,932
11,978
24,1057
5,1141
33,1204
50,1244
6,1260
49,1286
39,1307
36,1344
38,1382
3,1469
44,1480
31,1604
9,1652
41,1707
20,1720
30,1781
8,1786
17,1832
15,1933
27,1996
32,2047
37,2144
46,2195
40,2235
35,2345
23,2422
16,2507
7,2563
47,2689
45,2785
29,2937
43,3143
25,3147
13,3305
21,3513
34,3591
14,3667
12,3885
18,4055
22,4253
48,4550
10,4623
4,4986
19,5348

simblock.block.ProofOfWorkBlock@160c1d08:69
16,0
10,143
13,247
14,283
43,352
8,389
4,392
12,423
7,458
45,499
37,503
41,504
21,530
30,533
19,537
29,564
18,599
17,611
46,634
34,670
25,715
20,727
27,766
15,776
50,821
22,887
31,910
32,945
24,981
49,992
23,992
9,1039
28,1090
33,1206
3,1212
11,1258
6,1304
40,1331
36,1430
44,1481
39,1693
35,1707
48,1769
47,1930
26,2102
38,2148
42,2484
5,2815
2,3146
1,3493

simblock.block.ProofOfWorkBlock@1f2616d3:70
38,0
31,215
28,379
44,428
9,518
20,611
35,647
19,710
11,746
43,748
3,826
33,868
37,869
24,881
16,887
7,916
41,951
49,960
36,973
15,980
23,993
25,1015
32,1098
50,1107
47,1114
29,1152
34,1185
22,1213
27,1241
18,1244
46,1332
17,1332
12,1345
30,1396
4,1425
14,1439
6,1466
8,1473
45,1626
5,1644
40,1645
21,1658
13,1665
1,1726
10,1907
48,2201
39,2494
26,2799
42,3102
2,3404

simblock.block.ProofOfWorkBlock@73a218eb:71
45,0
30,137
8,245
17,281
43,355
41,387
12,388
18,423
13,460
21,497
16,498
14,500
50,533
7,565
4,604
37,606
19,615
22,640
46,672
15,715
10,729
34,757
23,776
38,855
31,881
29,882
32,932
35,950
28,974
25,989
27,1169
11,1209
5,1263
2,1310
20,1431
48,1511
26,1606
44,1659
40,1842
36,1877
49,2095
39,2232
33,2313
3,2557
47,2780
24,3005
9,3235
42,3569
6,3927
1,4272

simblock.block.ProofOfWorkBlock@73ee86a:72
19,0
34,144
18,249
12,288
29,355
21,393
41,395
13,437
8,459
45,494
4,499
7,506
22,538
30,538
37,564
43,602
16,603
15,643
50,671
23,710
11,742
10,748
27,771
14,776
25,816
3,839
17,922
38,944
28,960
36,961
35,995
46,1027
5,1133
40,1182
47,1214
9,1247
33,1432
39,1521
2,1534
26,1579
31,1654
32,1874
1,1924
24,2094
6,2273
20,2317
44,2538
49,2756
48,3091
42,3423

simblock.block.ProofOfWorkBlock@3e827f3:73
22,0
21,143
16,249
18,281
15,355
29,387
34,388
19,434
4,463
10,491
12,494
14,498
45,533
37,543
7,583
43,598
41,598
17,691
13,703
30,717
24,766
23,799
8,822
25,903
50,933
35,984
28,1003
48,1049
46,1057
27,1127
11,1203
40,1213
31,1280
47,1344
44,1497
1,1548
20,1562
32,1715
9,1780
33,1932
38,2011
3,2155
36,2234
49,2455
39,2548
2,2786

simblock.block.ProofOfWorkBlock@14aac310:74
40,0
5,406
27,740
2,803
49,962
26,1017
11,1071
1,1139
24,1195
15,1244
36,1293
6,1330
32,1340
42,1349
16,1385
47,1427
4,1439
18,1447
21,1478
44,1567
3,1668
38,1677
45,1679
28,1703
17,1714
9,1798
46,1804
34,1888
19,1921
31,1928
41,1937
39,1991
7,2038
50,2148
14,2166
35,2316
25,2404
43,2540
33,2649
13,2798
23,2904
20,2971
29,3267
10,3337
8,3628
37,3703
12,4072
48,4077
22,4434
30,4801

simblock.block.ProofOfWorkBlock@2eeed8d4:75
3,0
24,210
20,348
33,432
11,484
32,568
44,573
49,623
27,651
47,702
28,704
35,707
31,785
36,837
30,854
38,921
23,930
19,931
13,933
14,1055
12,1072
16,1090
8,1108
9,1135
43,1144
15,1162
4,1163
6,1190
26,1291
41,1317
40,1372
34,1388
22,1391
39,1399
29,1546
18,1614
46,1623
37,1772
1,1868
48,1923
25,1997
42,2168
17,2226
21,2453
7,2683
10,2913
45,3153
2,4004

simblock.block.ProofOfWorkBlock@8a7bc36:76
31,0
38,218
44,357
28,433
9,566
20,567
34,589
24,644
35,702
12,728
49,785
15,806
4,815
46,835
11,839
33,868
3,922
16,940
27,1002
41,1041
14,1046
25,1047
32,1055
50,1068
8,1078
37,1151
36,1204
23,1258
21,1273
43,1278
30,1297
18,1305
5,1358
47,1425
19,1500
10,1503
29,1526
1,1558
6,1607
40,1636
22,1735
45,1764
13,1963
17,1992
7,2218
48,2257
39,2550
2,2851
42,3158
26,3467

simblock.block.ProofOfWorkBlock@7e4c8a76:77
17,0
7,144
4,253
45,287
10,357
16,393
23,431
21,467
25,498
15,512
43,535
30,579
37,609
41,620
29,642
18,688
13,718
9,737
46,748
19,752
34,796
14,825
38,849
12,909
35,962
24,965
50,1014
8,1121
49,1183
48,1191
31,1202
22,1231
33,1400
20,1451
39,1472
40,1552
3,1669
27,1887
42,1891
47,2124
5,2225
36,2350
44,2568
6,2580
32,2787
28,3008
11,3238
2,3573
26,3909
1,4257

simblock.block.ProofOfWorkBlock@32e87d63:78
50,0
18,138
46,243
23,278
10,349
7,383
45,384
16,426
14,470
41,488
8,491
29,496
37,524
12,534
34,576
15,602
13,631
22,638
4,667
17,696
9,705
25,713
30,743
21,806
38,835
19,910
27,935
32,942
31,969
43,1016
5,1110
33,1153
36,1165
44,1242
35,1390
20,1391
42,1445
11,1466
39,1493
24,1613
28,1684
40,1721
26,1790
3,1901
48,1948
2,2064
47,2123
1,2297
49,2343

simblock.block.ProofOfWorkBlock@56a3ef7:78
49,0
27,224
35,386
33,524
44,607
3,663
43,722
32,740
24,801
31,842
29,860
11,875
10,875
20,936
17,964
16,967
28,1056
7,1095
36,1098
34,1103
6,1128
12,1163
37,1199
38,1212
13,1225
41,1328
23,1336
2,1384
22,1388
46,1438
47,1440
42,1525
25,1562
30,1567
18,1623
48,1632
1,1705
4,1787
15,1852
40,2006
14,2084
5,2086
21,2310
9,2375
50,2536
8,2765
19,2999
45,3226
39,3517
26,3823

simblock.block.ProofOfWorkBlock@7978e2ff:79
26,0
6,322
5,536
2,747
40,936
33,999
1,1066
36,1074
24,1213
35,1275
42,1276
32,1345
27,1347
28,1399
19,1578
20,1610
25,1641
15,1707
44,1723
9,1738
43,1792
13,1796
11,1934
49,2047
31,2067
8,2157
4,2244
3,2257
39,2372
50,2694
47,2700
38,3025
18,3143
37,3387
46,3592
10,3752
12,4041
22,4118
29,4489
23,4497
21,4858
45,4938
14,5221
41,5583
34,5956
7,6320
17,6684
30,7055
16,7420
48,7872

simblock.block.ProofOfWorkBlock@181ffaf0:80
20,0
35,212
32,357
33,442
49,490
24,569
3,626
27,661
10,701
28,759
11,795
16,839
14,842
44,894
23,927
38,973
50,985
47,1011
30,1068
31,1107
4,1123
36,1145
25,1154
43,1172
9,1193
12,1211
7,1296
45,1349
34,1388
40,1476
39,1508
29,1522
22,1576
37,1617
21,1750
13,1801
26,1808
8,1852
15,1975
46,2036
18,2079
6,2231
41,2274
1,2335
17,2501
19,2730
48,3025
42,3326
2,3628
5,3930

simblock.block.ProofOfWorkBlock@27ced872:81
45,0
23,137
13,241
22,277
43,346
34,384
4,393
15,423
25,450
18,490
50,490
19,527
17,533
30,556
10,562
37,594
16,602
8,661
12,724
38,739
27,757
29,771
21,828
31,873
46,878
41,942
32,958
7,985
28,988
14,1049
20,1203
35,1268
48,1298
44,1424
40,1606
49,1642
2,1643
11,1859
5,1944
39,2038
47,2077
26,2274
9,2295
3,2518
33,2738
36,2957
24,3180
42,3514
6,3863
1,4214

simblock.block.ProofOfWorkBlock@6fa75503:82
48,0
36,904
11,1116
3,1333
30,1399
38,1430
33,1472
21,1545
49,1548
28,1607
41,1627
31,1646
24,1710
44,1740
9,1795
37,1857
32,1891
7,1936
20,1956
23,1969
43,2021
45,2085
34,2146
29,2164
50,2196
17,2316
39,2323
27,2369
25,2390
46,2422
47,2488
22,2542
35,2589
42,2630
15,2648
2,2697
4,2771
6,3024
10,3061
13,3634
14,4203
16,4773
12,5342
8,5916
18,6487
19,7060
1,7708
26,8378
40,9046
5,9721

simblock.block.ProofOfWorkBlock@6ccd6981:82
27,0
49,235
33,370
24,455
11,586
20,590
21,600
28,671
32,722
35,726
4,740
44,807
8,832
7,847
3,862
38,885
41,952
34,955
25,968
10,978
16,1018
15,1060
50,1093
13,1095
30,1178
23,1185
31,1185
29,1213
36,1228
46,1293
19,1318
48,1400
9,1447
6,1452
42,1479
17,1531
45,1545
47,1667
2,1699
43,1759
5,1764
18,1776
12,1986
39,2079
14,2214
26,2381
22,2448
37,2674
1,2940
40,3240

simblock.block.ProofOfWorkBlock@4e2096c2:83
21,0
34,136
41,246
16,276
8,351
37,380
13,383
43,427
22,455
19,488
45,493
10,495
29,536
46,562
14,600
15,600
23,672
24,705
12,778
20,824
47,858
38,864
50,883
28,921
9,928
4,991
11,1050
48,1092
18,1097
35,1147
40,1181
7,1203
2,1211
5,1234
36,1280
17,1309
25,1413
6,1493
30,1543
32,1762
1,1840
44,1985
33,2204
3,2424
27,2643
31,2863
49,3082
26,3419
42,3749
39,4136

simblock.block.ProofOfWorkBlock@4f134331:84
12,0
21,148
8,253
18,292
13,359
19,398
22,401
37,464
43,503
46,506
16,510
15,557
17,572
45,610
30,616
25,700
29,731
7,734
24,780
41,806
10,836
50,839
20,849
34,912
4,1016
28,1051
35,1054
3,1059
38,1068
23,1127
14,1238
9,1271
33,1277
2,1403
27,1456
44,1504
40,1612
47,1676
31,1722
11,1893
32,1950
49,2116
26,2281
36,2340
48,2677
5,3008
42,3351
6,3697
1,4042
39,4436

simblock.block.ProofOfWorkBlock@267de771:85
45,0
25,137
46,244
21,280
23,352
50,385
22,390
17,420
8,460
41,492
12,496
16,497
4,527
19,530
43,565
14,601
18,618
13,671
37,676
15,707
31,760
7,775
10,811
27,838
28,868
38,871
30,879
34,917
29,984
32,990
35,1135
5,1172
40,1173
3,1207
48,1269
26,1321
33,1425
2,1468
49,1647
39,1855
36,1878
47,2097
24,2324
9,2550
11,2777
44,2994
20,3214
42,3550
1,3895
6,4255

simblock.block.ProofOfWorkBlock@637b4abf:85
33,0
49,213
35,347
3,429
24,485
20,564
11,620
28,698
32,757
44,775
15,793
36,839
27,894
47,973
30,979
31,995
18,1021
4,1069
46,1120
10,1202
41,1210
14,1251
7,1261
13,1294
37,1333
45,1346
43,1462
1,1463
12,1481
29,1499
40,1515
17,1524
16,1561
19,1571
50,1711
42,1768
23,1800
48,1818
8,1952
34,2029
2,2122
9,2140
22,2181
21,2260
39,2471
6,2514
38,2525
25,2589
26,2776
5,2821

simblock.block.ProofOfWorkBlock@50891d42:86
42,0
2,415
1,732
28,740
26,946
11,957
32,1068
5,1156
36,1169
50,1230
6,1272
44,1302
39,1322
24,1404
33,1437
3,1478
31,1512
41,1664
27,1670
49,1682
20,1732
13,1852
15,1890
35,2019
37,2049
38,2056
40,2189
7,2224
9,2372
8,2392
30,2411
4,2420
29,2591
47,2728
16,2772
22,2787
14,2953
21,3151
43,3174
46,3322
25,3520
18,3627
17,3686
12,3889
34,4073
19,4257
48,4568
10,4620
45,4984
23,5345

simblock.block.ProofOfWorkBlock@5f673700:87
19,0
14,140
29,247
12,280
50,351
45,384
15,399
41,418
18,459
13,490
46,492
23,509
17,522
30,533
37,564
43,594
22,612
7,619
21,627
8,669
16,699
10,723
4,738
34,776
25,828
28,831
9,864
3,924
11,966
24,993
27,1052
31,1211
38,1275
1,1316
35,1433
36,1499
49,1651
39,1711
40,1830
32,1868
44,2090
2,2162
47,2320
26,2494
33,2537
20,2759
5,2828
48,3100
6,3175
42,3431

simblock.block.ProofOfWorkBlock@26818000:88
25,0
7,139
10,246
37,278
12,356
50,385
18,391
19,423
13,461
29,490
16,496
4,538
34,570
41,597
17,601
15,676
30,679
36,759
23,781
38,815
47,819
49,837
28,882
8,888
24,890
27,979
22,992
11,1035
32,1038
14,1097
46,1205
44,1256
21,1313
40,1315
33,1327
6,1328
48,1372
45,1424
20,1550
43,1573
26,1592
5,1702
31,1767
9,1795
35,2012
3,2238
2,2571
42,2905
1,3253
39,3649

simblock.block.ProofOfWorkBlock@4af4e98c:89
30,0
17,139
41,244
22,282
4,360
46,385
18,388
25,426
23,471
37,491
8,494
19,531
16,533
15,575
13,597
34,601
29,634
21,681
7,709
49,772
45,787
31,816
12,817
35,855
33,865
50,921
38,997
36,1006
10,1028
9,1034
40,1188
48,1195
14,1234
32,1238
28,1246
42,1329
43,1339
44,1459
27,1470
6,1678
3,1688
20,1690
39,1729
11,1916
47,1917
24,2135
2,2252
5,2467
1,2600
26,2798

simblock.block.ProofOfWorkBlock@51278d48:90
21,0
18,138
34,242
19,283
41,346
37,380
14,422
17,452
15,487
16,489
29,527
43,532
25,566
10,599
11,620
8,671
45,707
13,744
20,767
46,783
36,838
22,890
38,924
28,935
47,984
12,996
35,1058
23,1107
5,1205
7,1212
2,1269
9,1277
4,1317
30,1422
24,1495
50,1528
40,1613
31,1751
48,1836
32,1968
1,2182
49,2198
3,2424
6,2540
33,2641
27,2866
44,3083
42,3421
26,3757
39,4154

simblock.block.ProofOfWorkBlock@436efab4:90
40,0
5,403
27,732
26,802
49,946
2,1013
11,1070
6,1129
24,1176
17,1222
39,1340
42,1412
50,1432
46,1434
15,1449
36,1544
18,1660
3,1667
21,1686
14,1798
13,1861
47,1867
45,1887
1,1939
32,1990
19,2126
43,2165
38,2201
25,2235
35,2319
29,2527
44,2544
9,2603
20,2642
31,2782
28,2873
23,2892
33,2970
41,3235
4,3261
22,3333
7,3602
8,3628
30,3699
16,3968
37,4063
48,4099
34,4329
10,4435
12,4805

simblock.block.ProofOfWorkBlock@6b11d01f:91
10,0
8,184
29,291
43,332
14,402
12,439
37,477
50,507
19,543
7,557
34,577
41,612
45,647
18,652
4,681
22,696
16,717
13,751
30,774
32,777
21,858
17,859
36,899
23,964
25,965
28,999
31,1024
15,1069
46,1070
6,1164
33,1244
11,1286
27,1293
20,1466
35,1504
49,1512
24,1685
44,1725
40,1849
38,1944
3,2170
39,2237
47,2393
9,2611
48,2952
1,4681

simblock.block.ProofOfWorkBlock@7ef753e:92
18,0
19,140
41,245
8,291
50,363
15,384
14,397
7,468
10,488
34,502
16,527
46,572
30,595
37,608
22,633
4,653
17,684
12,700
29,712
43,742
23,807
13,808
45,854
28,862
38,886
21,912
44,933
25,959
3,1032
49,1129
20,1152
27,1177
5,1216
36,1350
26,1364
33,1381
40,1508
2,1550
11,1594
31,1598
35,1814
47,1817
39,1901
32,2036
42,2155
24,2257
9,2482
48,2818
1,3167
6,3517

simblock.block.ProofOfWorkBlock@59ecbab5:93
44,0
31,213
11,363
38,427
35,498
3,572
20,640
9,656
33,708
4,710
49,716
24,789
47,851
32,864
17,882
43,921
27,924
34,945
8,983
36,991
16,1093
45,1116
28,1129
22,1162
25,1220
6,1286
19,1342
18,1361
14,1390
37,1467
7,1571
23,1592
13,1617
1,1720
30,1801
46,1818
39,1908
29,2028
15,2045
48,2204
41,2253
12,2271
10,2479
42,2507
40,2574
21,2704
2,2810
5,2917
50,2930
26,3236

simblock.block.ProofOfWorkBlock@16a1632d:94
25,0
10,138
8,249
17,280
23,353
29,386
19,392
30,418
45,469
41,490
4,531
37,535
13,575
50,595
18,637
14,680
16,706
49,748
21,785
33,842
20,855
24,877
43,899
38,923
27,967
34,1006
32,1074
31,1099
22,1117
11,1141
46,1222
6,1226
36,1292
40,1302
12,1327
44,1362
15,1433
28,1515
7,1539
47,1584
35,1756
48,1926
9,2200
26,2261
2,2533
5,2599
42,2869
1,3216

simblock.block.ProofOfWorkBlock@559c1e94:95
27,0
33,212
49,347
32,422
20,563
24,567
12,580
3,698
35,701
25,725
44,783
28,792
14,808
4,830
11,835
30,905
50,924
31,1015
38,1023
8,1034
36,1058
45,1060
29,1131
18,1152
16,1190
48,1239
37,1264
47,1275
23,1286
41,1357
39,1443
43,1505
19,1518
2,1554
7,1584
17,1731
26,1746
34,1746
13,1817
15,1958
6,2001
42,2125
21,2191
5,2322
46,2416
10,2548
22,2642
9,2766
1,2898
40,3198

simblock.block.ProofOfWorkBlock@45261025:96
35,0
49,213
33,351
3,433
20,489
32,567
27,575
44,625
11,701
24,709
28,713
31,846
4,851
30,918
36,924
38,940
15,946
6,962
13,1018
47,1065
43,1066
18,1078
17,1145
9,1156
21,1176
25,1308
48,1319
40,1366
41,1374
45,1401
46,1536
29,1600
42,1618
22,1627
37,1766
16,1826
12,1853
23,1995
7,2056
50,2090
8,2222
14,2318
2,2360
10,2455
39,2611
34,2697
26,2912
19,2926
1,3185
5,3486

simblock.block.ProofOfWorkBlock@405a396d:97
11,0
47,212
36,346
33,491
28,627
19,701
35,716
44,761
38,839
14,844
8,844
49,854
3,896
43,928
29,951
20,973
31,976
27,988
9,1063
16,1081
46,1122
32,1123
30,1157
25,1209
24,1256
39,1326
50,1353
7,1383
21,1489
2,1562
18,1583
37,1625
42,1635
34,1716
17,1810
13,1853
41,2045
4,2081
45,2276
22,2314
12,2505
1,2574
10,2732
6,2826
23,2960
26,3132
15,3189
48,3433
40,3498
5,3801

simblock.block.ProofOfWorkBlock@6746c91a:97
26,0
6,316
5,528
2,754
40,935
49,1081
20,1264
47,1410
11,1588
28,1736
3,1915
38,2059
32,2248
36,2387
35,2578
39,2714
33,2906
44,3037
12,3271
7,3399
4,3636
17,3769
21,4143
16,4508
10,4875
34,5238
22,5600
14,5970
41,6344
23,6716
37,7080
30,7441
48,7893

simblock.block.ProofOfWorkBlock@31ad9f51:98
22,0
16,138
23,245
34,282
25,350
12,384
10,389
50,431
21,454
41,489
29,514
19,538
15,559
8,597
43,619
37,666
7,667
46,703
13,728
4,776
14,808
44,877
17,881
24,886
45,913
28,924
32,938
3,948
30,1023
38,1101
31,1103
18,1127
48,1289
47,1319
11,1353
39,1366
1,1449
27,1542
35,1570
36,1763
33,1793
9,1988
40,2123
49,2212
20,2432
2,2772
26,3111
42,3443
5,3774
6,4123

simblock.block.ProofOfWorkBlock@2a41bbd8:99
11,0
36,214
47,353
28,486
3,621
20,701
16,705
44,757
49,834
24,838
7,843
29,847
33,900
35,913
30,936
34,951
31,969
38,974
27,1046
32,1047
19,1069
25,1111
17,1127
14,1162
9,1188
39,1270
43,1296
21,1336
8,1338
10,1356
13,1389
1,1557
42,1571
23,1582
4,1615
2,1642
50,1809
37,1843
12,2036
22,2091
46,2264
6,2351
18,2497
48,2643
41,2725
26,2945
15,2959
45,3186
40,3488
5,3788

simblock.block.ProofOfWorkBlock@7c6923fe:99
29,0
45,149
13,253
30,289
19,357
25,395
12,406
8,468
23,502
41,517
37,544
43,574
46,608
4,626
18,641
17,650
15,658
16,680
7,713
22,745
34,755
50,769
10,787
38,843
21,864
20,935
35,956
14,983
32,1006
31,1013
36,1165
48,1198
27,1203
3,1228
28,1255
26,1321
11,1389
44,1450
5,1534
39,1587
24,1612
40,1783
9,1830
49,2049
2,2139
47,2267
6,2485
33,2499
42,2831
1,3185

simblock.block.ProofOfWorkBlock@3c77403e:100
45,0
29,423
30,531
19,570
43,639
15,672
10,674
34,710
13,753
41,779
16,780
50,815
22,817
46,873
12,880
17,883
37,921
8,982
21,990
32,1003
14,1026
4,1095
7,1101
27,1117
18,1163
23,1207
28,1299
25,1313
2,1334
38,1338
31,1384
5,1427
3,1531
35,1607
40,1665
39,1750
47,1751
26,1759
48,1944
9,1977
20,2220
44,2437
24,2655
36,2873
33,3101
49,3322
11,3542
42,3873
1,4219


simblock.block.ProofOfWorkBlock@3d8cef0c:67
simblock.block.ProofOfWorkBlock@7294b05e:58
simblock.block.ProofOfWorkBlock@267de771:85
simblock.block.ProofOfWorkBlock@21225732:62
simblock.block.ProofOfWorkBlock@b9d018b:9
simblock.block.ProofOfWorkBlock@7c6923fe:99
simblock.block.ProofOfWorkBlock@2a41bbd8:99
simblock.block.ProofOfWorkBlock@436efab4:90
simblock.block.ProofOfWorkBlock@6746c91a:97
simblock.block.ProofOfWorkBlock@56a3ef7:78
simblock.block.ProofOfWorkBlock@2c19a9f:42
simblock.block.ProofOfWorkBlock@2960f500:47
simblock.block.ProofOfWorkBlock@7fa3a543:57
simblock.block.ProofOfWorkBlock@4d4ae76:29
simblock.block.ProofOfWorkBlock@223095d3:27
simblock.block.ProofOfWorkBlock@6fa75503:82
simblock.block.ProofOfWorkBlock@41285940:38
simblock.block.ProofOfWorkBlock@79d7ae7d:36
simblock.block.ProofOfWorkBlock@56f1db5f:28
simblock.block.ProofOfWorkBlock@79f12c07:49
simblock.block.ProofOfWorkBlock@2ff8844e:53
simblock.block.ProofOfWorkBlock@35d3202b:17
simblock.block.ProofOfWorkBlock@550acc33:53
simblock.block.ProofOfWorkBlock@2431050d:16
simblock.block.ProofOfWorkBlock@311453ab:18
simblock.block.ProofOfWorkBlock@451ee4a1:58
20
3257

BUILD SUCCESSFUL in 8s
2 actionable tasks: 2 executed
