> Task :simulator:compileJava
> Task :simulator:processResources NO-SOURCE
> Task :simulator:classes

> Task :simulator:run
simblock.block.ProofOfWorkBlock@cc34f4d:0
40,0
790,49
763,63
1701,80
1254,116
993,130
1334,139
1508,145
1969,160
491,165
1884,176
1861,177
1735,184
1242,191
1033,195
994,196
1095,198
621,200
387,207
897,210
486,212
278,213
958,215
1688,219
916,224
1557,225
464,227
41,228
1355,229
969,230
499,238
1591,238
233,239
72,240
143,242
56,242
1943,243
193,244
1071,246
1925,246
948,248
445,250
1384,256
201,258
895,258
1229,258
377,261
904,262
812,263
1112,264
1048,265
1783,265
837,266
1503,272
24,274
484,274
1437,276
1905,279
1327,279
1706,280
150,281
1449,283
870,284
92,285
109,286
1046,286
1287,287
1533,287
1018,288
549,288
1705,288
1868,289
1444,290
845,290
1085,291
1385,291
254,292
340,293
1855,293
1010,294
888,297
922,298
255,300
300,300
1732,300
1913,303
1740,304
1592,304
1370,305
1916,306
1549,306
771,306
1315,306
1948,307
1495,307
1052,307
1410,309
793,312
734,312
186,312
878,313
1178,313
1319,315
579,315
634,316
844,316
325,317
1827,317
860,320
1340,320
331,320
743,320
658,321
1190,321
853,321
647,322
816,322
989,322
902,323
1261,324
1964,326
513,326
613,327
6,327
1824,328
403,328
687,328
1234,329
1263,329
1741,329
1004,329
690,330
926,330
1098,331
1605,331
454,332
705,333
1003,334
1668,335
867,335
436,335
248,335
189,336
1505,337
1035,337
431,337
551,338
406,338
1201,338
742,338
808,339
806,339
237,339
1154,341
1176,341
267,342
1104,342
1213,343
477,344
1002,344
946,345
972,345
271,346
1610,346
1088,347
1594,347
1290,347
1695,347
1302,347
1198,348
1798,348
1396,348
602,349
1448,349
447,350
156,350
498,351
598,351
310,351
36,351
673,351
1672,351
375,351
1392,352
268,352
343,352
1665,352
1853,353
811,353
449,353
1347,354
1890,354
136,355
1511,355
1597,356
1978,356
357,357
1544,357
963,357
450,358
1524,358
1743,358
1394,358
1226,358
89,358
1271,358
516,359
1356,359
596,359
1985,359
941,359
1079,360
1555,360
917,361
797,361
1029,361
1720,362
199,362
1493,362
1742,363
1043,363
141,363
1874,363
1124,364
791,364
175,364
1082,364
471,364
1461,365
1886,365
1193,365
1778,365
166,365
1528,365
1194,366
1902,367
241,367
1235,368
1600,368
1164,368
543,368
105,368
889,369
318,369
244,370
936,370
1376,371
929,371
887,371
45,371
635,372
460,373
1537,373
1638,373
1208,373
151,373
1150,373
1915,374
342,374
1520,374
391,375
1546,375
823,375
1077,376
472,376
293,376
577,377
309,377
1072,377
1220,378
1168,378
1895,378
847,379
973,379
182,379
1709,379
227,380
1467,380
1483,380
1350,380
1028,381
1343,381
1484,382
1923,382
925,382
1113,382
571,383
1262,383
139,383
681,384
1676,384
1749,384
1490,385
439,385
1027,385
966,385
1608,385
1328,386
1196,387
924,387
1146,387
672,387
1831,387
1684,387
1771,388
395,388
371,388
1604,388
654,388
1239,388
130,388
1664,389
1161,389
1658,389
1872,390
555,390
280,390
651,390
671,390
1609,391
354,391
1041,392
1044,392
1947,392
772,392
1267,392
1536,393
714,393
430,394
426,394
677,394
1268,394
965,395
562,395
1504,395
1093,396
788,396
1768,396
1982,396
1132,396
1875,397
1849,397
1750,397
1230,397
1501,397
1136,397
496,397
769,398
1255,398
1909,398
680,399
419,399
1823,399
1518,399
1857,399
1839,399
953,399
601,400
1470,400
852,400
1398,400
54,400
733,400
415,400
583,401
470,401
559,401
1026,401
467,401
400,401
560,401
349,402
1908,402
1762,402
1060,402
1810,402
1612,402
940,403
1017,403
616,403
1074,403
1173,403
1020,403
1357,403
206,403
1877,403
1086,404
536,404
578,404
215,404
1224,405
697,405
1413,405
1428,405
221,406
1313,406
60,407
605,407
85,408
1976,408
259,409
29,409
281,409
937,409
256,409
1405,410
1759,410
1159,410
1023,410
815,410
1281,410
465,410
628,410
1333,411
1736,411
504,411
826,411
1119,412
1209,412
686,412
1900,412
1245,412
1042,413
1025,413
1260,413
1639,413
379,413
1423,414
1265,414
1820,414
81,414
1776,415
456,415
394,415
834,415
794,416
84,416
510,416
124,416
572,416
1757,416
339,417
1080,417
1755,417
53,418
1725,418
161,419
1353,419
1834,419
316,419
1530,419
796,419
364,420
990,420
1218,420
80,421
1744,421
1648,421
96,421
632,421
126,421
762,421
1866,421
1012,422
760,422
1502,422
1731,422
1186,423
1403,423
285,423
890,423
1191,423
277,423
1765,425
871,425
1142,426
326,426
1105,426
1064,426
1057,426
1994,427
640,427
30,427
385,427
23,427
586,429
453,430
1038,430
1008,430
692,430
1312,431
1882,431
1903,432
1000,432
1016,432
1147,432
839,432
1575,432
119,433
1257,433
501,433
1529,433
1542,433
754,433
246,433
247,434
1805,434
1115,434
703,434
1070,434
195,434
1821,434
933,434
495,434
359,435
1988,435
558,436
1304,436
1435,436
630,437
4,437
1457,437
938,437
1481,437
565,438
527,438
595,439
1806,439
1696,439
1276,440
1317,440
745,440
876,440
384,441
21,441
982,441
1951,441
345,441
699,441
252,441
1653,442
1251,443
1202,443
330,444
437,444
1893,444
204,444
1774,445
1371,445
918,445
873,445
494,445
620,445
1270,445
1422,446
351,446
295,447
1912,447
1655,447
1076,447
732,447
1876,448
945,448
1416,448
1482,448
1373,448
843,448
980,449
1459,449
82,449
553,449
644,451
1421,452
1992,452
1454,452
1936,452
1341,453
1326,453
1556,453
657,454
446,454
761,454
507,455
1987,455
1724,456
120,456
1845,456
262,457
1571,457
434,458
110,458
323,458
505,459
332,461
307,462
780,463
1769,463
353,463
862,464
1617,464
194,464
1314,464
202,465
1404,466
1930,467
222,467
1211,468
352,468
1954,469
840,469
1246,470
1462,471
954,471
8,471
795,471
468,471
208,471
1896,472
1745,472
1199,473
1543,473
1266,474
1471,474
1259,475
1917,475
270,476
260,478
1675,478
1928,479
232,479
1492,479
537,480
540,480
1792,480
1062,480
392,482
1523,483
1616,483
49,484
1901,484
1975,484
659,485
789,485
44,486
1427,486
238,486
370,487
424,488
1959,489
1476,489
557,489
1049,489
568,490
1036,491
1719,491
503,492
1380,492
859,493
629,493
1283,494
229,494
1337,494
1531,495
144,495
1123,495
1366,496
1554,497
879,497
892,497
217,497
626,498
1734,498
817,499
1037,499
1494,500
1134,501
20,501
1298,503
1141,506
1939,506
1069,507
1693,508
1726,508
1272,509
147,509
1967,509
38,514
1721,514
420,515
1922,516
1583,517
655,517
146,518
1475,518
1377,519
1968,519
381,519
500,520
432,520
636,522
1090,522
127,522
1581,527
614,527
1704,528
606,530
1779,530
1472,530
324,530
1280,531
158,532
825,532
171,537
1171,541
1565,542
617,542
691,543
170,543
1102,544
405,545
731,546
1309,547
1867,548
1395,549
366,553
1293,554
7,557
807,559
1306,564
1325,566
410,571
115,572
1899,573
1990,573
481,573
967,574
1303,575
1250,576
1330,578
1278,580
1440,581
1772,582
592,583
1682,584
1859,584
846,584
567,585
235,589
804,590
1499,590
718,591
919,594
637,594
311,598
1207,599
1754,599
1419,599
373,600
1381,600
1921,605
901,606
1222,608
131,609
284,610
1187,619
523,620
274,620
1249,621
735,622
1760,623
1931,623
1526,624
322,624
824,626
872,626
836,627
1294,628
412,630
737,633
645,633
476,633
1650,634
1305,635
912,637
726,639
1865,640
1197,643
1047,648
376,649
1083,650
1786,654
951,656
404,665
1580,666
1946,672
1623,672
978,679
1282,680
1547,680
1155,681
1807,682
1452,683
106,687
211,689
830,690
1937,690
22,693
1803,694
1185,696
100,698
1006,699
1362,700
25,701
515,701
1022,704
1924,706
877,706
1842,708
121,711
290,712
693,712
1906,712
1075,712
368,713
1111,714
1728,714
1891,715
346,716
1689,718
207,718
27,719
1368,720
633,721
717,721
1092,722
261,725
1746,726
209,726
1323,728
1963,730
167,731
1588,731
435,733
1974,733
1390,735
101,735
43,735
1601,735
83,735
1525,735
1576,735
563,736
1624,739
923,743
249,743
615,743
1308,744
1352,744
1188,744
1926,744
757,746
1247,747
829,747
107,748
1480,750
730,750
533,751
976,751
1273,752
160,752
283,752
176,753
838,753
534,754
59,754
1981,755
1984,755
1770,755
2000,756
1971,757
457,757
597,758
140,758
1717,758
519,758
885,759
801,760
1369,761
1215,761
205,762
1180,764
294,764
12,764
1852,765
1264,767
799,767
589,768
39,768
213,769
1707,769
1121,770
108,770
418,770
1160,771
358,771
764,772
702,772
1219,773
907,773
1135,773
162,775
1114,777
774,777
1813,777
805,777
996,777
327,778
172,779
1389,780
667,781
1566,782
428,783
770,784
138,785
1660,787
1883,787
408,787
857,788
1858,792
179,793
61,794
1910,797
1880,797
1938,798
1860,799
1346,799
1228,799
661,801
1596,801
532,802
18,802
443,803
397,805
509,807
529,807
1949,809
1739,809
52,809
1295,813
442,814
1133,816
1310,819
908,819
1409,821
1932,821
736,822
258,825
1587,827
386,828
1791,829
459,830
977,831
1814,832
1662,832
625,832
707,832
361,832
1727,833
1830,834
1673,835
842,836
73,839
995,842
798,843
898,843
1519,844
461,845
611,847
231,847
79,849
1540,850
1567,851
1538,851
1979,851
997,851
374,852
1691,852
1184,853
746,853
1241,854
1797,855
1359,856
1694,860
1179,862
1445,865
292,865
1829,867
979,867
273,868
1819,869
1710,870
1407,870
1103,872
721,875
1881,876
203,877
62,877
1550,881
1894,881
600,882
1108,883
594,883
1460,883
1879,884
1920,885
1784,888
396,888
1715,891
328,892
71,893
1039,894
1167,894
1129,895
169,896
544,899
1506,903
1497,903
1507,905
656,910
1212,910
1802,910
1274,910
1788,911
514,912
528,913
1393,914
455,914
301,918
1517,918
1970,919
755,922
1826,923
1478,928
299,933
1560,934
1233,936
401,938
1767,939
900,942
1832,942
1510,950
747,959
580,959
1999,960
1680,960
153,960
1712,962
1024,962
1277,963
1564,964
1645,970
1189,971
753,975
975,976
624,979
758,981
463,987
1942,989
786,991
1488,991
188,992
631,996
1116,997
1685,997
1602,1003
650,1005
225,1006
409,1010
1514,1011
118,1013
1269,1017
31,1017
875,1017
1149,1017
487,1019
1204,1021
452,1022
1553,1023
783,1025
939,1030
185,1032
1854,1036
416,1037
1607,1037
891,1038
1628,1041
313,1044
1001,1045
159,1056
390,1056
1679,1057
1794,1059
1005,1059
765,1061
168,1061
675,1062
1172,1062
1593,1063
1131,1064
1785,1065
986,1071
1145,1072
1983,1072
86,1073
1539,1076
210,1077
1365,1078
1995,1079
34,1079
1873,1080
1426,1081
723,1081
1344,1081
99,1083
785,1083
1091,1085
727,1086
648,1087
1066,1087
1087,1089
1953,1090
1545,1091
874,1091
1096,1092
841,1094
700,1096
42,1096
1248,1096
722,1096
1372,1097
1606,1098
1927,1099
1801,1100
74,1101
1512,1104
778,1105
1838,1107
1417,1108
1933,1110
716,1112
706,1112
1619,1117
1522,1117
1489,1117
1618,1118
1165,1121
216,1123
148,1123
1153,1124
1297,1125
1358,1126
1669,1127
881,1127
1094,1128
1516,1132
1402,1132
1320,1133
1716,1135
1584,1137
1203,1139
1835,1139
64,1139
776,1141
932,1142
1585,1146
512,1147
10,1148
1354,1148
1911,1149
1708,1149
564,1149
308,1150
462,1150
1073,1150
1383,1151
1570,1153
1635,1154
531,1156
50,1158
1677,1160
915,1162
95,1163
288,1163
164,1167
1681,1168
1833,1173
1063,1174
1439,1174
1406,1178
886,1178
1804,1179
137,1182
1238,1185
490,1185
678,1191
1110,1191
37,1194
1789,1195
738,1199
1424,1200
864,1201
695,1202
181,1202
1513,1202
1453,1209
920,1210
1828,1211
75,1213
1379,1213
1158,1215
1451,1220
1382,1224
1336,1228
122,1229
609,1231
1699,1236
710,1240
103,1244
1465,1251
1649,1252
129,1253
1084,1254
949,1255
947,1256
257,1257
234,1265
1674,1265
1574,1268
196,1269
1640,1281
1156,1285
1143,1290
1647,1297
856,1297
1429,1300
1945,1301
810,1301
1515,1304
1106,1305
712,1307
556,1308
1056,1311
1174,1311
297,1312
729,1315
1244,1318
905,1323
814,1324
813,1330
356,1335
1050,1335
1541,1336
1700,1338
1391,1339
724,1345
773,1355
694,1359
627,1363
1552,1365
542,1366
741,1369
1367,1373
76,1376
720,1377
1109,1380
165,1381
1128,1383
1388,1384
1714,1384
1562,1386
1633,1389
402,1399
1258,1403
1935,1407
1888,1408
287,1409
230,1410
767,1410
1578,1411
94,1411
1175,1413
1078,1420
1878,1423
1753,1423
599,1439
1671,1441
14,1444
956,1447
1045,1449
777,1449
959,1451
1301,1458
1582,1464
212,1467
132,1470
1400,1471
1163,1472
321,1479
1183,1480
291,1494
1099,1500
1521,1501
1711,1507
669,1511
1840,1515
1473,1517
739,1519
1841,1522
1015,1525
1686,1526
1434,1531
46,1533
1960,1538
575,1542
865,1545
1667,1546
1782,1546
1009,1555
154,1558
674,1560
1296,1564
421,1569
957,1571
1864,1573
943,1578
183,1581
1034,1582
547,1583
623,1584
251,1586
111,1590
970,1597
282,1599
641,1600
1955,1603
1629,1604
178,1611
1342,1620
1436,1626
1378,1626
1081,1638
1850,1638
642,1640
91,1640
414,1642
1848,1652
478,1655
383,1656
535,1656
117,1663
960,1673
298,1674
913,1675
538,1676
882,1680
1477,1683
585,1684
1399,1690
1666,1691
1289,1699
1871,1700
1599,1721
1318,1724
1643,1724
987,1725
1663,1727
417,1731
1177,1733
784,1736
1450,1736
1569,1769
914,1774
1122,1780
433,1796
134,1805
868,1807
809,1809
1292,1816
942,1825
1500,1825
1021,1828
1192,1832
522,1834
775,1837
363,1838
1918,1839
1986,1851
827,1862
200,1875
239,1881
1068,1882
135,1884
1595,1886
1579,1894
1817,1894
518,1900
1989,1903
855,1908
911,1912
1067,1916
1790,1918
1279,1936
70,1937
1206,1943
803,1968
1288,1969
1151,1973
928,1975
1474,1981
1534,1983
1613,1995
314,2005
184,2005
1651,2006
1125,2010
1130,2012
593,2040
1316,2041
831,2041
1061,2044
380,2052
337,2055
787,2058
981,2063
750,2063
1889,2066
90,2068
1897,2069
506,2075
1443,2079
1718,2082
1014,2087
263,2102
1237,2117
833,2126
1952,2130
198,2141
1836,2145
26,2153
539,2163
399,2190
944,2198
1590,2210
581,2212
1781,2226
1479,2235
999,2237
411,2239
652,2241
1054,2244
1862,2245
93,2246
704,2246
413,2246
550,2251
1217,2275
688,2281
679,2290
744,2315
378,2316
398,2325
639,2334
319,2337
666,2364
646,2369
466,2384
180,2398
1793,2399
584,2403
389,2422
48,2432
479,2440
1844,2456
1563,2458
1458,2463
983,2488
1644,2526
355,2528
367,2548
1162,2556
1205,2562
884,2563
1117,2568
1441,2571
1253,2572
1231,2586
603,2594
303,2609
548,2654
1847,2663
545,2678
1572,2703
1966,2707
1800,2711
78,2722
1486,2730
286,2782
759,2797
1603,2811
1738,2823
1780,2843
906,2855
1322,2877
1652,2920
407,2949
1756,2952
1620,2971
1374,2972
1996,2981
653,3050
962,3063
1962,3081
219,3095
1958,3097
709,3105
1032,3113
1748,3115
142,3141
820,3198
715,3224
492,3233
719,3268
883,3268
619,3269
1713,3273
302,3343
128,3356
1181,3385
1626,3397
569,3431
438,3444
1485,3460
35,3474
1752,3520
682,3529
927,3580
336,3649
1442,3657
243,3661
608,3674
968,3697
1631,3702
985,3706
961,3755
685,3778
312,3793
113,3804
612,3807
47,3824
1431,3839
576,3844
197,3845
1598,3848
866,3849
1348,3859
1157,3860
1414,3864
236,3883
440,3884
1300,3891
1107,3905
265,3907
573,3908
1223,3909
1509,3922
317,3945
1870,3964
1432,3970
1799,3973
1339,3981
333,3993
1408,3996
1221,4000
1993,4006
1898,4008
511,4011
1809,4012
1625,4014
649,4025
57,4027
893,4028
272,4029
665,4030
458,4032
910,4032
51,4035
224,4037
590,4038
1013,4038
1758,4038
1,4041
1956,4041
444,4042
1670,4044
1210,4047
1527,4050
766,4050
1120,4051
1338,4053
174,4054
1349,4056
530,4057
1998,4057
1535,4059
1463,4060
1299,4062
220,4064
304,4065
16,4065
561,4068
488,4069
903,4069
152,4069
1737,4071
429,4072
1101,4074
1991,4075
701,4077
1815,4078
698,4078
1256,4083
713,4084
1138,4085
604,4086
1089,4087
1703,4088
1729,4088
67,4089
1455,4092
1464,4092
1364,4092
1468,4093
1227,4094
1420,4094
68,4094
934,4094
69,4095
1214,4096
869,4096
1446,4097
15,4101
173,4101
228,4101
1577,4104
1059,4105
344,4105
279,4111
1433,4113
88,4116
1980,4118
289,4118
1586,4119
1456,4120
662,4121
422,4125
341,4128
475,4129
1240,4129
334,4129
276,4130
1869,4134
554,4142
1425,4143
711,4143
1957,4144
369,4144
1887,4146
483,4151
347,4152
1496,4156
1363,4159
1702,4167
55,4170
350,4170
214,4174
909,4188
1559,4189
266,4190
1286,4192
1843,4203
441,4208
1825,4210
187,4214
588,4220
1011,4222
191,4236
275,4237
1169,4247
821,4247
660,4248
98,4251
955,4267
1659,4268
1642,4268
112,4271
570,4272
664,4278
1614,4283
822,4295
474,4295
1182,4296
1892,4297
574,4314
1140,4316
114,4319
315,4321
116,4332
689,4337
520,4338
1796,4339
163,4342
427,4344
1965,4361
1324,4366
1252,4373
850,4379
1678,4381
240,4382
521,4383
1275,4387
524,4392
1730,4399
756,4400
964,4404
65,4405
1361,4409
1170,4416
485,4419
125,4421
63,4426
1118,4427
1611,4432
971,4439
792,4445
1144,4449
335,4452
1291,4455
104,4468
1787,4472
1551,4488
1747,4495
1127,4510
306,4513
1335,4529
1940,4530
362,4538
751,4543
1630,4544
190,4544
382,4546
1137,4546
819,4555
607,4556
489,4559
1100,4561
493,4574
782,4583
1811,4587
1863,4595
1243,4596
1977,4601
921,4605
894,4608
348,4631
2,4633
638,4663
338,4667
725,4675
1972,4689
1761,4714
880,4721
245,4721
1447,4723
1007,4724
1997,4729
1934,4730
1236,4731
145,4735
991,4736
1697,4739
17,4740
849,4761
781,4763
676,4765
1019,4769
1332,4770
1401,4776
1053,4797
768,4803
1139,4804
861,4815
77,4819
541,4819
1973,4824
984,4827
250,4829
123,4834
896,4860
133,4861
848,4864
1627,4867
1491,4868
11,4892
1487,4905
1914,4932
668,4939
992,4943
858,4951
365,4964
1225,4973
1375,4974
1904,4978
622,4983
1216,4991
1345,5000
425,5003
1418,5013
1751,5014
66,5023
1331,5030
1690,5033
423,5044
32,5045
899,5045
1152,5090
1687,5094
818,5125
1466,5139
1058,5161
546,5161
1200,5162
223,5168
1632,5178
19,5181
253,5196
728,5207
643,5217
752,5223
1285,5227
329,5239
1360,5259
1657,5259
582,5264
192,5284
1944,5286
1195,5316
1030,5329
1411,5330
1641,5350
482,5352
269,5381
1284,5386
1929,5415
497,5417
1851,5418
1698,5457
1837,5460
1232,5496
226,5506
800,5544
1415,5560
1351,5582
1386,5597
950,5600
473,5635
1329,5663
828,5694
974,5700
469,5715
566,5734
1775,5752
13,5772
296,5839
1321,5843
851,5852
610,5856
683,5864
779,5890
517,5908
157,5925
1766,5935
177,5942
155,5979
320,5996
1723,6018
33,6018
1941,6020
1166,6041
1885,6108
1307,6124
448,6156
305,6175
1683,6185
930,6200
1051,6267
1387,6298
1065,6315
1438,6366
696,6392
502,6401
1040,6402
1561,6438
1031,6445
58,6482
663,6541
835,6601
5,6684
748,6718
480,6731
670,6744
1412,6898
1808,6972
832,7026
1919,7060
1646,7410
1634,7471
591,7497
1950,7730
1636,7730
618,7757
1656,7758
87,7770
1822,7790
508,7796
1846,7804
149,7820
1777,7839
740,7924
1615,7976
102,7994
1637,8063
998,8064
242,8069
9,8107
1856,8122
388,8143
1818,8166
372,8198
935,8241
802,8242
552,8330
587,8351
393,8354
360,8358
1795,8407
28,8516
525,8564
749,8604
952,8608
1055,8627
863,8659
684,8670
3,8711
1558,8740
1097,8803
1773,8806
526,8811
1622,8847
1661,8852
1126,8936
1548,8939
1816,8981
1397,9022
264,9063
1692,9072
931,9091
1430,9128
451,9140
1532,9179
1469,9235
97,9300
854,9314
1311,9347
1764,9460
1498,9561
1763,9709
1961,9746
218,9868
1621,10041
1907,10169
1722,10195
708,10282
1589,10446
1148,11367
1733,11562
1654,12038
1573,12170
988,12413
1812,12848
1568,13220

simblock.block.ProofOfWorkBlock@38980d25:1
918,0
701,3717
1312,3745
672,3759
323,3808
1266,3808
424,3821
903,3823
1449,3840
1918,3842
537,3855
345,3856
1931,3870
1549,3875
982,3878
1428,3884
1136,3885
80,3889
88,3890
1454,3894
732,3898
1044,3898
1398,3903
420,3907
1012,3908
919,3909
1340,3915
57,3915
1902,3917
1544,3917
1417,3918
406,3920
1444,3924
1623,3926
902,3931
403,3931
332,3932
1157,3936
516,3937
1416,3937
1755,3938
89,3939
1476,3941
1384,3945
1025,3946
1744,3947
54,3951
551,3953
307,3953
1849,3954
1123,3954
826,3956
1535,3957
1893,3958
85,3961
1484,3962
922,3962
1202,3963
616,3963
1876,3964
1688,3966
30,3967
1594,3969
211,3969
270,3970
1029,3971
1908,3974
876,3974
243,3975
1495,3977
1882,3978
635,3978
1448,3978
1737,3979
742,3980
309,3981
1987,3982
924,3982
410,3984
1471,3986
1000,3986
760,3988
1968,3989
1235,3989
56,3989
476,3990
847,3990
1493,3991
1494,3992
1605,3992
1895,3992
592,3992
232,3992
1028,3995
201,3997
304,3998
763,3998
762,3999
193,3999
1254,4004
267,4004
1102,4005
1857,4005
1033,4006
135,4006
1523,4007
1759,4007
1293,4007
496,4007
1134,4007
143,4007
1003,4008
543,4008
990,4008
1765,4008
658,4009
1070,4010
1664,4012
1922,4012
605,4012
948,4013
1304,4013
934,4014
221,4014
1909,4014
161,4015
1948,4015
375,4016
1131,4019
1773,4019
1147,4020
612,4020
1218,4020
1762,4021
1259,4021
737,4022
834,4023
1088,4023
754,4024
1377,4025
585,4025
1310,4025
1339,4026
110,4027
1869,4028
126,4028
426,4028
929,4029
353,4029
1276,4030
175,4030
1403,4031
1355,4031
1290,4031
1062,4032
1104,4032
347,4033
1704,4033
1280,4033
1178,4033
1017,4034
113,4034
1903,4034
1875,4034
1072,4035
604,4036
825,4036
260,4037
985,4037
977,4037
215,4037
636,4038
318,4038
349,4038
860,4038
96,4038
1325,4038
1905,4039
870,4039
1592,4039
189,4039
1302,4041
151,4041
617,4041
1743,4041
1653,4041
214,4041
578,4042
1899,4042
765,4042
1203,4043
472,4043
602,4043
397,4043
222,4043
1490,4044
897,4044
1115,4044
1472,4045
894,4047
887,4047
1734,4047
549,4048
1597,4048
1988,4048
1197,4049
1591,4049
787,4049
1262,4050
1735,4051
468,4052
1839,4052
793,4052
1406,4054
146,4054
1529,4054
583,4054
565,4055
1503,4055
1408,4055
279,4055
1482,4056
817,4056
837,4056
1357,4056
1385,4056
1798,4056
967,4057
208,4057
1547,4057
878,4057
1916,4058
465,4058
1023,4058
123,4058
1533,4058
560,4058
295,4058
1437,4058
266,4058
659,4058
926,4059
1037,4059
1707,4059
1064,4060
734,4060
1343,4062
498,4062
1543,4062
415,4063
993,4063
1964,4064
654,4064
971,4064
1724,4065
115,4065
1861,4065
1911,4066
1726,4067
1936,4067
431,4067
1239,4067
325,4068
629,4068
888,4068
16,4068
464,4069
1020,4069
530,4070
72,4071
1198,4071
141,4071
1820,4072
1983,4072
1901,4072
1090,4073
893,4073
1900,4073
802,4073
1317,4073
284,4073
7,4074
980,4075
1874,4075
1624,4076
1011,4076
1004,4076
1831,4076
354,4077
1837,4077
1315,4077
1951,4078
1749,4078
771,4078
713,4079
1257,4079
1314,4079
872,4079
1213,4079
1537,4079
885,4079
158,4079
1672,4080
1635,4081
92,4081
1095,4082
1319,4082
703,4082
269,4082
1337,4082
142,4082
199,4082
1222,4082
758,4083
673,4083
105,4083
1792,4084
1531,4084
1855,4085
1609,4085
1577,4085
1462,4085
491,4085
940,4086
1870,4086
1638,4087
1046,4088
1574,4088
1957,4088
1077,4088
331,4088
699,4089
1333,4090
128,4090
1967,4090
733,4090
963,4090
1035,4090
1701,4090
6,4090
806,4091
811,4091
1038,4091
844,4092
637,4092
1508,4093
1985,4093
1604,4093
281,4093
795,4093
69,4094
1281,4094
310,4095
692,4095
1565,4095
1327,4096
369,4096
300,4096
1878,4096
1470,4096
49,4096
1865,4097
510,4097
1085,4097
1823,4097
470,4098
769,4098
1729,4098
1141,4099
1853,4099
807,4099
1268,4100
640,4100
1834,4100
460,4101
1461,4101
621,4102
322,4102
1617,4102
657,4102
1256,4102
227,4102
1779,4103
1353,4103
341,4103
1684,4103
687,4103
1350,4104
268,4104
238,4104
324,4104
330,4104
364,4104
1612,4104
1272,4104
945,4105
170,4105
808,4105
434,4105
259,4106
959,4106
917,4107
973,4107
1409,4107
628,4107
1052,4107
1201,4108
1992,4108
937,4109
1741,4109
1210,4109
1251,4109
595,4110
271,4110
419,4110
791,4110
1194,4110
280,4111
1283,4111
933,4111
1258,4111
1665,4111
1326,4111
38,4111
1475,4111
1975,4112
1702,4112
1456,4112
262,4112
1306,4112
873,4112
794,4112
955,4112
371,4112
740,4112
1776,4112
1373,4113
1696,4113
1954,4114
1234,4114
1423,4114
182,4114
1913,4114
731,4115
1721,4115
1405,4115
852,4115
1381,4115
387,4116
1740,4116
1757,4116
1410,4116
1912,4117
1457,4117
1732,4117
1693,4117
504,4118
121,4118
1524,4119
1392,4119
1107,4119
1060,4119
23,4119
1930,4120
124,4120
244,4120
1459,4120
540,4121
1338,4121
484,4122
1208,4122
1658,4122
1676,4122
1778,4123
389,4123
356,4123
1810,4124
1380,4124
1806,4124
453,4124
405,4124
553,4125
1396,4125
1976,4125
662,4126
1002,4126
946,4126
21,4126
1923,4126
697,4126
1512,4126
1313,4126
1190,4127
229,4127
679,4128
1736,4128
1705,4129
1016,4129
456,4129
1505,4129
136,4130
137,4130
1036,4130
228,4130
1481,4130
1943,4130
1374,4130
804,4130
206,4130
481,4131
1571,4131
655,4131
1105,4131
391,4132
1546,4132
311,4132
1928,4132
958,4132
1083,4132
1703,4133
1990,4133
84,4133
938,4133
1026,4134
1043,4134
1245,4134
953,4134
761,4134
1363,4134
1086,4134
1370,4135
1758,4135
1583,4135
680,4136
797,4136
1557,4136
475,4136
1154,4137
1098,4137
1706,4137
351,4137
966,4138
204,4138
373,4138
863,4138
1812,4138
483,4139
394,4139
766,4139
1668,4140
37,4140
1366,4140
586,4140
675,4140
120,4140
1242,4141
1650,4141
925,4143
1010,4143
904,4143
845,4143
454,4143
961,4144
326,4144
1600,4144
686,4145
20,4145
1330,4145
577,4145
954,4146
24,4146
119,4146
1991,4147
357,4147
1027,4147
1645,4147
634,4147
174,4148
691,4148
1886,4148
486,4148
1719,4148
507,4149
1556,4149
745,4149
788,4151
412,4152
1146,4152
571,4152
251,4153
44,4153
381,4153
447,4154
1947,4154
1564,4154
567,4155
1980,4155
1742,4155
1421,4155
1364,4156
171,4156
743,4157
144,4158
139,4159
1407,4159
256,4159
969,4159
36,4160
1866,4160
467,4160
477,4160
150,4160
1226,4160
1821,4161
951,4161
166,4161
620,4161
1639,4162
1008,4162
901,4162
1763,4163
1173,4163
308,4163
432,4164
254,4164
58,4164
796,4165
422,4165
1959,4166
494,4166
1270,4167
548,4167
1464,4167
867,4167
626,4168
274,4169
4,4169
936,4170
246,4170
241,4171
1588,4171
613,4171
1069,4171
1939,4171
1745,4172
1051,4173
890,4174
1114,4174
109,4176
384,4176
1826,4176
521,4176
195,4176
1772,4177
649,4177
1119,4178
1220,4178
1048,4179
130,4179
1528,4180
1328,4181
378,4181
1768,4182
343,4182
871,4182
385,4183
1431,4184
1271,4184
1042,4185
647,4185
815,4185
1171,4185
598,4186
641,4186
505,4186
790,4189
892,4189
965,4189
596,4189
359,4189
82,4190
499,4191
823,4192
843,4193
1041,4193
1150,4194
1867,4194
1404,4194
1805,4195
446,4195
1731,4197
1978,4197
1682,4199
1994,4199
67,4201
1288,4205
527,4205
1915,4205
283,4205
726,4206
173,4207
60,4207
1049,4208
339,4208
1769,4209
1159,4209
1802,4212
593,4214
1427,4214
1411,4216
379,4216
445,4217
562,4218
559,4220
340,4221
601,4222
1278,4223
1608,4223
1093,4225
1246,4225
1230,4227
392,4227
558,4228
1303,4230
293,4231
1334,4232
501,4233
1777,4234
15,4235
1164,4236
1193,4239
816,4239
889,4240
342,4241
916,4243
711,4244
1184,4245
898,4247
1047,4248
690,4249
568,4249
1877,4250
1371,4255
1207,4265
53,4266
248,4267
853,4267
1166,4271
1341,4272
225,4273
1890,4276
1211,4280
1440,4287
1176,4296
276,4296
458,4298
532,4305
523,4305
409,4313
1687,4316
1275,4320
1142,4323
1356,4325
107,4327
557,4329
1681,4336
1620,4336
1467,4336
3,4337
681,4340
905,4341
1567,4343
514,4343
1135,4344
1076,4346
607,4346
1679,4357
1204,4358
131,4359
255,4360
411,4360
1395,4361
502,4362
1294,4363
429,4363
696,4363
1949,4363
1856,4364
1249,4364
1859,4366
1573,4367
1854,4374
1586,4374
708,4375
1997,4376
975,4377
1648,4378
388,4379
1754,4379
263,4380
1896,4381
1332,4384
1797,4384
1348,4387
1087,4388
362,4390
715,4391
1309,4392
1858,4394
29,4395
664,4398
614,4399
799,4401
1938,4401
755,4401
1667,4401
1700,4404
1784,4404
827,4405
455,4406
1559,4406
1274,4408
552,4408
5,4409
1764,4409
1518,4413
1982,4414
891,4418
630,4418
534,4420
1382,4420
822,4423
1686,4423
153,4424
812,4424
101,4424
257,4424
1362,4424
449,4425
428,4427
75,4429
320,4429
930,4430
1881,4431
770,4433
1678,4434
1169,4435
683,4436
313,4438
108,4440
236,4440
1419,4441
240,4443
50,4443
169,4444
615,4445
1099,4446
678,4447
1050,4448
722,4449
249,4450
576,4450
1342,4451
1560,4451
1430,4452
1551,4452
306,4454
212,4454
746,4454
1216,4455
1485,4456
1180,4458
64,4458
1165,4458
1071,4459
1714,4460
205,4460
1279,4460
1689,4462
1126,4463
1507,4464
1151,4465
1906,4467
1548,4470
509,4471
563,4471
1215,4471
1971,4475
729,4476
1937,4478
188,4478
462,4481
1575,4482
1006,4483
1883,4484
1941,4486
180,4487
1894,4487
1691,4488
1829,4489
682,4491
1369,4492
1331,4492
1219,4492
1728,4493
1817,4494
1538,4494
1063,4495
1191,4495
1595,4496
417,4498
900,4499
759,4499
1860,4500
83,4501
179,4501
805,4503
493,4504
569,4505
566,4505
728,4507
706,4510
1130,4510
1840,4511
908,4512
1188,4512
116,4513
1217,4514
1628,4516
1442,4516
1563,4517
1506,4518
258,4521
1352,4521
669,4521
555,4522
172,4522
1761,4528
1718,4531
1935,4532
952,4532
1439,4533
850,4535
1514,4537
997,4538
45,4538
1780,4538
1182,4540
603,4542
1842,4542
1187,4543
1889,4543
1359,4545
277,4547
1329,4548
1121,4548
1596,4549
700,4551
656,4551
1828,4552
581,4556
1627,4557
1580,4559
1793,4560
881,4561
482,4561
572,4561
1024,4562
457,4564
1335,4565
459,4566
981,4566
1080,4566
165,4567
12,4570
1809,4571
492,4577
535,4577
224,4581
627,4582
1237,4582
167,4586
438,4587
882,4587
1593,4588
1996,4588
633,4590
282,4591
838,4592
1999,4596
1897,4596
1001,4597
71,4599
1716,4599
1179,4609
820,4610
374,4614
290,4622
1746,4623
1103,4636
1255,4639
41,4643
1615,4644
1466,4646
70,4653
842,4655
25,4656
1607,4661
525,4666
921,4667
1106,4670
714,4671
1452,4676
995,4679
506,4681
1167,4681
1791,4682
874,4683
1393,4685
479,4692
939,4692
361,4694
329,4695
1619,4697
352,4698
645,4699
544,4700
1127,4700
1752,4704
414,4706
74,4712
423,4712
1145,4716
1174,4716
861,4724
727,4726
294,4726
1445,4728
1346,4729
402,4731
1443,4733
1603,4735
73,4742
776,4742
112,4744
27,4746
168,4747
1910,4749
1570,4751
747,4753
1206,4755
818,4756
1799,4760
365,4761
305,4761
1354,4763
264,4763
176,4767
34,4767
896,4768
1486,4770
1295,4772
76,4772
1387,4773
1005,4774
749,4775
1808,4776
250,4776
1789,4777
1181,4777
1247,4779
1075,4780
942,4780
1919,4780
1055,4781
1372,4781
1367,4781
1264,4782
1250,4787
1394,4787
1447,4790
1673,4790
223,4791
213,4791
1161,4796
1522,4799
1599,4799
864,4799
291,4800
1622,4800
789,4801
927,4801
1351,4802
1790,4804
911,4806
542,4806
1376,4806
1904,4809
134,4809
1238,4809
1751,4812
854,4813
466,4813
1844,4813
234,4817
623,4819
1040,4822
1663,4822
1675,4822
358,4827
298,4827
380,4827
783,4828
1231,4833
943,4834
1830,4838
1498,4839
10,4841
828,4841
992,4842
1680,4843
1782,4844
1618,4846
519,4847
935,4849
653,4849
1032,4849
716,4850
1253,4851
588,4853
741,4853
1175,4854
753,4856
712,4858
1984,4859
1148,4861
1756,4864
531,4871
1801,4874
117,4879
1924,4880
684,4882
1785,4884
62,4884
297,4892
1478,4893
915,4895
1487,4898
1007,4899
857,4900
1669,4903
1614,4904
646,4905
764,4908
400,4909
156,4911
1092,4912
599,4912
443,4913
1521,4914
832,4914
1311,4917
947,4917
575,4918
923,4918
33,4920
1212,4920
786,4926
216,4928
1662,4929
301,4929
865,4930
912,4934
554,4935
1568,4938
338,4942
957,4946
1399,4947
1285,4949
1838,4951
883,4954
1158,4954
1479,4956
1418,4956
1200,4958
398,4958
1094,4963
744,4965
821,4965
1140,4967
1553,4970
1318,4971
94,4972
1091,4975
688,4979
441,4979
1469,4980
868,4988
717,4989
1163,4989
1260,4990
1920,4992
526,4992
132,5001
1322,5009
1248,5009
138,5010
149,5011
1986,5012
1862,5013
809,5016
145,5016
1170,5019
1054,5021
1153,5025
1345,5028
909,5029
1634,5034
1513,5037
1429,5039
404,5046
775,5051
1747,5053
1378,5061
1723,5061
831,5061
327,5066
735,5067
875,5067
920,5070
1836,5073
1708,5079
582,5081
337,5086
129,5087
14,5090
1526,5090
198,5092
209,5093
296,5094
1657,5097
594,5098
956,5100
1819,5106
998,5107
520,5108
386,5111
376,5112
43,5116
1185,5118
363,5122
1649,5125
1753,5130
608,5133
1738,5136
160,5138
545,5140
511,5149
983,5155
393,5159
253,5160
399,5166
48,5167
1576,5171
611,5177
328,5178
1979,5182
488,5183
1917,5187
346,5189
245,5195
1898,5195
433,5196
273,5196
1539,5200
19,5211
383,5211
1807,5235
436,5237
278,5240
1149,5240
1641,5251
1108,5251
1183,5256
928,5265
1733,5267
1666,5271
1195,5281
1305,5295
242,5308
1477,5311
155,5311
1545,5319
774,5319
1347,5320
1128,5324
1489,5327
65,5329
1084,5330
1296,5335
230,5337
77,5338
1633,5342
660,5342
1683,5344
517,5344
99,5344
1670,5366
233,5367
1962,5377
668,5383
1929,5385
707,5388
855,5395
632,5404
1488,5406
528,5408
319,5418
154,5426
1067,5429
723,5432
710,5433
1081,5436
538,5440
1297,5443
1058,5447
1907,5450
1884,5451
642,5453
589,5456
177,5459
1451,5462
651,5462
666,5468
91,5486
22,5504
148,5505
800,5509
1914,5517
1977,5521
879,5522
13,5523
1730,5532
1323,5540
1073,5552
157,5555
1116,5567
1386,5569
1969,5575
833,5575
1144,5580
1019,5587
895,5589
529,5590
1712,5597
497,5602
1833,5607
355,5608
813,5608
767,5626
1289,5627
390,5627
724,5631
1613,5644
1263,5649
1966,5652
1344,5654
448,5660
1307,5668
1550,5669
1434,5684
1519,5689
1690,5694
93,5699
1864,5702
677,5704
1534,5709
1643,5709
1566,5715
100,5716
1671,5717
1022,5722
546,5732
1375,5733
1300,5738
1846,5738
1942,5744
416,5760
1474,5771
275,5792
480,5794
1402,5797
1715,5799
1233,5801
1674,5810
750,5825
1863,5829
407,5831
184,5841
836,5845
1424,5845
421,5850
1879,5867
609,5869
1699,5872
884,5873
1511,5874
533,5890
1109,5895
286,5909
203,5933
1800,5946
778,5954
1974,5958
1845,5959
1473,5965
1606,5979
1009,6000
1587,6001
1225,6008
638,6026
1953,6036
1460,6040
344,6047
1232,6051
335,6060
1646,6071
784,6082
1391,6089
524,6091
1390,6094
1068,6096
1788,6100
996,6103
709,6116
181,6119
610,6135
574,6143
1397,6145
1832,6162
1110,6168
539,6170
1301,6195
1240,6204
1961,6225
1497,6236
46,6236
1631,6242
1061,6246
478,6247
1074,6266
1970,6269
1101,6273
907,6274
1851,6275
1480,6277
522,6278
1039,6305
639,6309
235,6327
435,6329
1284,6331
1228,6334
1760,6352
418,6359
1143,6381
1640,6382
689,6387
1265,6394
1111,6404
360,6405
1368,6408
66,6456
1562,6466
1122,6480
164,6518
1841,6525
949,6525
1652,6566
1816,6580
1885,6583
469,6588
111,6592
86,6617
748,6645
140,6655
159,6699
395,6704
1739,6712
1710,6752
1400,6762
210,6766
848,6780
1129,6784
302,6809
756,6818
643,6824
1569,6834
1944,6840
1725,6878
1940,6885
931,6887
1162,6893
899,6899
487,6909
122,6933
988,6958
1316,6961
1775,6962
1717,7008
1887,7025
1358,7027
39,7027
314,7041
622,7120
396,7123
1229,7126
1660,7136
191,7140
32,7150
185,7194
1379,7245
1880,7264
1542,7288
777,7319
288,7352
1572,7374
1767,7389
1189,7391
1277,7405
265,7406
114,7424
450,7428
1422,7440
202,7456
452,7481
1655,7484
1963,7528
1748,7585
1221,7591
798,7610
1925,7617
1059,7618
1120,7634
1656,7642
1438,7646
1468,7649
1045,7661
289,7662
1413,7665
941,7666
220,7669
1956,7669
197,7672
218,7672
1199,7676
1771,7679
1774,7682
316,7685
1196,7686
1227,7688
1516,7690
1455,7690
194,7694
1320,7697
1286,7697
1414,7700
1527,7701
573,7701
377,7703
133,7705
8,7706
1186,7708
685,7713
910,7714
1750,7716
1532,7716
1998,7716
579,7717
590,7720
1018,7721
1555,7721
1815,7722
665,7722
444,7722
698,7724
471,7726
333,7727
1536,7727
859,7733
536,7734
1223,7735
570,7735
1530,7736
862,7737
1124,7737
317,7737
1168,7737
1520,7739
1432,7740
972,7742
495,7746
1709,7749
1446,7749
217,7753
1946,7754
247,7754
1713,7754
1267,7755
644,7758
312,7758
237,7760
705,7762
1082,7764
1298,7764
1425,7764
513,7767
272,7769
1089,7770
1561,7774
1783,7777
1499,7778
606,7778
1349,7780
1720,7781
152,7783
1261,7785
1610,7791
1214,7791
1950,7794
989,7796
561,7798
1993,7806
1013,7807
1435,7808
1160,7808
47,7810
1433,7814
163,7816
1138,7822
944,7823
1299,7825
1625,7826
1112,7833
1824,7833
451,7834
1224,7837
1822,7838
439,7838
772,7852
1981,7860
1868,7866
1336,7867
839,7869
1630,7888
1661,7889
1308,7892
718,7896
367,7897
1727,7899
1291,7901
1585,7902
1685,7902
1711,7904
368,7909
42,7918
1388,7925
1360,7940
61,7942
1581,7945
190,7950
299,7962
835,7963
1647,7965
1361,7967
979,7967
1818,7975
292,7984
1697,7997
382,7998
1243,8003
1872,8008
1616,8009
625,8018
1525,8024
125,8026
315,8030
1582,8030
667,8031
1850,8032
866,8034
978,8048
1952,8051
650,8057
78,8068
950,8074
1787,8076
991,8086
1958,8088
1965,8091
1053,8094
1796,8095
768,8098
440,8104
102,8105
348,8106
556,8111
1659,8118
162,8138
587,8141
877,8155
999,8158
564,8160
1827,8162
730,8179
1654,8192
782,8195
1324,8196
846,8200
810,8202
1097,8204
413,8211
1852,8215
1172,8221
1412,8228
1252,8236
473,8249
1066,8266
648,8272
779,8277
986,8278
739,8288
59,8288
849,8301
1847,8307
474,8309
207,8313
1891,8320
1065,8322
98,8324
1100,8329
1960,8330
1578,8331
2,8333
1282,8335
550,8335
183,8339
408,8341
960,8352
1584,8352
1137,8358
906,8361
31,8362
219,8380
1694,8401
1794,8410
1483,8412
663,8416
1589,8423
118,8430
597,8442
1692,8447
1541,8450
1139,8457
106,8460
803,8462
814,8471
1552,8481
1835,8489
676,8496
1510,8512
1933,8513
1579,8536
1871,8546
1695,8549
1558,8555
968,8570
801,8577
1426,8579
702,8590
1177,8593
1629,8593
962,8600
1626,8605
1770,8616
619,8616
1273,8618
541,8619
781,8635
1096,8665
830,8675
856,8676
1814,8680
1287,8683
670,8690
1441,8702
661,8710
1117,8715
1927,8718
1015,8722
1365,8731
90,8733
1515,8747
652,8748
1118,8749
547,8750
1843,8751
1057,8761
425,8788
239,8822
974,8826
303,8841
63,8846
1465,8860
461,8860
485,8875
18,8883
694,8916
26,8921
287,8926
336,8947
1644,8955
1236,8965
1873,8966
1034,8980
1781,8987
704,8988
792,8988
886,8992
1637,8995
1021,8996
819,9004
285,9005
401,9016
1125,9034
127,9039
17,9070
321,9070
1934,9083
512,9106
719,9117
1491,9146
600,9154
976,9157
1803,9186
1436,9205
1989,9214
1509,9244
430,9271
508,9278
103,9278
1292,9285
40,9291
1078,9297
1955,9301
1813,9306
55,9315
591,9329
186,9337
1995,9406
1973,9409
147,9419
824,9430
1152,9442
1156,9447
1132,9465
1601,9473
1496,9473
1636,9485
1598,9515
695,9520
1192,9525
463,9530
1079,9537
1554,9540
851,9586
1014,9592
1611,9624
738,9658
9,9673
1766,9703
1786,9706
1453,9708
35,9738
736,9753
2000,9764
618,9773
720,9802
913,9803
518,9858
752,9863
1056,9869
631,9870
1972,9894
1602,9996
490,10007
721,10008
932,10022
515,10031
95,10090
858,10180
1031,10239
200,10294
674,10349
196,10460
1888,10509
370,10539
1321,10544
1205,10611
1825,10621
1804,10719
1945,10745
1540,10749
372,10877
1517,10904
1463,10968
52,10992
1921,11103
87,11108
841,11134
914,11176
1492,11182
1677,11189
1155,11233
584,11271
1269,11364
68,11366
987,11383
51,11407
671,11410
427,11413
869,11417
252,11427
1209,11447
840,11475
1,11484
437,11485
187,11508
1420,11517
994,11526
97,11566
580,11611
1241,11659
1500,11693
1244,11698
829,11739
231,11745
104,11830
442,11875
751,11962
1698,12079
757,12089
489,12121
350,12134
693,12183
1651,12191
725,12260
1892,12279
1450,12290
1722,12334
1621,12346
1133,12424
785,12491
1030,12501
1458,12503
226,12525
880,12634
11,12686
1848,12734
624,12882
28,13029
1632,13084
1383,13249
773,13411
1590,13517
1504,13694
1502,13849
1501,14787
1401,15302
984,15544
1415,15785
1811,16040
1389,16916
192,17188
780,18476
334,22155
81,25845
79,29524
503,33204
261,36886
366,40579
1113,44287
500,47967
1642,51762
1932,55556
1926,59354
1795,63261
970,67170

simblock.block.ProofOfWorkBlock@414fd4b:2
1460,0
669,206
764,280
768,326
999,359
827,413
1644,435
855,449
1092,464
452,490
372,501
1856,526
593,528
1739,536
1252,541
1022,550
1160,563
132,567
1292,582
1360,585
1007,587
398,590
1801,601
1233,610
544,616
1163,618
1106,623
367,646
588,647
857,647
162,649
1054,655
1699,658
1383,665
1697,665
1880,671
1390,679
1966,686
1858,688
1323,689
995,691
1745,694
172,695
700,701
1397,703
1897,708
1126,710
678,710
968,720
735,723
4,724
664,728
619,731
1785,731
575,735
14,736
1170,739
644,745
1430,746
207,751
273,757
1949,757
1530,762
1681,763
179,764
282,770
52,771
1828,771
1332,772
767,773
828,777
563,778
100,778
66,781
955,783
451,788
13,788
1999,791
217,794
607,794
487,795
1291,799
1550,802
484,802
274,803
18,807
198,809
1228,809
925,810
961,812
1619,814
1899,815
908,815
805,815
1627,818
391,823
650,826
1208,826
1166,826
770,827
877,828
1582,830
149,832
777,835
1076,836
126,837
1121,838
719,838
1129,840
1689,840
758,842
492,844
1938,844
396,846
1180,846
1651,847
1700,848
155,850
1308,850
64,853
354,854
1926,854
765,856
21,856
1813,857
1069,857
1369,857
1009,859
947,860
1280,860
104,860
1075,863
1665,863
1382,864
1331,864
163,865
1393,866
1758,867
1082,868
203,870
369,871
91,871
332,872
1325,872
1646,874
690,876
997,878
1732,878
1441,879
1148,879
1965,881
1094,883
1219,883
1258,885
1796,885
1165,886
1685,886
1866,886
434,887
1574,887
3,889
1064,889
900,889
1720,890
1767,890
182,891
1439,892
70,893
326,894
1742,894
502,894
1026,894
443,895
25,895
1194,896
1746,898
1150,899
263,901
43,901
616,902
597,902
979,903
1519,903
1424,903
456,904
766,906
633,907
1182,907
53,908
1865,909
1919,909
651,909
1917,910
1538,912
470,913
1133,915
1964,915
421,916
646,916
1534,917
330,917
1696,918
351,919
58,920
1056,920
313,921
264,921
1559,921
1453,922
1971,922
1207,923
826,923
1842,924
821,924
1290,926
596,926
1591,926
1065,927
464,927
1829,928
924,928
1161,929
661,929
1814,929
208,930
153,931
1615,931
498,931
945,932
347,933
161,933
525,934
1501,934
1554,934
1931,937
1224,937
1605,937
1861,937
1599,938
1545,938
1090,938
1277,938
457,939
799,940
1362,940
1345,942
320,942
1682,943
1821,943
1598,944
1445,944
888,945
1712,946
1279,947
772,948
1388,948
1851,948
1144,949
86,949
598,950
329,950
193,950
1410,952
1050,953
1119,953
1716,953
67,953
75,954
791,955
1889,955
1928,955
1885,956
277,956
1018,956
1087,956
634,957
424,959
1892,959
747,959
486,959
1558,960
806,960
1270,960
1728,960
514,961
1984,961
1620,961
673,962
801,963
298,963
1300,963
1640,964
946,964
397,965
746,967
1084,967
382,967
1747,967
515,967
11,968
1006,968
745,968
976,970
1272,970
131,970
1511,971
1981,971
1477,972
503,972
1870,973
1713,974
1734,976
468,976
1414,977
1763,977
265,977
532,977
737,978
1904,978
8,978
1357,979
375,979
1183,979
721,980
1085,980
829,981
455,982
408,983
1753,983
909,984
1273,984
1690,985
560,986
1951,987
1413,987
790,987
1486,987
225,987
1495,988
499,988
1502,988
446,989
1788,989
194,989
1891,989
1104,990
352,990
1326,990
1448,991
1167,991
702,991
1719,991
23,991
870,991
56,992
1356,993
798,994
822,994
1687,994
1048,994
121,994
1573,995
55,995
736,996
1868,996
138,996
1942,996
1282,996
679,996
116,998
190,999
893,999
1797,999
42,999
953,999
1134,999
624,1000
418,1000
356,1001
1596,1002
379,1002
1196,1002
715,1002
409,1002
1617,1002
543,1003
342,1003
1770,1003
954,1004
1461,1004
1464,1005
1107,1005
1313,1005
1327,1005
866,1006
1675,1006
1970,1007
404,1007
1249,1008
1660,1009
341,1009
844,1009
1487,1009
1820,1010
1940,1010
247,1010
1874,1010
562,1011
304,1011
299,1013
1155,1013
1176,1013
705,1014
1247,1014
706,1014
1335,1017
1930,1017
982,1017
386,1017
1271,1018
1817,1018
1533,1018
1042,1018
1111,1019
882,1020
703,1020
1587,1021
1852,1021
1628,1021
631,1021
753,1022
1932,1022
912,1023
1581,1023
1787,1023
1980,1023
1274,1024
1328,1024
1116,1024
1594,1024
1359,1024
1529,1024
1941,1025
1152,1025
807,1025
743,1025
1586,1025
658,1026
535,1026
762,1026
1879,1027
540,1028
415,1029
1726,1029
1604,1029
388,1029
1466,1030
413,1032
211,1032
722,1032
1786,1033
1784,1033
338,1033
1567,1033
1621,1033
6,1034
1346,1034
686,1034
324,1035
1809,1035
755,1036
846,1036
389,1036
164,1036
1023,1037
257,1038
1764,1038
1952,1038
1405,1038
511,1039
672,1039
1804,1040
1364,1040
816,1040
1361,1040
1963,1041
518,1041
1412,1042
394,1042
1706,1042
1246,1042
1792,1042
227,1042
696,1043
1044,1044
520,1044
377,1045
1802,1046
113,1046
2000,1046
271,1047
907,1047
159,1048
98,1049
814,1049
1541,1050
180,1050
1484,1050
1512,1050
1329,1050
1845,1050
944,1050
1561,1051
272,1051
1895,1051
290,1053
269,1053
495,1053
1626,1053
1694,1054
1898,1054
1403,1054
114,1055
1137,1055
283,1056
1135,1057
106,1057
1070,1058
1760,1058
819,1058
1297,1059
530,1059
262,1059
1725,1059
928,1060
29,1060
78,1060
1773,1060
1526,1060
49,1061
480,1061
627,1061
728,1061
1446,1061
1702,1061
204,1061
1269,1061
1610,1062
1350,1062
315,1062
1774,1062
533,1062
1614,1062
981,1063
1490,1063
811,1064
1083,1066
526,1066
1380,1067
1575,1067
647,1067
732,1067
1212,1067
1263,1067
1768,1068
1988,1068
589,1068
188,1068
687,1068
1322,1069
1132,1069
1667,1069
797,1069
465,1070
428,1071
1185,1072
1288,1072
629,1072
904,1074
1652,1074
1262,1075
835,1075
1187,1076
1478,1076
1565,1076
212,1077
671,1078
1824,1078
774,1079
1385,1079
467,1079
1506,1080
1499,1081
65,1082
1444,1084
1798,1084
213,1085
54,1086
459,1086
1080,1086
1750,1086
346,1087
109,1087
1973,1088
1708,1088
572,1088
136,1089
902,1089
137,1089
1881,1090
836,1090
1883,1091
61,1091
1014,1091
938,1092
401,1092
571,1093
1389,1094
1071,1094
1240,1094
1668,1095
1924,1096
1537,1096
209,1096
185,1096
842,1096
246,1097
224,1097
463,1099
1754,1099
1789,1100
750,1101
1186,1102
1201,1102
62,1102
301,1102
73,1103
978,1103
656,1103
1307,1104
1959,1104
1504,1105
527,1106
1123,1107
306,1107
1921,1107
405,1107
707,1107
82,1108
1334,1108
1521,1108
1525,1108
205,1109
713,1109
594,1111
1979,1111
1857,1112
201,1113
941,1114
105,1114
85,1115
1275,1116
973,1116
1510,1117
564,1117
1309,1117
437,1118
622,1118
1522,1118
445,1120
873,1120
636,1121
862,1121
934,1122
1878,1122
975,1123
1566,1123
1791,1123
1216,1123
1994,1124
754,1124
361,1125
223,1125
663,1126
1922,1127
1914,1127
1367,1128
337,1128
760,1128
693,1130
15,1130
314,1131
1862,1133
1736,1133
1686,1133
1035,1133
1756,1133
697,1133
1127,1134
1607,1136
240,1136
1475,1136
1684,1138
241,1139
22,1140
1548,1140
725,1140
1909,1141
1036,1141
1278,1141
1975,1141
547,1141
1647,1141
1456,1142
1623,1142
1835,1147
41,1148
534,1148
1982,1148
1136,1148
1707,1152
1239,1153
625,1153
1920,1154
1341,1156
419,1156
1112,1157
1253,1157
276,1158
1295,1158
384,1158
1645,1159
1910,1159
1113,1159
127,1159
1480,1160
716,1161
237,1161
140,1161
110,1163
1974,1163
1695,1163
120,1163
1803,1164
101,1165
1312,1165
1188,1165
847,1165
1203,1167
1003,1167
1854,1167
1310,1168
1691,1168
939,1168
414,1169
1303,1169
160,1169
699,1170
990,1174
167,1174
718,1176
793,1178
449,1179
1400,1181
97,1181
370,1182
887,1182
580,1183
528,1183
1283,1184
1061,1185
1020,1187
603,1191
1762,1193
292,1193
1053,1194
1772,1194
450,1194
1776,1195
1462,1196
756,1197
682,1197
565,1198
1316,1201
1715,1202
1223,1202
1408,1203
1841,1203
1556,1204
1398,1205
1560,1206
331,1206
1935,1209
323,1211
709,1211
759,1212
921,1214
412,1215
779,1216
493,1216
788,1216
327,1217
244,1217
1663,1218
804,1220
1678,1221
1124,1225
166,1227
1471,1227
39,1228
1497,1229
1727,1230
1769,1234
1946,1237
1343,1238
1482,1239
1051,1241
1268,1241
1459,1242
1060,1242
1260,1242
817,1244
1204,1247
1875,1247
1457,1249
1894,1249
559,1251
1440,1251
1832,1253
1588,1254
1867,1254
1407,1254
1638,1255
1251,1256
50,1257
1254,1258
1029,1260
892,1262
1001,1263
1876,1263
1062,1266
195,1266
1524,1267
795,1270
1235,1270
1860,1271
1298,1272
1483,1273
1562,1273
879,1274
129,1275
546,1275
1178,1277
1169,1279
1507,1280
1363,1282
381,1282
898,1286
529,1287
165,1287
147,1288
586,1290
288,1290
1543,1291
1342,1292
1336,1292
993,1293
9,1293
691,1295
536,1295
1877,1296
1242,1297
1954,1297
500,1298
897,1302
724,1303
1264,1307
1710,1308
1612,1308
1840,1308
1986,1309
1419,1310
1033,1311
965,1311
278,1311
1676,1312
1193,1312
1175,1313
1417,1318
1189,1318
1004,1318
1159,1318
1749,1321
222,1321
349,1321
937,1322
1967,1322
1108,1323
453,1324
189,1324
872,1324
507,1325
1304,1326
1723,1330
439,1330
1411,1332
637,1332
1996,1333
742,1333
1198,1334
1463,1334
12,1334
1429,1335
249,1337
1147,1337
1580,1337
357,1338
513,1339
88,1339
307,1339
890,1341
986,1344
1703,1344
985,1345
1381,1347
231,1349
1730,1353
1916,1353
1210,1353
1289,1356
867,1357
1771,1357
400,1361
1740,1363
310,1365
359,1367
1114,1367
574,1368
1915,1370
579,1372
859,1372
1199,1372
1655,1373
773,1374
609,1375
84,1376
1853,1379
994,1381
1509,1382
1151,1383
853,1383
1423,1386
334,1386
1017,1389
350,1390
318,1392
426,1395
1744,1396
1831,1397
922,1397
813,1398
497,1399
729,1400
1722,1400
1072,1401
1688,1403
1237,1405
431,1406
1597,1408
989,1409
280,1412
234,1416
781,1416
1376,1417
683,1417
1945,1418
501,1421
270,1423
1391,1427
1340,1427
119,1428
1800,1429
340,1430
1173,1434
447,1434
1528,1441
1012,1444
739,1446
1266,1447
824,1448
963,1453
717,1454
1658,1455
1624,1455
930,1456
5,1457
1293,1460
1670,1461
1709,1462
1384,1462
80,1464
1243,1465
1752,1466
552,1468
490,1470
1002,1471
865,1472
851,1472
1046,1473
516,1475
1936,1478
133,1480
1205,1482
1608,1483
831,1486
778,1486
1983,1488
1823,1493
1215,1494
383,1496
145,1497
812,1498
242,1498
815,1500
1355,1503
141,1507
915,1508
1848,1509
576,1509
858,1510
1217,1511
150,1512
232,1512
174,1513
839,1520
1418,1522
279,1523
1729,1524
1634,1525
1757,1526
1081,1527
980,1527
1641,1531
206,1531
1465,1532
923,1534
1320,1534
1603,1535
103,1536
1547,1536
353,1537
510,1539
1783,1540
524,1541
727,1542
940,1543
508,1549
1517,1551
1833,1551
117,1551
1285,1552
688,1552
1629,1553
1811,1553
365,1555
1888,1556
538,1558
1145,1559
848,1559
1780,1559
1748,1560
641,1560
680,1561
1639,1561
1190,1565
230,1567
809,1575
868,1576
1110,1579
319,1579
1995,1580
31,1580
695,1582
436,1583
260,1584
1008,1585
1498,1587
308,1589
880,1589
837,1589
108,1589
1287,1591
1028,1593
1600,1593
1117,1593
1063,1594
1618,1594
659,1600
448,1602
74,1604
1171,1605
927,1607
971,1607
219,1608
1184,1609
1372,1609
1192,1612
1836,1614
1074,1615
913,1620
128,1621
57,1622
32,1622
674,1623
134,1623
38,1626
112,1626
275,1629
157,1629
640,1630
250,1631
1005,1634
1311,1639
1319,1643
506,1643
1863,1643
1488,1644
1844,1645
96,1647
1387,1648
1395,1648
1943,1648
1489,1650
1795,1652
860,1652
1040,1652
1250,1653
432,1655
794,1656
1158,1657
920,1659
1202,1661
148,1662
577,1662
1642,1664
1643,1664
1473,1668
834,1670
291,1672
380,1673
850,1674
1181,1679
1997,1687
406,1688
505,1689
1267,1690
385,1693
1154,1694
378,1694
1030,1699
181,1700
1808,1701
802,1702
399,1706
1929,1706
16,1706
638,1708
1373,1709
1673,1709
1481,1711
1225,1712
1394,1718
1948,1718
1633,1720
235,1730
620,1733
423,1737
358,1738
111,1741
1569,1744
266,1745
479,1746
988,1747
942,1749
1782,1753
1348,1756
360,1759
623,1760
1494,1760
917,1761
551,1761
711,1763
1128,1766
440,1767
854,1769
545,1772
1947,1778
1672,1780
1451,1784
1218,1786
1657,1788
601,1790
1010,1791
322,1791
1032,1794
184,1795
1447,1797
1837,1798
1649,1800
1368,1801
472,1801
1847,1804
1037,1804
618,1813
417,1817
901,1822
504,1822
1613,1824
1353,1824
785,1826
1890,1831
454,1835
969,1838
677,1838
557,1850
1226,1851
72,1852
390,1855
608,1857
1296,1861
1467,1863
1827,1870
517,1873
1766,1875
1034,1878
984,1881
786,1881
704,1882
239,1883
592,1885
90,1886
1255,1889
1049,1890
675,1891
1589,1891
906,1893
1701,1893
1807,1897
407,1904
1469,1911
177,1914
558,1914
1141,1915
294,1917
1577,1919
931,1920
875,1920
556,1921
229,1921
124,1923
268,1924
1648,1925
660,1929
1903,1931
1157,1940
1098,1942
800,1942
1721,1943
653,1945
286,1946
584,1947
1934,1951
1449,1952
1961,1952
1125,1954
1609,1954
886,1956
77,1957
1422,1958
967,1960
1000,1961
1352,1962
1779,1972
118,1973
1339,1977
1568,2000
1962,2005
1992,2006
1584,2007
1514,2010
1284,2015
1365,2020
285,2022
1838,2023
1873,2031
1122,2039
1671,2039
1855,2052
115,2054
1535,2055
883,2055
763,2056
355,2063
1761,2064
471,2067
371,2071
1031,2076
71,2076
1991,2080
1669,2083
336,2083
1452,2092
1955,2095
1370,2098
95,2098
542,2099
1864,2100
521,2103
1248,2105
1025,2105
245,2114
1546,2114
712,2123
422,2137
261,2140
1653,2148
1953,2152
40,2153
1354,2160
139,2160
614,2173
1244,2178
1156,2182
769,2183
1990,2184
1542,2190
1871,2191
281,2200
926,2203
1039,2206
1229,2208
1435,2211
305,2231
1849,2234
1146,2236
1436,2237
549,2240
344,2255
962,2255
1636,2257
1637,2263
477,2269
1195,2272
462,2272
1680,2277
1819,2278
832,2286
1778,2291
1900,2292
1664,2305
1073,2308
522,2310
1939,2311
996,2313
1893,2313
1474,2316
652,2317
1869,2321
582,2321
876,2324
1704,2334
648,2338
1816,2338
1907,2345
1143,2349
1505,2356
871,2362
856,2363
1172,2364
1960,2383
964,2387
1415,2392
1805,2397
1404,2402
895,2403
1358,2414
1213,2438
1379,2442
726,2446
1374,2446
1674,2447
820,2457
749,2463
1231,2464
569,2474
1067,2482
741,2484
328,2493
894,2493
929,2502
808,2505
1321,2512
1259,2515
1564,2525
1077,2528
1911,2536
33,2551
1557,2555
59,2556
1977,2569
1572,2569
218,2579
1306,2582
1078,2590
818,2592
1601,2603
143,2609
1937,2610
1583,2630
1536,2630
1015,2637
258,2655
1402,2666
1925,2667
1406,2667
933,2668
1500,2670
1592,2675
884,2676
1392,2679
539,2681
1933,2690
376,2701
1631,2715
803,2731
1066,2734
1021,2737
523,2741
1886,2743
775,2756
1131,2760
1222,2764
845,2764
1058,2773
1220,2782
1884,2787
1532,2798
373,2800
494,2805
843,2831
1705,2842
1724,2853
192,2857
1622,2857
130,2876
852,2896
948,2901
221,2904
1738,2907
1434,2914
951,2927
1563,2933
76,2944
1896,2946
626,2951
1552,2963
1846,2964
1661,2965
478,2971
899,2974
28,2991
957,3005
689,3016
1677,3020
296,3020
606,3040
156,3040
191,3043
1197,3055
731,3061
34,3070
1232,3073
1338,3087
1551,3091
1632,3104
1479,3120
238,3126
1751,3159
1923,3169
469,3171
974,3177
297,3178
168,3181
92,3200
1099,3201
186,3202
1539,3204
427,3226
1431,3247
1153,3278
733,3286
122,3288
1850,3303
932,3325
466,3328
47,3330
1427,3339
1666,3342
1595,3350
874,3353
1515,3363
1443,3375
602,3382
19,3384
591,3391
1606,3396
1912,3407
692,3435
583,3439
214,3475
1735,3502
1503,3527
1470,3546
885,3551
251,3601
567,3639
267,3652
37,3654
581,3671
176,3672
1450,3682
1492,3718
311,3720
992,3745
519,3751
146,3766
81,3801
1872,3802
1142,3813
1918,3927
403,3931
158,3933
46,3936
416,3946
983,3955
429,3965
442,3965
1579,3970
1019,3979
1027,4007
199,4054
1714,4081
1985,4090
654,4091
1518,4156
635,4214
1485,4254
1337,4282
1944,4293
1908,4303
1416,4321
655,4325
643,4328
1230,4348
863,4404
93,4421
1401,4426
1717,4465
63,4478
916,4483
1956,4539
1011,4569
1052,4569
197,4575
561,4592
570,4603
295,4607
289,4613
482,4614
708,4621
483,4630
1834,4634
701,4646
1993,4652
1330,4659
339,4660
1527,4661
1349,4663
1998,4667
152,4668
44,4670
411,4674
1432,4675
966,4675
1737,4676
151,4677
869,4683
68,4684
1302,4686
628,4686
441,4690
1818,4692
910,4696
1101,4697
1105,4697
284,4700
1437,4701
1493,4703
1089,4705
1810,4706
1013,4710
1333,4712
714,4716
1100,4720
1055,4720
475,4721
255,4722
335,4722
444,4723
433,4723
1209,4724
1057,4726
919,4726
1520,4727
1635,4732
20,4736
578,4736
698,4740
170,4741
187,4745
142,4751
740,4752
24,4756
1659,4758
420,4767
248,4772
1118,4785
667,4786
1611,4791
169,4795
1095,4797
102,4799
1041,4802
1442,4803
1140,4812
1843,4815
489,4817
935,4817
645,4821
849,4832
1103,4833
587,4836
363,4839
840,4840
782,4844
972,4847
183,4862
366,4869
1654,4871
196,4877
1468,4885
1830,4888
1825,4891
950,4894
553,4900
838,4901
435,4911
83,4920
1314,4927
474,4928
26,4933
1409,4935
554,4939
27,4943
461,4947
348,4952
615,4953
2,4960
730,4963
723,4968
550,4981
125,4981
259,4987
1859,4988
537,4990
738,4991
1115,4999
1324,4999
599,5000
630,5007
752,5008
362,5015
1149,5020
676,5021
1286,5024
79,5033
1097,5036
784,5043
1096,5046
1294,5050
368,5058
792,5063
1265,5069
685,5073
751,5078
1347,5113
60,5121
1234,5121
1038,5128
1913,5128
1741,5149
1079,5151
1540,5152
861,5165
761,5165
317,5177
48,5183
1549,5186
321,5223
590,5250
1281,5250
1472,5278
87,5280
1428,5281
1315,5284
1433,5290
998,5291
1093,5295
220,5299
387,5308
1236,5310
720,5310
1299,5347
1906,5360
1576,5365
1276,5379
825,5379
1214,5384
1972,5392
1,5399
1693,5413
1755,5418
734,5423
1047,5428
458,5429
1513,5447
1139,5459
621,5476
1968,5479
744,5482
1679,5485
1578,5493
1692,5498
473,5503
1088,5508
1901,5513
228,5514
959,5515
694,5519
1957,5530
1822,5542
878,5556
430,5558
1164,5562
1016,5608
1555,5610
1227,5620
10,5621
1138,5623
256,5642
1812,5648
144,5650
309,5653
1059,5667
1743,5671
1508,5688
1366,5694
1238,5697
642,5707
1718,5722
51,5735
171,5743
1602,5748
1091,5750
1109,5758
612,5774
771,5779
1351,5793
1616,5795
99,5800
657,5813
889,5814
787,5832
1781,5843
1245,5853
555,5868
1989,5894
345,5896
1200,5897
1887,5905
903,5944
1711,5957
952,5965
392,5967
200,5976
496,5982
1733,5987
94,5999
45,6028
970,6036
896,6038
573,6046
810,6047
681,6067
610,6069
918,6080
1024,6099
1523,6099
1378,6102
830,6123
665,6124
215,6128
512,6151
1206,6155
1826,6170
1927,6192
1305,6196
1650,6197
1969,6204
1793,6228
905,6236
566,6244
1794,6277
300,6284
485,6300
936,6303
1775,6305
541,6311
668,6316
1317,6333
36,6337
402,6341
1256,6364
1179,6370
748,6370
891,6407
1590,6425
410,6426
789,6434
1902,6446
1301,6458
605,6464
1570,6484
236,6485
178,6494
639,6499
216,6508
1571,6528
438,6564
393,6574
1177,6690
253,6713
1777,6717
302,6737
1162,6777
1759,6829
1086,6830
154,6835
17,6840
425,6843
1491,6847
632,6856
1191,6860
1318,6919
600,6922
509,6990
107,7000
1531,7014
135,7022
914,7039
531,7045
780,7051
303,7064
1593,7084
1656,7161
1683,7214
881,7243
1698,7244
1958,7263
343,7274
1386,7377
666,7402
823,7405
1426,7424
175,7424
1211,7449
312,7481
662,7578
776,7603
1790,7646
1068,7670
325,7695
202,7704
123,7721
949,7838
1454,7853
1806,7905
1458,7924
374,7926
1344,8003
956,8036
1045,8041
1043,8098
1976,8203
943,8209
548,8244
1420,8260
1625,8269
1371,8272
585,8274
1799,8283
1987,8292
1476,8327
252,8365
1421,8381
1120,8385
1765,8416
1425,8416
1130,8423
491,8429
1241,8552
395,8572
613,8597
173,8646
841,8671
1731,8691
649,8760
911,8911
833,8926
1455,9036
1815,9048
1399,9145
476,9165
1516,9171
960,9222
987,9251
254,9325
1221,9354
783,9463
1396,9464
604,9471
316,9562
364,9595
977,9603
460,9621
1261,9631
710,9917
89,9995
243,10035
287,10121
333,10211
1438,10270
1630,10304
210,10326
7,10340
1174,10517
1950,10530
991,10637
293,10672
595,10739
1257,10879
1978,10902
1375,10937
958,10944
684,11067
35,11370
611,11398
757,11469
617,11633
1377,11751
1585,11792
233,11822
481,11911
1544,11964
1102,12025
1882,12186
568,12206
1496,12440
796,12849
1553,13546
1662,13715
1839,14158
488,14315
1168,14319
1905,14479
30,14480
69,14680
670,14916
226,14965
864,15199

simblock.block.ProofOfWorkBlock@34323d68:3
148,0
639,208
1836,309
178,406
749,427
519,616
1387,684
1551,687
185,735
1862,771
1386,777
842,800
1952,808
145,810
1814,820
1322,839
1084,847
1938,852
1679,877
1979,885
1489,885
1311,906
1686,920
442,921
881,922
1441,924
1519,925
633,952
830,963
1816,966
1151,966
443,970
188,977
800,987
1217,988
1801,994
667,994
1841,995
213,999
32,999
1780,1000
1764,1004
1797,1004
259,1008
165,1008
735,1013
490,1018
1487,1019
908,1021
502,1025
1786,1028
1111,1031
991,1033
563,1036
1620,1039
1480,1039
1728,1045
1601,1046
645,1046
413,1049
103,1057
1920,1060
1534,1071
1273,1073
1655,1076
101,1077
1603,1078
1126,1080
1724,1080
1587,1084
566,1086
1445,1088
1547,1091
767,1094
1103,1095
1718,1103
1617,1106
1932,1111
1185,1113
1854,1113
1477,1113
1269,1114
986,1116
236,1119
1302,1120
736,1121
678,1123
306,1123
1506,1127
1834,1127
1291,1130
921,1130
849,1130
1803,1131
669,1131
1538,1132
1565,1136
153,1138
1851,1138
1829,1140
140,1141
997,1144
1342,1144
1102,1144
53,1145
1766,1146
132,1148
1476,1149
1924,1151
857,1151
1747,1154
328,1154
874,1155
1275,1155
312,1156
1247,1156
337,1161
1914,1162
1615,1162
1292,1162
877,1166
514,1168
14,1168
78,1170
354,1170
1255,1171
813,1175
1835,1176
1627,1177
642,1181
1329,1181
1439,1181
1691,1181
1200,1185
231,1186
1820,1186
1460,1188
875,1188
969,1189
411,1190
382,1192
183,1192
1681,1192
149,1193
602,1193
1404,1193
838,1194
18,1195
1997,1195
1894,1195
1754,1200
829,1200
1258,1201
107,1203
1960,1203
16,1203
1646,1204
1137,1206
963,1207
1246,1208
1155,1208
1491,1209
1101,1209
434,1209
104,1210
1963,1211
1179,1211
1545,1212
664,1214
1090,1215
56,1217
438,1218
565,1220
1550,1220
1731,1222
1125,1223
926,1224
281,1225
1535,1225
799,1225
1409,1226
146,1227
1331,1228
1842,1228
1105,1229
1614,1231
368,1231
844,1231
106,1231
1173,1231
1552,1232
1748,1234
753,1234
1237,1235
1024,1235
1734,1236
632,1236
203,1236
1007,1237
1685,1237
880,1237
1357,1237
1020,1238
1675,1238
625,1240
1400,1240
706,1241
1108,1241
323,1241
1966,1241
1257,1242
814,1243
1264,1244
264,1244
398,1245
1327,1245
269,1245
1880,1245
428,1245
1390,1248
1110,1249
526,1249
827,1249
1935,1250
1453,1250
549,1250
1767,1250
118,1250
225,1250
795,1251
1857,1251
164,1251
968,1252
97,1254
1824,1254
388,1255
483,1255
1597,1256
15,1256
357,1259
796,1260
758,1261
1662,1262
21,1262
1270,1263
1274,1264
274,1266
1774,1267
1777,1267
718,1268
1127,1268
1039,1269
1300,1270
2000,1270
772,1271
1732,1272
631,1272
1243,1273
1567,1273
747,1274
1485,1274
278,1274
1060,1275
1700,1275
840,1275
162,1276
402,1276
1377,1276
487,1276
476,1276
1182,1278
929,1279
817,1280
25,1280
1558,1281
1964,1281
374,1282
1495,1282
755,1282
640,1283
1224,1283
593,1284
891,1284
72,1285
962,1285
535,1285
928,1286
672,1286
1994,1286
1402,1286
843,1287
39,1287
324,1288
637,1288
1430,1289
634,1290
979,1290
64,1291
1673,1291
420,1291
1712,1291
1283,1291
848,1291
1687,1291
346,1292
1626,1292
923,1292
88,1293
1856,1293
1142,1294
1314,1295
973,1295
50,1297
263,1299
1978,1300
1901,1300
1449,1300
169,1301
421,1301
1644,1301
686,1302
1077,1302
75,1302
682,1303
365,1303
1936,1303
70,1304
965,1304
161,1304
1505,1305
1383,1306
879,1306
1259,1307
1641,1307
233,1307
172,1308
534,1308
905,1308
241,1309
596,1309
1830,1309
1106,1309
712,1310
1771,1310
1267,1310
1730,1311
756,1311
1713,1311
707,1312
636,1312
1458,1313
1266,1314
332,1314
247,1315
722,1315
417,1315
696,1315
401,1316
30,1316
1209,1316
1260,1316
1121,1317
190,1317
1405,1318
316,1318
1279,1319
150,1319
1828,1320
996,1320
301,1320
873,1321
1235,1321
855,1321
1546,1322
1196,1322
1356,1322
1714,1322
167,1322
437,1322
729,1322
1573,1322
872,1323
1325,1323
728,1324
681,1324
1154,1324
1695,1325
206,1325
1365,1326
1653,1326
492,1327
1536,1327
1411,1327
1392,1328
1807,1328
671,1328
86,1328
55,1328
1849,1329
1957,1329
1183,1329
83,1330
1010,1330
1533,1330
1428,1330
837,1330
806,1331
223,1332
446,1332
721,1332
520,1333
245,1334
1333,1334
909,1334
1881,1334
737,1334
1359,1334
959,1335
761,1337
825,1337
1187,1337
1877,1338
131,1338
887,1338
1543,1339
1810,1339
6,1340
1124,1340
1338,1340
619,1340
1719,1341
1472,1341
1600,1342
309,1342
199,1343
901,1343
36,1344
650,1344
212,1344
716,1345
1188,1345
1057,1345
57,1345
938,1345
1022,1345
1508,1345
465,1346
1554,1346
419,1347
1921,1347
436,1347
1063,1347
790,1348
1623,1348
1494,1348
999,1348
709,1349
1403,1350
1488,1350
1459,1350
1134,1351
1033,1351
175,1352
1239,1353
1397,1353
1825,1353
1201,1353
1593,1353
45,1353
1865,1354
441,1354
981,1354
440,1354
273,1354
371,1355
1213,1355
617,1355
1029,1355
998,1355
924,1356
313,1356
261,1356
1753,1357
66,1357
1306,1358
334,1359
1707,1359
768,1359
595,1361
173,1361
1251,1361
1242,1361
702,1362
308,1362
13,1363
912,1363
20,1363
948,1364
208,1364
1974,1364
198,1365
327,1365
435,1365
1694,1365
1878,1366
160,1366
1037,1366
283,1367
944,1367
616,1367
12,1367
1210,1367
532,1367
1549,1367
1555,1368
451,1368
187,1368
499,1368
951,1368
993,1369
1345,1370
1065,1370
298,1370
586,1370
127,1371
1721,1371
1061,1371
513,1372
1982,1373
507,1373
1482,1374
713,1374
919,1374
1388,1374
624,1375
1288,1375
1050,1375
1813,1376
1308,1376
1004,1376
1132,1377
975,1377
1070,1377
907,1378
137,1378
1561,1379
835,1379
1140,1379
291,1380
415,1380
1778,1380
571,1381
630,1381
1663,1381
1317,1381
690,1381
1123,1382
1431,1382
285,1383
1312,1383
677,1383
866,1383
538,1384
1417,1384
462,1384
1798,1384
764,1385
1879,1385
904,1386
404,1386
408,1387
1925,1387
367,1387
1510,1387
1165,1387
1323,1388
1437,1389
1583,1389
1761,1389
80,1389
369,1390
1809,1390
1756,1390
318,1391
110,1391
1355,1392
1373,1392
433,1392
335,1392
1765,1393
1855,1393
141,1393
1650,1393
663,1394
1660,1394
537,1394
120,1394
1244,1394
26,1394
397,1395
1350,1395
1382,1396
1006,1396
1720,1396
757,1396
1704,1397
1174,1397
1969,1398
1909,1398
1789,1398
903,1399
1852,1399
1072,1399
1135,1400
486,1400
1931,1400
626,1400
84,1400
34,1401
1770,1402
1380,1403
730,1403
1149,1403
418,1404
1481,1404
1087,1404
1716,1404
163,1405
954,1405
871,1405
1768,1405
1705,1405
138,1406
740,1406
1150,1406
1068,1406
766,1406
89,1406
1442,1406
1410,1406
1604,1407
1785,1407
1225,1407
1866,1408
1466,1409
836,1410
1026,1411
1635,1412
412,1412
1512,1413
1042,1413
646,1413
845,1413
1058,1414
1368,1414
1398,1416
726,1416
406,1416
342,1416
1591,1416
525,1416
1309,1416
209,1417
1448,1418
229,1418
742,1418
743,1419
515,1419
588,1420
430,1421
248,1421
687,1421
1250,1422
1136,1423
1757,1423
114,1423
615,1424
607,1425
272,1425
116,1425
952,1425
455,1426
1566,1426
377,1426
1548,1428
1537,1429
793,1429
1229,1429
304,1429
1352,1430
529,1430
445,1430
695,1431
1290,1431
822,1432
544,1432
147,1433
1858,1434
431,1435
1949,1435
1361,1436
1793,1437
719,1437
186,1438
715,1438
22,1438
1478,1439
585,1440
1889,1440
1787,1441
1975,1441
1088,1442
1454,1443
240,1444
265,1444
366,1445
1965,1446
1750,1446
458,1447
1180,1447
1575,1448
1680,1449
1017,1450
395,1450
214,1452
578,1452
1371,1453
1369,1454
995,1454
823,1455
937,1455
1451,1455
76,1455
892,1455
201,1456
376,1456
461,1456
1867,1457
1307,1459
176,1460
527,1461
1112,1461
171,1461
258,1462
386,1463
1910,1463
396,1464
523,1464
205,1465
1464,1466
468,1466
935,1467
100,1470
1832,1471
689,1471
142,1473
1827,1473
1727,1474
1769,1475
731,1475
9,1477
1607,1477
1376,1479
1560,1480
1362,1480
1163,1481
1562,1481
1304,1481
1216,1483
1169,1483
452,1486
73,1486
1642,1487
1295,1488
1504,1488
1074,1489
807,1490
464,1491
351,1491
1001,1492
1678,1492
832,1494
1895,1494
314,1495
846,1495
414,1495
917,1496
1906,1497
1262,1498
610,1498
113,1500
572,1500
1197,1500
1492,1501
94,1502
900,1503
1278,1504
576,1505
1903,1507
781,1509
429,1509
1305,1509
528,1510
622,1510
379,1511
1916,1512
1645,1512
1303,1512
1742,1515
477,1516
1717,1518
1945,1518
1630,1518
362,1519
1521,1519
339,1519
770,1521
1735,1521
759,1522
533,1522
711,1523
925,1524
105,1524
1393,1525
1937,1525
691,1525
1435,1526
1781,1526
1986,1526
1346,1527
705,1528
1129,1528
1688,1529
1817,1530
1783,1532
1152,1533
1170,1534
1612,1537
750,1537
1989,1537
293,1538
1287,1543
725,1544
1708,1545
994,1545
1530,1546
475,1546
978,1546
1788,1547
1045,1548
700,1548
1773,1549
1760,1549
352,1550
1586,1551
1697,1551
902,1551
1638,1554
1559,1556
389,1557
574,1558
288,1559
1071,1559
611,1561
1471,1562
516,1567
143,1568
1846,1570
922,1570
1991,1570
1821,1571
888,1572
661,1573
629,1575
1904,1576
1514,1578
628,1581
1755,1581
1085,1581
1379,1582
43,1583
1184,1586
277,1589
1093,1589
1332,1589
1946,1589
1289,1590
546,1593
945,1594
808,1595
1839,1597
1951,1597
136,1598
683,1599
826,1599
40,1601
463,1601
1358,1602
135,1602
180,1602
1883,1602
1885,1603
179,1603
828,1604
1859,1605
801,1605
482,1606
641,1607
1079,1608
194,1608
383,1609
1671,1610
656,1613
1888,1613
262,1613
1296,1615
63,1620
98,1621
575,1622
1596,1623
1891,1623
1099,1623
867,1625
1354,1626
494,1628
858,1628
1840,1629
1800,1629
1782,1630
1241,1630
159,1633
1796,1633
594,1637
1598,1637
1871,1639
343,1639
980,1640
439,1641
739,1641
1277,1641
930,1642
659,1643
1954,1643
1779,1643
1199,1644
144,1645
275,1646
1189,1647
52,1648
1228,1648
1608,1648
3,1649
1522,1649
1845,1651
1502,1652
1701,1654
1131,1655
852,1655
1159,1657
1054,1660
762,1661
1896,1663
292,1665
1043,1667
851,1667
1056,1667
217,1671
1746,1671
1651,1674
760,1674
311,1675
1729,1675
1699,1675
246,1678
1381,1679
1540,1679
1812,1679
1195,1680
62,1681
1048,1682
1008,1683
1844,1684
1423,1686
166,1688
1995,1690
1875,1690
738,1693
893,1695
338,1697
19,1698
1367,1699
1389,1699
447,1700
1422,1702
1985,1703
251,1704
345,1705
1670,1706
906,1706
11,1708
1973,1708
1457,1709
741,1709
1249,1710
1672,1711
1955,1711
1517,1716
31,1721
886,1723
552,1725
708,1727
1987,1728
310,1730
863,1731
1326,1732
1577,1733
325,1733
1576,1734
38,1734
469,1735
861,1737
804,1737
1582,1738
466,1741
694,1744
723,1744
266,1746
703,1747
409,1747
1285,1748
1316,1749
479,1750
1897,1750
299,1750
158,1757
597,1759
1168,1760
1118,1760
1772,1761
192,1761
1391,1767
1161,1768
553,1770
71,1771
1115,1772
1440,1773
1370,1774
286,1775
1806,1775
1450,1776
600,1778
1590,1779
60,1779
914,1780
560,1780
1256,1781
543,1786
254,1789
774,1791
358,1792
773,1797
1171,1797
1234,1800
853,1805
1649,1805
1335,1807
400,1807
207,1807
1983,1809
1205,1809
284,1809
340,1812
1337,1812
46,1813
1900,1819
897,1820
1907,1820
1034,1820
235,1821
1434,1822
391,1822
939,1823
1192,1826
1776,1830
1407,1831
946,1834
1318,1835
1191,1835
1961,1836
495,1836
230,1837
1330,1839
1218,1840
864,1841
1802,1841
480,1841
1609,1844
1861,1844
472,1845
1563,1846
1599,1847
831,1847
992,1848
1658,1848
1958,1849
216,1849
1873,1850
1413,1860
375,1860
947,1861
1666,1865
512,1866
876,1867
360,1867
882,1867
1525,1869
1172,1874
1198,1876
331,1880
815,1881
1047,1883
1629,1886
654,1887
765,1890
653,1891
1429,1892
1941,1893
1698,1895
623,1896
253,1898
1395,1899
491,1905
556,1907
218,1907
531,1908
1523,1912
775,1914
724,1917
809,1917
1091,1919
885,1919
1271,1920
1116,1925
1220,1925
974,1925
1589,1927
820,1928
399,1930
1066,1932
1513,1932
988,1933
972,1935
1541,1936
478,1936
294,1937
1908,1939
1363,1939
1094,1939
862,1942
1483,1943
890,1944
618,1951
506,1952
336,1952
1850,1955
1722,1957
1553,1957
1794,1958
1193,1958
961,1958
1143,1960
1918,1966
1096,1968
99,1968
1933,1968
1648,1968
508,1970
1968,1970
1947,1971
1245,1973
1923,1974
1890,1975
1083,1977
652,1978
111,1978
1069,1982
23,1982
1808,1984
1473,1988
720,1991
1030,1993
1876,1994
1595,1997
517,1998
1751,1999
984,2001
427,2001
662,2002
1036,2003
1334,2004
381,2005
1953,2005
732,2005
798,2011
155,2012
987,2012
936,2012
1976,2012
270,2012
1823,2015
931,2018
783,2019
824,2019
1027,2020
932,2022
1119,2024
1452,2025
1336,2026
320,2027
643,2027
184,2028
1640,2029
834,2030
460,2031
426,2034
1231,2037
780,2038
1738,2039
1696,2041
134,2042
1160,2044
1046,2045
1479,2045
1572,2047
854,2054
504,2056
684,2060
257,2065
1683,2068
1040,2069
1497,2070
1252,2074
481,2076
1860,2078
1775,2083
156,2086
1511,2086
620,2087
319,2089
1419,2092
612,2092
536,2093
518,2100
4,2103
1406,2103
356,2104
1468,2104
1826,2106
1940,2106
1967,2111
668,2113
227,2114
484,2116
112,2117
744,2120
1005,2129
252,2132
649,2133
1470,2133
1795,2133
1238,2135
1637,2139
1833,2139
425,2141
1023,2141
1539,2144
1456,2145
1378,2148
1019,2149
1741,2152
1240,2155
1706,2159
1791,2159
539,2160
35,2167
1574,2170
899,2173
1157,2175
1092,2176
658,2177
243,2178
1585,2178
1426,2181
1081,2184
92,2185
530,2192
1804,2193
219,2194
65,2194
1055,2200
449,2201
315,2204
942,2205
674,2209
1711,2213
1321,2213
898,2213
657,2214
787,2218
1467,2219
1618,2229
555,2230
557,2233
1520,2234
1427,2234
1647,2239
1415,2244
47,2246
1281,2246
1564,2254
1493,2256
704,2259
786,2260
1594,2261
911,2266
1843,2267
660,2279
547,2280
1147,2283
577,2286
1999,2286
500,2289
1113,2292
297,2298
1399,2299
326,2301
1669,2306
870,2307
1372,2311
497,2312
1570,2315
1501,2315
1905,2317
982,2323
1762,2329
524,2331
688,2336
1892,2346
1557,2347
37,2352
1498,2353
211,2356
1592,2359
126,2364
115,2376
582,2378
33,2379
5,2379
1028,2379
1927,2381
1792,2387
1643,2396
841,2404
1988,2405
1709,2408
1000,2418
1107,2423
1677,2432
1153,2433
1870,2436
1799,2441
1412,2443
1025,2444
242,2450
592,2450
933,2454
1507,2460
1148,2462
1319,2466
239,2467
1176,2472
1444,2483
42,2489
191,2496
1181,2497
913,2500
1939,2500
1344,2501
1509,2504
41,2504
416,2510
1656,2512
256,2513
82,2517
1339,2523
1977,2524
302,2524
1499,2525
953,2529
1062,2538
307,2541
1703,2545
407,2545
77,2546
181,2548
1261,2568
170,2569
459,2583
1145,2589
390,2595
1146,2602
1847,2602
1739,2609
621,2612
542,2612
679,2621
1436,2639
1569,2640
124,2643
977,2652
1526,2655
1226,2656
670,2660
1619,2660
564,2671
598,2672
1310,2674
1580,2679
1759,2680
821,2685
405,2685
321,2691
884,2697
215,2706
778,2706
693,2736
1763,2751
24,2761
467,2761
675,2761
989,2773
1315,2783
81,2791
655,2792
1524,2803
1622,2817
1385,2832
788,2835
1959,2843
96,2845
1276,2845
1962,2852
29,2853
1790,2853
1164,2854
1919,2856
1009,2858
608,2858
1915,2899
1098,2899
1194,2908
785,2914
403,2931
1394,2944
1996,2952
990,2963
353,2966
1032,2978
1158,2987
10,2989
1496,2994
1364,2999
1899,2999
1396,3001
85,3006
1682,3006
1972,3013
550,3013
745,3015
1529,3029
69,3029
1078,3032
1408,3035
545,3042
941,3062
635,3064
1215,3065
540,3088
1075,3102
1284,3120
8,3137
1902,3143
222,3144
920,3146
350,3147
895,3164
1447,3192
454,3198
456,3201
1928,3208
303,3216
1934,3220
1848,3226
1086,3227
883,3235
1208,3242
896,3243
1080,3246
119,3251
505,3279
1634,3301
121,3307
983,3308
692,3309
609,3324
234,3329
95,3330
295,3332
1002,3343
1067,3346
1863,3351
344,3376
1130,3376
1038,3376
1981,3396
1414,3408
1944,3410
1665,3429
1887,3447
1610,3459
666,3468
791,3484
1831,3485
1384,3499
133,3504
1578,3506
1884,3518
521,3526
1922,3541
1341,3557
805,3563
1971,3566
1353,3571
957,3581
117,3589
985,3594
1689,3627
967,3639
1122,3650
918,3653
1917,3655
363,3659
1190,3663
697,3692
204,3696
1542,3704
1864,3715
174,3744
378,3755
583,3819
471,3867
1636,3870
970,3889
647,3897
341,3916
927,3918
123,3965
1702,3983
28,3993
710,4009
485,4058
1298,4078
151,4126
1674,4127
305,4133
949,4138
779,4161
168,4171
591,4184
488,4228
385,4240
1948,4262
589,4283
1926,4312
1819,4415
1661,4422
1021,4461
260,4479
290,4532
1268,4551
1049,4602
250,4609
1613,4632
1186,4644
816,4683
1579,4692
1461,4814
1815,4863
1993,4883
130,4898
1089,4906
1475,4910
570,4923
1059,4927
152,4929
685,4934
579,4941
1531,4943
44,4943
1737,4950
976,4957
1343,4957
1202,4957
58,4958
1221,4965
1950,4966
392,4967
333,4967
322,4978
1726,4983
1349,4988
373,4995
79,4999
1581,5004
558,5004
644,5010
1222,5012
958,5023
1420,5042
2,5047
590,5059
1,5066
1375,5067
665,5068
733,5071
1263,5075
1299,5081
554,5083
249,5084
1676,5089
61,5092
1348,5093
763,5096
1013,5098
603,5120
1805,5134
717,5137
1139,5150
1204,5156
1710,5169
489,5172
1659,5183
782,5190
108,5197
587,5200
1667,5212
1324,5217
457,5220
1588,5222
220,5226
1486,5226
964,5229
819,5231
224,5239
1632,5249
950,5250
361,5257
48,5260
1424,5265
210,5265
1621,5265
746,5287
348,5300
473,5301
751,5307
580,5308
1401,5316
1611,5320
1233,5323
380,5328
296,5333
599,5338
1297,5339
910,5342
1838,5347
1568,5347
627,5348
125,5354
676,5359
255,5369
1654,5369
27,5370
752,5373
699,5375
803,5386
1223,5387
102,5415
1018,5422
139,5423
850,5428
776,5428
1532,5434
789,5465
1425,5468
1664,5471
470,5476
1882,5489
1282,5490
1527,5516
940,5516
1693,5521
289,5524
811,5527
1097,5527
1516,5530
364,5540
1219,5541
1625,5545
869,5548
1035,5585
584,5587
1280,5593
1853,5597
1998,5601
276,5601
754,5605
1016,5624
1822,5624
818,5641
1254,5647
1474,5650
182,5651
1874,5654
330,5661
606,5662
87,5665
698,5665
943,5672
1203,5678
68,5680
510,5681
54,5696
122,5699
856,5713
268,5725
157,5726
1571,5729
300,5731
605,5733
422,5740
573,5743
1162,5752
349,5753
1433,5755
1930,5763
1684,5770
1031,5775
1639,5781
271,5782
1044,5794
1211,5795
372,5800
551,5805
1463,5810
859,5811
282,5814
1942,5815
1227,5840
601,5862
1230,5869
1725,5889
638,5890
154,5907
394,5912
1366,5918
734,5920
1605,5923
960,5928
1811,5930
568,5933
1544,5939
1469,5940
1616,5941
202,5954
1749,5961
673,5980
1455,5985
238,5987
17,5993
1320,6007
567,6015
359,6024
1490,6051
1421,6060
1484,6065
1351,6068
894,6071
1114,6077
424,6084
1984,6088
237,6089
1286,6094
955,6108
1584,6110
1104,6121
1743,6128
387,6154
680,6156
280,6189
541,6191
1992,6203
1253,6220
769,6222
200,6225
548,6239
916,6273
1100,6274
1236,6284
189,6287
1500,6293
1690,6312
1051,6317
1109,6317
648,6318
1913,6331
1128,6332
934,6348
1232,6350
1141,6351
966,6370
267,6378
1752,6384
1177,6387
1301,6412
129,6413
522,6415
501,6418
1206,6425
860,6458
865,6470
1011,6475
49,6481
509,6496
1052,6503
51,6515
287,6528
1715,6529
1064,6542
1313,6547
1438,6592
1012,6607
748,6621
1869,6621
128,6632
1443,6636
1990,6661
1556,6691
797,6707
448,6717
810,6732
1745,6742
453,6772
1744,6791
498,6802
1692,6830
1156,6849
193,6869
1082,6869
1446,6908
1518,6931
613,7093
177,7123
1784,7139
833,7140
1117,7150
1624,7173
226,7277
1462,7286
1416,7303
1418,7401
244,7472
1465,7482
915,7520
1758,7530
1606,7555
569,7601
701,7604
370,7624
1970,7624
1003,7643
90,7646
1893,7692
410,7707
794,7712
1631,7721
503,7763
109,7792
812,7813
496,7847
195,7888
868,7939
93,8050
889,8096
1041,8163
1837,8261
1095,8324
1374,8343
971,8430
1818,8452
614,8595
1138,8597
1175,8603
393,8617
1212,8620
1733,8635
1015,8667
1166,8674
1432,8693
1272,8712
59,8840
1503,8842
432,8843
1073,8871
1929,9080
1980,9089
450,9090
1014,9121
384,9129
474,9139
1360,9176
1868,9186
771,9197
493,9213
444,9241
1144,9261
355,9269
196,9301
792,9328
1912,9333
878,9358
329,9494
91,9501
228,9558
1911,9577
651,9720
847,9760
1736,9821
802,9833
1214,9895
7,9960
1723,10042
1340,10098
1515,10099
784,10214
1898,10291
1120,10314
1133,10338
423,10453
956,10523
1207,10555
1167,10626
221,10629
317,10632
1602,10756
1328,10823
581,10874
1872,10893
1528,10895
1053,11022
67,11111
1294,11161
1178,11162
1248,11288
604,11451
1633,11489
1265,11536
1628,11616
74,11771
197,11819
232,11899
1886,12312
714,12659
347,13084
279,13367
561,13478
559,13608
1347,13700
727,13829
1943,15577
1657,15749
511,15973
1076,16310
1956,19139
1293,19406
777,19710
1652,20308
1740,24065
1668,24389
562,25309
839,25784


0
7308

BUILD SUCCESSFUL in 12s
2 actionable tasks: 2 executed
