> Task :simulator:compileJava
> Task :simulator:processResources NO-SOURCE
> Task :simulator:classes

> Task :simulator:run
simblock.block.ProofOfWorkBlock@cc34f4d:0
81,0
12,65
347,100
13,115
297,131
715,143
531,147
595,151
236,158
969,166
924,172
925,187
903,199
992,202
83,202
681,204
25,212
68,214
598,226
672,232
552,234
682,235
115,238
915,243
16,244
475,247
352,248
760,248
932,248
205,252
69,253
945,258
167,258
573,262
929,265
233,268
124,269
769,277
604,277
27,278
548,281
483,282
811,283
77,284
902,285
508,285
366,286
368,292
89,292
534,293
609,295
542,296
979,296
17,298
345,299
585,299
182,301
747,301
203,301
704,302
590,304
129,306
343,308
526,308
718,309
358,309
234,311
501,313
832,314
165,314
193,316
664,317
281,318
470,319
758,320
599,321
879,322
570,322
222,325
42,327
754,328
770,330
779,330
620,331
695,332
948,332
821,332
300,334
972,335
942,335
937,335
667,336
618,336
835,337
545,338
830,340
375,340
632,340
673,342
640,342
984,343
532,343
456,343
739,344
947,344
263,345
242,346
87,347
706,347
130,348
41,349
471,349
668,349
324,350
19,352
881,354
127,354
109,355
338,357
517,357
907,358
698,359
798,359
800,360
374,360
781,361
209,361
485,361
48,361
436,362
275,362
865,363
229,363
857,364
116,364
689,365
579,365
997,365
767,366
145,366
376,366
298,366
227,366
316,368
342,368
827,368
692,369
497,370
239,371
231,372
818,373
427,373
665,373
407,374
982,374
775,375
163,375
940,376
975,377
153,378
21,379
154,380
467,380
458,380
959,380
271,382
852,382
950,383
301,383
476,384
838,385
817,386
191,387
996,388
849,388
183,388
439,389
778,390
448,390
312,391
360,392
628,392
296,392
482,393
194,393
55,393
384,394
74,394
645,395
336,395
836,396
149,397
971,397
460,398
671,398
615,399
875,399
251,399
198,399
893,399
307,400
295,400
208,400
957,401
920,401
123,402
663,403
147,404
882,404
88,405
639,405
839,405
853,406
740,407
350,407
258,407
5,408
840,408
871,410
457,410
423,410
705,410
814,411
730,411
624,411
292,411
993,412
507,412
543,412
685,413
256,413
962,413
994,413
333,413
541,415
644,415
213,416
965,416
39,416
744,417
591,417
911,417
916,418
31,418
824,419
714,419
185,420
612,421
789,421
246,422
938,422
18,423
693,423
766,423
385,423
717,425
420,425
488,426
1000,427
257,427
737,428
442,428
465,428
128,429
727,429
503,430
200,431
180,432
518,432
53,433
92,433
711,433
466,434
858,435
323,436
885,437
888,437
908,438
93,440
722,441
487,441
434,441
240,443
33,444
731,444
8,445
82,446
535,446
713,447
505,447
190,448
999,448
99,449
247,449
700,450
757,452
565,452
759,452
104,453
29,454
963,454
280,455
870,456
985,456
846,457
172,457
326,458
854,459
277,459
597,460
851,460
424,464
498,465
106,465
928,465
206,467
177,467
176,468
958,468
976,469
416,471
313,472
605,472
379,474
337,474
461,474
134,475
320,475
622,475
383,477
897,477
418,480
179,480
398,482
751,483
746,483
34,483
217,487
603,488
951,493
828,494
363,495
973,495
305,497
56,498
71,499
922,502
372,506
393,509
631,509
791,516
386,517
637,520
453,520
687,521
490,523
223,534
412,536
230,537
602,539
283,540
914,542
515,548
24,548
440,549
710,554
782,555
906,556
861,561
748,561
159,567
743,570
725,570
522,573
195,574
833,575
218,577
784,581
679,582
262,584
111,591
70,593
728,596
866,599
469,600
537,614
210,620
741,629
651,630
923,635
164,638
495,646
771,654
63,666
860,672
512,674
661,678
829,678
956,682
716,686
464,687
720,688
367,689
235,695
61,696
841,697
777,698
11,698
168,701
843,702
749,704
344,704
699,710
792,710
527,718
921,721
516,725
702,725
650,729
931,730
454,730
586,734
634,735
136,735
564,736
373,738
131,741
411,743
451,744
137,744
563,745
304,746
294,751
248,751
567,752
23,753
736,753
479,754
601,758
513,758
396,761
977,763
801,764
525,765
536,766
225,768
822,768
780,769
680,770
806,771
78,771
181,774
152,781
112,783
327,784
415,784
936,788
171,789
625,790
764,791
331,791
32,794
481,795
221,806
900,807
863,813
559,813
825,815
578,823
502,828
309,831
883,831
694,834
968,840
310,845
66,845
272,849
596,849
939,866
896,872
946,873
987,879
991,881
220,886
684,888
321,891
52,891
150,895
539,897
859,910
981,916
155,916
538,917
103,919
299,924
241,927
160,929
529,933
635,933
794,941
874,944
253,951
468,962
175,963
506,975
100,980
444,1003
473,1005
480,1006
873,1012
445,1022
649,1023
826,1026
496,1026
862,1028
425,1031
26,1032
477,1037
95,1038
133,1039
90,1049
170,1055
842,1056
742,1057
330,1060
729,1061
318,1061
995,1063
815,1068
765,1069
892,1070
633,1071
802,1071
670,1075
617,1075
98,1077
142,1082
64,1089
279,1091
895,1092
370,1092
688,1093
36,1103
847,1104
550,1106
161,1106
600,1109
785,1111
898,1112
768,1118
311,1121
7,1125
638,1132
556,1134
211,1138
560,1140
943,1143
157,1149
904,1150
919,1151
652,1161
930,1166
401,1173
584,1174
837,1176
678,1177
812,1178
719,1187
173,1188
138,1193
803,1195
364,1199
450,1205
607,1225
877,1226
80,1232
249,1232
783,1239
435,1242
224,1250
46,1256
14,1262
286,1265
724,1265
113,1269
303,1271
647,1285
216,1293
795,1304
400,1309
533,1312
57,1315
844,1323
627,1325
250,1327
266,1334
523,1365
964,1370
797,1371
361,1376
417,1390
399,1397
876,1399
289,1415
441,1418
933,1426
132,1434
629,1464
319,1479
332,1490
254,1493
219,1497
58,1503
392,1510
20,1544
493,1558
889,1566
735,1567
51,1571
934,1618
261,1620
926,1625
642,1630
455,1640
732,1642
804,1647
774,1649
119,1661
723,1663
660,1669
752,1673
356,1674
169,1682
355,1699
139,1718
306,1731
178,1733
613,1736
59,1741
989,1750
910,1759
520,1765
108,1800
978,1810
655,1821
891,1823
365,1830
228,1832
810,1842
422,1865
582,1867
519,1870
474,1882
918,1887
524,1894
558,1900
949,1901
50,1910
856,1913
848,1929
354,1939
621,1972
35,1983
901,1995
269,2004
188,2008
166,2017
593,2028
913,2030
944,2045
3,2048
252,2077
561,2090
406,2095
623,2124
158,2132
268,2150
335,2151
259,2166
983,2169
405,2189
494,2253
927,2257
733,2257
273,2259
544,2278
659,2306
270,2312
606,2325
4,2383
447,2389
755,2408
701,2418
255,2462
199,2472
867,2480
409,2510
117,2538
500,2572
369,2604
491,2605
44,2645
341,2647
630,2665
402,2668
314,2685
569,2737
726,2737
421,2750
192,2755
282,2775
540,2793
37,2795
120,2799
820,2804
568,2808
428,2822
616,2848
62,2866
721,2904
697,2932
351,2956
952,3005
65,3012
492,3026
196,3032
60,3065
980,3067
437,3121
110,3140
583,3175
184,3193
850,3305
432,3333
395,3341
325,3465
102,3487
886,3518
966,3567
15,3632
703,3634
707,3639
308,3652
146,3679
429,3705
772,3780
226,3809
28,3837
793,3851
960,3853
274,3866
961,3883
85,3910
96,3932
988,3935
998,3943
339,3947
10,3947
562,3949
869,3959
576,3964
669,3970
54,3973
118,3980
380,3981
49,3982
917,3988
654,3988
662,3993
990,3995
819,3997
243,4001
410,4003
773,4014
431,4018
941,4019
79,4020
433,4020
581,4021
278,4025
187,4031
577,4032
30,4033
761,4035
284,4036
214,4038
868,4039
265,4045
414,4045
546,4053
708,4055
75,4055
443,4060
202,4064
756,4064
378,4064
143,4065
67,4066
776,4071
419,4079
148,4080
357,4086
864,4087
574,4091
328,4097
608,4099
478,4100
641,4113
970,4119
648,4121
459,4123
575,4132
484,4160
489,4165
359,4174
438,4175
753,4176
73,4189
790,4191
2,4206
589,4206
389,4209
528,4210
329,4217
511,4219
204,4221
734,4221
553,4221
72,4253
587,4258
76,4296
954,4298
626,4301
43,4336
486,4337
572,4345
738,4347
807,4350
674,4353
201,4354
619,4359
555,4384
371,4385
276,4390
238,4402
762,4409
349,4424
967,4431
408,4440
855,4440
554,4444
656,4456
449,4456
121,4462
745,4477
212,4479
690,4519
413,4529
657,4550
816,4559
189,4570
675,4582
285,4593
557,4594
45,4603
38,4614
264,4620
348,4649
788,4687
197,4688
353,4694
287,4703
514,4709
390,4749
588,4760
530,4792
22,4816
215,4825
646,4827
592,4830
340,4836
105,4840
144,4843
786,4858
677,4909
40,4944
787,4951
452,4952
94,4953
809,4980
805,5002
610,5024
462,5026
346,5075
245,5079
636,5081
91,5105
509,5120
86,5127
472,5131
953,5152
237,5169
463,5221
676,5243
1,5289
382,5309
799,5312
174,5323
974,5325
394,5329
878,5355
317,5356
709,5364
499,5368
955,5400
446,5428
813,5445
666,5467
403,5487
387,5491
97,5497
141,5550
291,5554
686,5561
884,5586
504,5604
404,5634
935,5653
334,5682
643,5745
909,5756
580,5910
397,5933
6,5934
899,5936
571,6058
47,6095
905,6175
156,6240
140,6278
293,6302
594,6371
696,6442
691,6532
845,6544
823,6628
834,6717
887,6785
122,6803
260,6839
890,6884
763,6973
683,7042
658,7045
549,7158
712,7230
84,7233
362,7320
611,7434
872,7471
614,7504
894,7519
510,7632
162,7669
912,7674
388,7710
377,7733
186,7749
125,7788
391,7803
232,7810
653,7823
135,7828
107,7907
551,7907
244,7938
986,7950
101,7964
430,8039
288,8070
290,8083
831,8086
114,8122
426,8221
302,8253
796,8331
207,8354
151,8468
267,8600
9,8811
566,8894
750,9089
126,9167
381,9209
315,9481
808,11291
880,11578
547,12146
322,12393
521,12551

simblock.block.ProofOfWorkBlock@4221663d:1
432,0
563,112
429,189
282,242
32,253
745,282
479,292
226,310
556,347
816,372
181,396
939,402
638,409
764,420
694,443
736,447
578,460
968,462
173,466
512,485
409,490
371,501
311,504
423,507
216,516
922,522
197,527
450,534
62,535
734,540
841,546
753,548
883,550
917,556
270,557
162,559
559,563
863,568
626,574
225,576
94,580
114,582
171,584
510,584
480,585
893,590
747,591
572,601
220,601
178,608
489,610
373,617
1,625
112,627
650,630
536,639
470,642
231,643
40,644
525,645
408,645
720,645
436,645
921,646
456,646
882,646
516,647
674,651
567,653
64,655
279,657
582,658
14,659
374,660
445,660
299,661
784,666
73,667
426,669
41,670
411,671
369,671
66,675
296,681
451,683
396,683
430,683
976,685
729,686
774,689
553,689
63,689
51,690
366,691
661,694
965,695
997,698
850,702
987,702
175,702
415,703
601,705
23,706
725,706
597,706
136,706
531,707
22,711
431,712
318,713
972,714
542,714
640,716
102,718
741,719
478,720
55,720
552,720
853,723
755,723
620,723
11,725
544,725
684,726
502,728
919,729
777,729
412,730
867,733
248,734
68,734
780,735
497,735
398,735
662,736
947,736
307,738
762,741
704,742
90,743
782,745
132,745
350,745
365,746
772,747
403,748
221,749
294,750
872,752
647,754
308,756
130,757
227,758
9,758
295,759
618,759
629,759
486,760
252,762
504,763
352,763
783,765
146,766
457,766
958,766
534,766
769,768
568,770
224,770
314,770
310,771
602,772
930,772
936,773
104,774
801,775
498,776
698,778
263,779
749,782
957,783
201,783
865,783
543,783
807,783
384,784
110,785
283,785
711,786
847,786
77,787
346,787
105,788
679,789
757,789
519,791
963,791
140,791
842,792
223,793
522,794
964,795
168,795
472,795
897,795
148,797
342,798
641,800
272,800
737,800
705,801
562,801
940,803
820,806
180,806
288,808
840,809
244,810
351,810
333,810
448,811
681,811
16,812
440,812
253,813
696,814
998,815
348,817
560,817
115,817
106,817
630,818
710,818
331,818
19,819
541,819
579,820
309,820
771,821
581,822
554,822
356,822
697,823
194,823
911,823
241,826
995,826
152,826
546,829
533,829
901,830
625,831
475,831
854,832
328,832
513,832
383,833
903,834
956,834
414,834
740,835
591,836
499,836
716,837
471,837
196,838
323,838
320,839
325,839
980,840
569,841
305,843
792,844
222,846
992,847
386,847
172,847
108,847
977,847
422,848
260,848
116,849
70,849
153,850
43,850
133,851
439,851
900,852
950,852
573,853
908,854
986,856
72,856
577,857
555,857
79,857
651,857
993,857
343,859
4,859
551,860
881,862
363,864
406,864
644,865
682,867
491,868
27,868
193,868
929,868
676,870
923,871
332,871
862,872
717,872
256,874
400,874
954,875
243,875
48,877
277,878
407,878
463,879
529,884
381,887
189,887
125,887
135,888
490,888
287,889
931,890
904,891
659,891
184,893
738,895
100,895
317,896
814,897
538,898
981,899
236,900
280,900
535,900
719,902
435,904
815,905
975,905
742,905
495,909
5,909
935,910
702,911
789,911
262,913
13,914
779,915
628,915
859,916
208,916
527,919
781,921
246,923
564,927
355,930
634,930
481,931
623,932
521,934
265,936
213,936
685,936
358,937
324,937
460,939
444,941
170,944
300,945
218,945
500,945
938,947
447,953
583,953
540,953
461,954
484,955
199,957
122,958
952,959
155,960
858,961
139,961
160,962
733,965
766,967
906,968
511,968
353,969
959,969
506,969
839,972
89,974
316,976
990,978
621,979
824,981
773,981
817,985
969,986
595,989
891,990
186,992
728,993
338,994
345,997
129,997
760,997
344,1001
503,1002
812,1004
33,1005
589,1008
233,1010
145,1011
896,1013
967,1013
787,1016
93,1017
128,1020
566,1020
141,1020
298,1020
250,1025
349,1027
30,1031
948,1035
946,1038
465,1039
838,1040
806,1042
714,1042
861,1043
8,1043
203,1045
826,1047
520,1049
149,1049
18,1052
391,1057
2,1058
289,1066
657,1069
364,1070
88,1070
69,1072
177,1073
154,1074
885,1074
82,1075
941,1075
518,1079
748,1079
376,1079
594,1082
341,1085
53,1086
35,1087
330,1089
507,1090
151,1095
476,1097
910,1097
297,1100
78,1104
438,1108
991,1109
532,1110
598,1112
593,1112
147,1114
617,1116
83,1126
928,1131
712,1137
849,1141
200,1142
548,1143
761,1143
71,1144
290,1148
700,1149
468,1150
232,1151
549,1154
706,1157
230,1159
387,1165
767,1168
830,1170
239,1172
195,1173
326,1179
944,1180
268,1185
680,1185
971,1187
117,1192
80,1199
242,1201
994,1202
962,1203
205,1204
25,1207
860,1207
592,1207
942,1207
482,1208
393,1211
209,1211
751,1212
21,1213
857,1215
483,1219
678,1224
382,1228
455,1229
827,1231
895,1235
724,1239
561,1242
306,1244
453,1247
182,1257
580,1268
821,1269
823,1269
856,1279
664,1280
999,1281
190,1281
34,1282
691,1282
81,1292
689,1299
339,1303
709,1303
119,1305
890,1306
85,1308
888,1308
378,1316
449,1319
732,1323
898,1329
425,1330
45,1330
442,1336
29,1338
420,1339
688,1339
293,1340
670,1341
124,1341
379,1349
501,1351
933,1355
983,1357
636,1359
98,1361
802,1361
446,1365
686,1373
508,1382
746,1386
121,1388
92,1389
228,1394
360,1401
718,1406
286,1406
46,1407
335,1407
752,1408
198,1412
206,1413
261,1416
191,1416
165,1417
255,1420
492,1421
285,1429
799,1432
675,1435
775,1438
86,1439
875,1444
424,1445
421,1446
50,1446
99,1448
643,1459
113,1460
609,1471
84,1471
275,1492
17,1492
234,1496
735,1497
428,1502
95,1507
215,1510
58,1517
605,1521
937,1530
247,1532
701,1534
703,1539
599,1548
836,1548
389,1549
913,1561
214,1563
515,1564
726,1573
269,1582
6,1585
143,1589
91,1593
39,1599
949,1601
727,1603
65,1610
15,1615
74,1621
786,1623
267,1625
811,1626
97,1629
76,1648
953,1649
887,1650
707,1664
159,1678
722,1685
909,1685
788,1700
683,1701
873,1704
390,1717
558,1731
42,1735
61,1741
395,1744
319,1748
274,1751
996,1754
38,1754
118,1755
204,1764
934,1768
493,1781
240,1783
44,1803
505,1806
37,1808
28,1810
537,1811
607,1816
596,1820
765,1825
59,1830
523,1843
437,1851
798,1867
658,1868
699,1870
469,1870
851,1879
615,1885
402,1890
843,1891
902,1892
485,1905
392,1905
101,1905
370,1913
258,1925
509,1931
517,1935
176,1959
467,1964
633,1973
292,1976
144,1996
188,2021
739,2021
585,2034
217,2050
134,2063
926,2070
905,2070
614,2074
632,2091
768,2094
584,2111
627,2113
759,2115
955,2140
665,2153
943,2157
271,2163
496,2198
526,2203
868,2205
813,2214
600,2236
800,2239
20,2247
984,2248
60,2265
340,2267
878,2278
825,2292
557,2310
894,2313
778,2332
642,2334
368,2335
120,2353
477,2354
211,2358
167,2366
545,2377
212,2401
791,2409
229,2438
916,2443
494,2521
417,2531
804,2567
245,2567
829,2590
750,2604
334,2632
785,2647
866,2667
24,2711
150,2736
266,2743
454,2760
169,2762
530,2789
361,2796
219,2817
660,2840
808,2849
979,2914
870,2960
970,2964
273,2992
835,3009
138,3009
848,3018
322,3022
405,3029
385,3044
419,3080
164,3111
855,3160
723,3172
36,3199
347,3303
713,3314
622,3375
655,3382
744,3446
179,3495
837,3583
828,3608
394,3713
920,3773
845,3773
337,3786
397,3810
932,3850
715,3875
487,3935
210,3979
301,4036
645,4062
207,4068
603,4108
302,4116
590,4199
810,4209
3,4210
127,4218
619,4267
291,4279
327,4321
377,4359
565,4373
637,4387
693,4389
606,4391
973,4409
550,4412
67,4446
459,4454
96,4466
945,4471
846,4483
187,4486
329,4504
669,4514
667,4519
912,4526
264,4538
608,4551
49,4560
613,4565
547,4570
776,4585
276,4587
367,4610
1000,4613
834,4627
884,4631
47,4639
466,4649
819,4662
796,4671
961,4716
12,4746
413,4765
951,4780
107,4822
988,4834
677,4842
708,4866
284,4876
989,4886
416,4896
907,4911
202,4927
54,4928
805,4939
874,4949
7,4966
818,4973
362,4984
336,5009
587,5016
797,5069
576,5082
756,5092
604,5102
671,5140
927,5152
852,5162
663,5169
763,5179
75,5183
612,5190
443,5206
281,5214
434,5215
257,5221
666,5222
488,5234
754,5273
672,5301
278,5312
142,5314
514,5315
639,5322
624,5332
832,5343
427,5363
570,5403
793,5425
458,5449
588,5480
185,5483
380,5498
404,5507
473,5534
899,5542
915,5558
528,5580
10,5605
312,5635
157,5644
571,5657
690,5674
646,5688
249,5714
375,5720
359,5726
321,5743
464,5764
656,5799
163,5856
399,5879
649,5894
452,5911
235,5916
313,5931
433,5941
831,5992
889,6056
695,6059
410,6080
26,6109
254,6122
109,6240
610,6375
974,6393
864,6405
876,6413
575,6511
794,6555
161,6585
123,6627
687,6673
183,6720
462,6791
611,6831
539,6905
303,6911
879,7031
914,7084
668,7192
871,7194
259,7205
354,7225
474,7364
137,7383
192,7390
833,7397
57,7399
237,7433
103,7437
304,7511
795,7581
652,7585
877,7640
166,7707
809,7707
960,8330
87,8433
56,8463
388,8495
743,8595
654,8640
238,8656
131,8696
770,8726
635,8732
52,8803
803,8887
730,8932
966,9013
869,9026
174,9096
648,9098
31,9122
925,9132
886,9196
111,9292
982,9300
372,9325
653,9372
880,9447
574,9457
673,9461
731,9500
251,9594
616,9614
844,9650
790,9661
758,9723
978,9813
441,9853
822,10488
401,10630
357,10649
156,10686
721,10699
586,10768
985,10818
158,10940
918,11047
924,11103
692,11126
524,11272
631,11286
418,11445
892,11689
315,12082
126,14217

simblock.block.ProofOfWorkBlock@3b0ebc6:2
502,0
304,117
569,157
131,195
884,277
23,303
556,310
294,314
967,320
80,348
178,362
837,384
65,392
843,394
52,414
734,424
22,424
621,429
451,429
680,432
589,465
184,469
510,470
683,475
364,502
860,506
472,512
221,512
481,520
968,539
122,542
787,544
807,544
93,545
922,547
936,550
549,550
733,551
935,552
634,553
201,577
1,578
105,580
863,582
726,583
496,587
308,588
923,588
580,589
659,594
998,615
241,615
536,618
454,618
479,620
460,622
348,623
883,624
133,626
850,628
583,629
168,630
484,630
755,635
2,637
693,638
450,653
280,654
741,657
593,660
408,661
544,664
753,664
679,665
643,666
980,669
249,670
355,672
331,673
602,678
555,678
352,683
806,685
841,687
173,693
390,698
538,700
103,700
403,701
229,701
445,702
721,702
891,703
914,705
594,708
224,708
986,708
559,708
40,710
815,712
719,712
551,715
181,716
665,716
191,719
397,722
265,726
185,727
114,727
792,729
956,730
149,730
991,733
344,733
921,734
540,735
160,735
461,736
353,736
764,737
334,737
959,738
406,739
152,739
495,740
463,740
282,741
216,741
519,743
774,745
435,746
908,746
650,747
930,748
307,748
356,748
784,749
915,749
453,756
820,757
691,759
407,760
639,763
667,764
742,766
16,766
444,767
89,767
901,770
415,770
738,770
511,772
314,773
699,773
513,774
162,777
563,778
448,779
351,780
205,780
491,780
772,780
744,781
560,783
381,784
411,785
632,786
28,786
213,786
252,787
29,787
833,789
964,790
528,790
842,791
702,792
929,794
747,795
606,797
457,798
279,800
21,803
601,803
208,805
197,805
231,807
434,807
465,808
948,809
982,810
963,813
270,814
826,814
641,814
725,815
626,815
855,815
924,816
373,816
310,817
736,817
729,817
236,818
503,819
616,819
504,819
722,820
222,821
111,824
132,824
327,825
661,825
318,826
946,827
954,828
777,828
316,828
862,828
937,830
398,831
64,831
418,831
209,832
716,833
624,835
685,836
812,836
309,837
426,837
128,837
226,837
827,839
170,839
962,840
780,840
629,841
440,842
737,843
18,844
657,845
336,846
3,847
839,847
620,847
108,849
625,849
71,850
320,852
596,852
225,853
442,855
717,855
900,856
243,856
910,856
987,856
395,857
939,857
984,857
41,858
9,858
211,859
325,861
558,861
369,862
432,862
553,862
350,862
678,864
859,867
227,867
508,868
981,869
239,870
112,871
110,872
488,872
328,873
341,873
42,873
638,873
765,875
776,875
816,875
885,877
48,878
518,880
317,881
129,882
73,885
531,885
135,885
264,885
292,886
604,886
775,887
332,887
262,887
698,887
623,890
644,891
689,892
676,893
59,896
529,897
696,897
312,898
171,899
272,901
950,901
542,902
500,903
957,906
524,909
651,909
533,910
847,910
713,910
605,910
996,911
485,911
219,914
382,915
715,917
256,918
952,921
797,922
32,923
882,923
464,925
358,925
995,926
378,929
647,930
190,932
712,933
134,938
235,938
396,938
813,940
655,940
849,940
400,940
66,941
745,943
582,944
701,944
767,945
301,945
420,946
140,948
482,949
470,950
690,950
572,951
379,952
829,953
83,954
199,955
230,955
79,957
794,957
368,957
501,959
271,961
527,961
338,961
958,964
220,965
480,965
136,966
247,971
244,972
928,973
153,974
100,975
830,978
586,979
223,980
74,982
494,984
258,988
554,988
268,989
14,990
525,991
4,991
618,993
8,993
253,995
466,995
609,999
78,999
467,999
796,1004
858,1005
872,1005
534,1008
10,1014
865,1015
385,1015
102,1016
98,1016
682,1018
516,1020
506,1026
762,1026
274,1028
778,1030
694,1034
761,1034
120,1036
43,1039
831,1042
541,1047
961,1048
330,1049
478,1050
710,1051
825,1053
871,1053
275,1054
198,1054
711,1057
305,1057
195,1059
182,1060
902,1064
47,1064
409,1065
25,1065
585,1068
598,1072
824,1073
206,1074
870,1075
972,1079
743,1081
568,1083
911,1084
393,1085
993,1087
360,1089
196,1091
499,1093
881,1095
552,1098
853,1099
521,1100
177,1103
361,1105
487,1106
654,1108
51,1110
811,1110
260,1114
189,1118
92,1119
942,1121
63,1121
951,1124
234,1125
965,1128
285,1129
287,1130
439,1130
818,1130
836,1132
383,1134
546,1134
720,1135
146,1136
740,1137
139,1139
130,1140
570,1140
790,1142
662,1143
422,1146
438,1146
289,1148
704,1150
864,1150
969,1153
17,1159
431,1159
214,1160
298,1160
938,1163
204,1167
798,1169
688,1171
424,1171
925,1173
979,1178
653,1183
35,1184
945,1184
296,1190
497,1191
630,1197
12,1203
748,1205
13,1206
84,1206
992,1207
692,1208
7,1209
539,1210
384,1210
714,1211
394,1213
347,1214
362,1214
299,1216
566,1218
81,1218
770,1219
187,1220
852,1221
125,1224
906,1225
232,1225
267,1230
412,1230
940,1233
346,1236
31,1239
591,1241
245,1242
156,1244
147,1246
782,1248
817,1249
6,1251
37,1254
670,1254
150,1258
994,1260
469,1260
163,1262
476,1262
228,1269
975,1270
636,1271
416,1277
535,1277
192,1278
856,1280
600,1281
437,1282
671,1283
141,1285
907,1289
619,1292
941,1294
380,1298
359,1301
917,1303
785,1310
97,1314
124,1317
810,1324
493,1332
783,1338
718,1338
46,1340
326,1341
456,1341
337,1342
340,1344
840,1347
700,1348
933,1349
705,1355
523,1355
603,1359
592,1365
751,1368
515,1370
800,1373
53,1377
809,1380
808,1381
573,1382
374,1382
401,1385
69,1388
789,1392
137,1397
895,1401
814,1406
703,1406
138,1408
898,1415
990,1419
788,1419
832,1423
165,1425
293,1428
489,1433
599,1438
913,1442
607,1442
823,1444
203,1447
180,1456
404,1459
735,1460
888,1460
752,1460
652,1461
597,1469
642,1470
628,1471
371,1472
768,1473
399,1479
421,1481
115,1484
867,1486
731,1488
34,1489
571,1497
250,1497
927,1501
522,1502
976,1503
207,1504
846,1507
38,1512
955,1516
520,1521
723,1521
315,1523
323,1526
266,1526
428,1530
370,1536
414,1537
851,1538
931,1539
505,1547
663,1552
24,1552
321,1553
113,1554
483,1555
433,1562
392,1564
695,1570
799,1577
329,1584
91,1587
584,1595
878,1595
458,1599
446,1601
5,1602
564,1606
277,1615
545,1616
854,1621
82,1622
845,1624
897,1626
681,1627
579,1629
183,1631
106,1632
95,1634
375,1638
757,1638
324,1647
562,1649
880,1650
159,1655
15,1667
590,1676
194,1684
303,1694
548,1695
179,1698
237,1704
283,1704
473,1706
306,1710
172,1716
387,1717
595,1727
614,1731
537,1733
631,1733
526,1737
709,1757
145,1758
727,1758
944,1758
581,1767
121,1769
486,1771
613,1774
88,1779
427,1786
672,1786
290,1796
754,1798
844,1798
887,1799
477,1799
76,1804
148,1805
873,1807
896,1810
455,1823
889,1842
637,1861
297,1864
117,1869
868,1872
158,1887
27,1895
949,1897
164,1897
999,1902
660,1908
801,1909
530,1912
474,1921
861,1932
240,1934
311,1943
447,1952
188,1954
157,1959
349,1982
989,1988
419,1998
441,2001
760,2004
550,2016
45,2017
640,2018
804,2025
210,2030
319,2035
838,2049
261,2054
791,2066
20,2095
649,2107
697,2110
490,2127
72,2134
769,2135
771,2136
366,2162
389,2183
343,2195
686,2204
966,2226
116,2240
217,2243
402,2247
509,2260
61,2279
943,2285
85,2324
354,2332
587,2343
471,2367
167,2394
739,2403
19,2428
893,2435
664,2449
101,2451
56,2485
874,2487
57,2527
144,2534
286,2544
627,2545
577,2554
750,2558
612,2589
155,2595
70,2616
543,2644
193,2652
410,2654
953,2679
154,2730
126,2731
273,2751
36,2758
795,2765
333,2768
26,2800
302,2805
11,2827
365,2836
169,2840
68,2852
119,2885
436,2893
611,2944
339,2960
983,3030
430,3030
746,3044
561,3100
749,3101
978,3226
971,3262
295,3267
127,3267
821,3295
970,3311
175,3315
779,3427
802,3434
565,3468
425,3487
567,3503
728,3531
200,3666
123,3694
345,3827
977,3868
405,3919
574,3990
257,4008
86,4113
834,4126
916,4137
151,4227
507,4270
58,4339
386,4347
819,4383
143,4399
77,4403
238,4414
706,4442
822,4455
212,4460
291,4471
62,4500
452,4503
512,4508
615,4521
669,4525
773,4528
246,4531
429,4541
288,4547
912,4558
459,4560
417,4568
645,4573
756,4577
94,4580
259,4585
608,4599
278,4603
55,4605
635,4619
517,4644
104,4649
67,4649
684,4650
578,4658
391,4662
388,4667
576,4667
449,4668
99,4713
50,4749
96,4785
376,4800
276,4802
677,4838
233,4843
610,4849
107,4851
413,4874
254,4908
766,4930
284,4951
805,4955
869,4966
947,4972
142,5018
648,5034
674,5037
656,5046
903,5062
49,5080
475,5095
687,5109
248,5110
793,5136
532,5167
988,5186
1000,5196
186,5213
54,5228
176,5240
622,5255
934,5258
875,5265
666,5268
377,5269
763,5296
443,5318
835,5331
313,5341
492,5374
39,5397
668,5401
960,5426
707,5435
617,5440
33,5461
423,5478
363,5502
161,5504
803,5581
909,5655
281,5657
269,5671
255,5695
633,5718
920,5792
899,5877
892,5900
462,5921
109,6049
877,6073
242,6083
905,6083
974,6102
514,6108
300,6176
997,6178
708,6214
218,6235
675,6295
646,6307
575,6350
557,6388
322,6469
890,6471
866,6473
468,6560
857,6586
335,6612
87,6632
932,6723
658,6789
724,6837
174,6958
848,7073
498,7141
732,7572
263,8616
547,8648
367,8693
886,8822
828,9088
985,9359
75,9473
251,9487
588,9809
30,10043
918,10114
973,10198
202,10258
926,10318
758,10363
342,10387
44,10463
879,10516
786,10552
372,10689
90,10776
919,10846
357,10857
673,11017
730,11180
215,11218
166,11436
876,11646
60,11861
759,12023
781,12187
118,12348
904,13657
894,13845

simblock.block.ProofOfWorkBlock@580a65df:3
864,0
759,78
164,111
828,126
324,146
70,161
214,168
147,174
852,178
888,188
274,192
773,192
870,205
177,212
82,217
743,220
728,222
671,226
993,230
778,232
517,234
840,238
890,238
296,240
835,245
180,245
249,252
562,253
615,254
602,257
485,261
31,262
191,262
469,266
125,268
384,270
833,270
673,274
12,275
360,279
410,279
1000,281
30,282
281,284
217,288
491,290
552,291
791,292
407,292
740,293
783,296
436,296
757,297
982,298
503,299
223,300
689,301
631,304
172,305
460,306
300,306
537,307
313,308
932,309
591,309
882,309
434,310
971,310
984,312
928,314
461,314
797,315
85,316
655,317
438,317
102,319
350,320
99,321
316,322
13,324
118,324
154,325
394,325
561,327
871,328
204,328
769,330
116,331
280,331
915,332
456,332
179,332
672,332
973,332
851,333
312,335
692,336
158,336
489,337
813,337
706,338
992,338
326,338
545,341
731,341
605,342
754,342
423,343
938,344
817,345
488,346
146,346
206,346
632,346
637,347
639,347
5,348
940,348
56,348
320,349
165,350
620,350
664,350
959,351
917,351
41,352
585,352
203,355
24,356
309,357
976,357
507,357
483,357
560,358
129,361
458,361
767,361
665,361
271,363
464,363
832,363
866,363
958,363
717,363
63,363
948,364
239,364
945,364
79,365
916,365
213,365
363,365
725,365
151,366
836,366
200,366
748,367
17,368
275,369
618,370
498,370
730,370
83,370
262,371
368,371
543,372
590,372
714,372
15,373
124,373
705,373
972,373
663,374
77,375
88,375
531,376
257,376
240,376
821,377
579,377
853,377
106,378
359,378
74,379
868,379
328,379
737,380
914,381
710,381
622,381
343,381
904,382
528,382
522,382
693,382
947,383
19,383
71,383
501,384
420,385
775,385
333,385
924,385
109,385
751,386
881,387
218,388
739,388
345,389
713,389
476,391
336,391
268,391
831,391
466,391
997,392
389,392
376,393
961,393
595,393
414,394
186,394
467,394
565,395
599,395
115,395
307,396
139,396
700,396
951,397
521,398
453,398
374,398
641,398
604,398
148,399
68,399
695,399
448,400
182,400
508,401
236,401
205,401
640,401
975,401
587,402
149,402
210,402
277,402
985,402
16,403
222,403
718,403
42,404
183,404
790,405
246,406
323,406
520,406
412,407
839,407
682,409
782,409
163,409
944,409
292,409
25,411
130,412
338,413
711,414
81,415
380,416
39,416
597,416
907,417
475,417
247,417
48,417
879,418
150,418
385,418
190,419
784,419
93,420
827,420
963,420
747,421
911,422
153,424
497,424
305,425
667,426
582,426
391,426
872,426
526,428
8,430
893,430
230,430
942,430
957,431
856,432
920,432
668,432
422,433
195,434
854,434
861,434
424,435
21,435
256,437
535,437
548,438
457,438
865,439
242,440
685,441
89,441
542,441
849,442
818,443
378,443
800,443
969,445
393,445
886,445
298,446
760,446
134,447
628,448
439,448
766,449
295,450
814,450
885,450
499,451
127,451
875,451
994,451
465,455
10,456
260,456
830,457
487,459
290,462
570,463
644,465
267,466
337,466
897,467
263,468
234,470
524,471
573,475
979,476
55,481
798,483
937,483
209,484
418,485
468,489
698,490
603,494
546,500
53,501
962,501
857,502
61,507
581,511
556,512
372,514
145,515
902,516
185,516
687,518
578,519
609,520
558,526
758,530
92,531
358,535
198,537
858,542
952,553
473,556
419,564
111,566
645,568
194,574
251,577
999,578
624,581
929,582
513,589
746,591
569,593
811,601
490,601
258,611
946,613
553,614
104,615
855,618
781,624
538,625
761,634
429,636
638,636
727,639
471,643
227,643
625,644
173,646
617,648
221,659
980,662
137,664
304,667
494,668
73,669
901,673
357,676
427,680
348,681
723,688
991,689
66,690
400,693
586,697
170,698
406,700
566,706
504,706
189,706
327,708
850,711
593,712
105,712
270,715
279,716
806,716
14,717
555,721
575,721
623,723
114,723
838,725
409,726
342,729
841,729
366,733
450,733
3,739
224,740
930,740
987,740
896,743
9,743
40,744
726,745
38,746
577,750
765,750
481,752
454,753
529,755
801,758
332,760
52,760
253,763
496,764
559,765
133,767
72,768
516,769
925,769
181,769
108,772
741,776
112,779
430,782
574,782
311,782
650,785
967,787
502,788
371,790
196,795
155,795
826,797
78,797
719,798
564,800
883,806
862,816
349,817
936,820
259,821
11,825
580,829
440,833
136,834
621,839
847,843
232,847
694,847
396,850
598,853
478,857
90,859
287,860
812,861
787,862
132,872
306,873
606,873
219,877
532,878
594,880
676,881
630,883
334,887
226,887
610,890
361,899
771,899
282,899
626,900
288,901
651,915
822,920
370,927
525,928
539,929
294,933
135,943
776,944
794,959
211,976
299,979
308,988
703,993
162,1007
51,1009
616,1010
724,1015
903,1020
922,1020
939,1021
679,1022
530,1024
506,1028
762,1028
113,1034
421,1037
484,1038
472,1040
319,1046
314,1046
647,1047
369,1049
732,1054
898,1055
889,1058
492,1061
325,1065
913,1070
364,1073
735,1075
161,1076
255,1083
317,1084
584,1084
362,1089
174,1091
449,1092
877,1094
989,1097
519,1098
321,1099
686,1101
934,1116
2,1117
100,1117
97,1128
244,1129
119,1129
351,1134
285,1134
752,1141
802,1141
193,1144
540,1145
293,1150
978,1153
702,1155
660,1170
235,1172
120,1180
774,1186
303,1191
76,1191
199,1193
480,1211
612,1212
789,1219
432,1226
966,1233
479,1240
425,1240
156,1252
62,1254
656,1257
447,1258
435,1261
905,1261
60,1264
252,1280
117,1285
138,1288
37,1289
848,1296
894,1296
998,1298
26,1299
614,1303
804,1314
627,1317
144,1325
785,1332
670,1332
32,1340
792,1348
388,1349
744,1360
353,1381
91,1381
675,1383
65,1394
442,1401
197,1401
921,1413
254,1414
27,1419
392,1421
46,1422
318,1425
736,1430
691,1448
738,1467
403,1484
931,1488
157,1512
346,1518
799,1522
829,1525
493,1540
619,1551
690,1565
452,1566
722,1592
823,1605
908,1609
986,1612
990,1621
248,1622
390,1630
943,1658
175,1667
891,1668
613,1680
482,1688
335,1724
445,1726
654,1732
269,1733
184,1736
192,1743
330,1743
607,1753
128,1776
867,1789
340,1794
486,1798
402,1799
895,1809
968,1825
272,1848
273,1857
707,1858
779,1858
674,1865
977,1872
167,1896
643,1908
176,1908
933,1909
58,1915
399,1926
745,1938
7,1938
187,1946
266,1950
696,1957
237,1964
140,1976
683,2002
495,2040
228,2065
201,2077
753,2087
859,2118
772,2126
567,2128
207,2129
554,2150
652,2153
22,2177
231,2201
121,2204
527,2204
446,2240
809,2241
749,2246
721,2246
550,2253
383,2253
23,2265
824,2271
265,2310
250,2334
820,2338
712,2361
551,2366
646,2393
873,2393
141,2403
6,2490
215,2500
592,2527
101,2544
331,2572
910,2580
557,2587
825,2600
878,2635
842,2647
344,2716
168,2728
411,2740
788,2746
98,2778
433,2835
803,2898
843,2911
225,3016
382,3044
417,3110
919,3146
341,3183
918,3197
322,3203
780,3240
95,3254
876,3290
954,3296
768,3431
887,3447
720,3457
810,3502
750,3560
716,3615
844,3673
909,3697
636,3706
220,3751
96,3803
387,3817
941,3831
470,3847
69,3848
87,3861
996,3862
970,3863
67,3873
29,3877
329,3913
245,3916
704,3931
834,3939
884,3947
202,3956
143,3973
284,3973
233,3975
45,3978
515,3988
669,4027
819,4042
708,4043
770,4045
54,4046
912,4046
459,4056
352,4056
576,4056
278,4061
443,4063
960,4063
297,4063
869,4066
18,4067
229,4070
75,4072
981,4073
534,4078
49,4083
950,4084
793,4094
756,4096
608,4102
283,4102
505,4104
846,4108
681,4108
900,4109
208,4110
965,4116
659,4124
416,4126
379,4130
653,4137
80,4140
159,4144
398,4146
301,4154
34,4165
59,4201
264,4208
518,4209
289,4224
381,4224
701,4235
684,4246
734,4254
964,4254
697,4259
596,4266
35,4273
500,4273
47,4281
110,4290
533,4307
431,4326
755,4331
511,4336
906,4338
408,4351
642,4357
815,4365
536,4385
397,4389
764,4401
367,4411
413,4427
107,4459
572,4463
995,4481
291,4511
953,4539
477,4584
356,4598
510,4602
444,4608
547,4616
658,4620
634,4628
310,4664
974,4665
677,4680
649,4710
276,4726
796,4741
729,4747
860,4769
84,4783
666,4792
57,4851
188,4866
601,4886
541,4896
216,4905
633,4921
588,4935
662,4943
44,4945
354,4948
688,4954
927,4982
241,4990
160,5049
169,5052
365,5053
514,5099
923,5101
635,5111
863,5121
455,5143
28,5178
122,5200
395,5209
86,5218
837,5219
404,5223
568,5255
777,5314
899,5321
763,5336
509,5380
286,5387
437,5404
816,5411
50,5421
808,5467
678,5489
949,5504
956,5506
742,5570
43,5584
302,5594
1,5648
36,5670
474,5700
983,5703
462,5749
375,5749
549,5759
657,5831
405,5849
315,5857
428,5865
373,5912
845,5914
178,6057
4,6059
709,6128
103,6137
600,6163
386,6213
544,6304
142,6367
347,6487
441,6519
512,6590
131,6614
892,6643
171,6649
126,6800
795,7080
415,7134
935,7239
94,7264
880,7366
661,7397
339,7505
463,7629
377,7654
571,7746
648,7781
805,7858
589,7903
733,7993
261,8022
629,8069
874,8120
523,8263
563,8264
238,8309
64,8448
786,8553
20,8809
123,9149
955,9341
401,9409
33,9462
807,9625
611,10083
988,11351
715,11368
355,11497
680,11625
212,11886
699,12271
426,12399
166,12643
926,12944
243,12988
152,13146
583,13603
451,13762


0
3120

BUILD SUCCESSFUL in 13s
2 actionable tasks: 2 executed
