> Task :simulator:compileJava
> Task :simulator:processResources NO-SOURCE
> Task :simulator:classes

> Task :simulator:run
simblock.block.ProofOfWorkBlock@4769b07b:0
18,0
23,90
7,149
22,181
50,207
43,237
13,256
15,274
46,275
34,296
10,299
37,320
4,331
17,332
29,341
8,355
19,404
25,412
41,462
21,520
44,589
38,616
12,659
28,659
49,692
16,716
31,730
3,764
45,776
27,787
30,833
24,867
14,889
20,956
11,1037
2,1049
33,1074
39,1198
35,1211
47,1244
9,1385
26,1527
36,1565
32,1749
42,1819
48,2030
5,2120
6,2328
40,2411
1,2629

simblock.block.ProofOfWorkBlock@58fdd99:1
38,0
28,165
9,248
24,325
31,336
11,412
49,485
20,493
44,503
15,509
33,568
47,570
46,604
32,651
35,652
36,653
16,663
17,670
41,684
14,696
27,738
3,739
21,781
50,845
23,847
25,859
43,871
19,917
29,946
37,1011
12,1021
45,1033
22,1047
6,1085
30,1097
7,1119
4,1218
13,1226
40,1273
34,1392
10,1404
5,1527
18,1570
48,1646
8,1746
39,1885
1,1946
2,2133
26,2395
42,2655

simblock.block.ProofOfWorkBlock@298a5e20:2
40,0
5,344
11,668
26,677
2,822
36,827
44,910
27,929
6,938
47,995
31,1071
28,1078
1,1079
3,1089
8,1226
42,1229
17,1272
24,1274
13,1280
38,1350
35,1350
19,1356
41,1446
4,1525
49,1608
32,1616
18,1619
25,1625
9,1646
45,1800
46,1824
33,1876
16,1907
15,1975
23,2124
20,2136
50,2158
21,2211
39,2397
29,2427
34,2512
10,2700
14,2724
7,2812
12,2997
43,3024
37,3295
48,3413
30,3599
22,3907

simblock.block.ProofOfWorkBlock@61a88b8c:3
26,0
6,252
2,400
5,548
1,651
42,798
49,816
32,820
40,882
33,1076
20,1077
44,1083
27,1211
35,1222
31,1247
8,1259
15,1262
3,1338
28,1354
18,1423
19,1442
24,1475
11,1490
36,1619
25,1641
9,1722
50,1771
39,1887
43,2072
29,2119
47,2146
38,2408
13,2478
16,2710
45,2825
30,3016
46,3172

simblock.block.ProofOfWorkBlock@61884cb1:4
33,0
24,167
27,253
28,334
11,342
3,417
35,424
38,504
49,506
47,507
20,588
32,590
44,595
18,607
9,665
36,685
8,686
31,750
50,775
19,780
15,780
16,854
14,860
10,862
4,882
13,940
30,954
21,961
39,1014
7,1028
12,1042
41,1131
34,1135
48,1185
25,1202
43,1215
26,1266
46,1311
1,1341
29,1376
22,1391
23,1494
17,1564
42,1590
2,1630
45,1669
37,1741
6,1873
40,1991
5,2125

simblock.block.ProofOfWorkBlock@4e6d7365:5
45,0
7,91
43,152
22,186
13,208
14,243
50,252
30,265
15,274
12,302
17,304
29,322
19,342
4,344
41,358
37,366
10,371
23,381
34,398
18,435
21,493
46,503
16,549
25,562
38,589
8,625
28,697
32,722
27,768
35,793
20,800
5,961
31,963
48,965
44,971
2,1005
40,1052
24,1148
26,1291
39,1310
47,1318
36,1487
3,1657
11,1831
9,2001
33,2171
49,2371
42,2654
1,2951
6,3269

simblock.block.ProofOfWorkBlock@3b36e000:6
13,0
16,91
8,148
10,182
4,206
23,242
41,262
19,267
50,278
15,299
30,313
7,320
46,324
18,338
22,363
37,376
29,376
14,383
34,428
21,440
12,446
43,485
25,498
45,506
17,557
44,615
31,651
3,656
33,674
38,679
24,710
28,724
35,731
11,785
32,854
9,905
26,939
47,1024
5,1070
49,1084
20,1206
27,1253
42,1352
36,1380
40,1540
1,1651
48,1662
2,1944
6,2245
39,2585

simblock.block.ProofOfWorkBlock@3d5790ea:7
37,0
41,106
43,164
13,197
4,221
45,262
18,267
12,279
17,316
25,318
21,331
19,338
14,372
22,372
50,374
15,395
34,396
29,431
8,451
7,459
16,489
23,507
30,566
46,623
35,634
38,676
10,686
49,694
28,754
3,811
20,857
33,864
40,980
47,983
42,1006
24,1027
36,1157
44,1197
1,1278
27,1329
32,1370
11,1544
5,1615
9,1722
48,1765
31,1895
26,1904
2,2059
6,2203
39,2548

simblock.block.ProofOfWorkBlock@36aa52d2:8
5,0
40,330
2,480
26,629
1,735
42,881
6,886
20,887
27,1002
11,1145
38,1167
46,1302
9,1310
31,1331
44,1332
19,1341
39,1412
15,1440
17,1469
24,1557
36,1598
8,1604
35,1672
50,1756
7,1775
47,1859
29,1902
45,1905
33,1933
25,2076
28,2120
32,2202
43,2206
18,2264
13,2376
49,2380
3,2464
16,2681
23,2762
41,2979
37,3064
34,3279
21,3577
4,3666

simblock.block.ProofOfWorkBlock@31a2a9fa:9
35,0
49,164
20,266
24,340
44,361
27,424
28,424
33,443
3,506
32,510
31,536
38,592
11,626
18,634
14,680
13,718
9,756
30,777
36,790
7,802
19,808
50,866
47,873
43,886
41,914
16,940
6,974
29,980
25,992
15,1046
17,1088
40,1133
34,1165
12,1223
48,1326
37,1339
45,1400
23,1513
42,1573
22,1582
8,1688
21,1765
2,1822
46,1871
39,2008
10,2044
4,2222
26,2260
1,2424
5,2678

simblock.block.ProofOfWorkBlock@2bb62414:10
28,0
38,161
11,249
20,336
31,349
44,412
24,421
9,449
47,496
49,503
33,585
32,586
50,596
22,626
36,667
27,671
35,671
16,729
3,756
17,769
34,786
43,799
4,859
30,871
29,874
25,883
46,933
37,944
21,966
15,973
39,1011
19,1036
7,1048
8,1057
1,1072
45,1106
6,1148
13,1155
26,1259
41,1303
10,1330
18,1483
14,1504
42,1512
12,1663
48,1743
23,1838
2,1992
5,2085
40,2332

simblock.block.ProofOfWorkBlock@5520f675:11
3,0
11,163
49,244
47,321
24,325
33,406
20,406
27,406
44,488
35,488
32,494
50,580
36,585
31,664
28,668
22,693
17,755
43,762
34,781
38,831
46,848
19,868
41,928
13,946
23,1022
42,1028
14,1048
21,1114
4,1125
9,1144
12,1197
8,1236
37,1292
1,1326
18,1373
29,1469
39,1478
6,1527
15,1551
30,1651
26,1734
48,1763
40,1798
7,1832
10,2006
16,2179
45,2361
25,2557
5,2810
2,3059

simblock.block.ProofOfWorkBlock@38bc5ac0:12
16,0
34,93
7,165
25,183
29,221
12,241
14,261
8,276
43,280
46,299
22,336
45,337
18,343
41,346
19,357
15,394
37,416
30,435
10,460
50,473
13,518
17,531
23,576
4,590
32,621
21,657
11,687
38,699
20,744
36,746
44,795
31,851
27,857
3,920
28,926
42,961
47,971
40,1012
33,1024
49,1032
24,1198
48,1204
2,1259
39,1303
5,1318
9,1376
26,1487
35,1546
6,1849
1,2149

simblock.block.ProofOfWorkBlock@4aab7195:13
37,0
43,92
4,149
25,189
12,211
13,240
23,245
41,274
46,280
30,297
29,304
15,337
19,338
18,338
17,358
50,360
10,394
34,399
22,416
45,420
14,452
7,457
21,474
16,485
8,544
3,628
49,640
20,647
32,683
33,684
38,720
24,725
28,804
27,805
9,818
11,829
44,895
2,964
47,976
31,987
40,1010
48,1117
36,1157
42,1270
1,1318
35,1326
5,1609
26,1913
6,2215
39,2555

simblock.block.ProofOfWorkBlock@1ba35152:13
14,0
19,88
7,146
29,180
8,202
37,237
45,242
25,261
46,294
34,297
22,302
43,310
12,317
30,337
41,352
18,358
21,362
23,374
4,389
13,427
10,431
15,488
17,494
44,531
50,545
16,551
9,652
11,694
27,715
31,718
3,721
28,889
36,893
20,908
1,1061
33,1077
49,1092
39,1145
24,1255
32,1272
35,1426
38,1452
47,1610
40,1772
42,1895
2,2057
26,2339
5,2626
48,2907
6,3206

simblock.block.ProofOfWorkBlock@7a3a49e5:14
25,0
7,95
43,151
14,209
37,227
29,245
22,266
16,285
50,317
13,339
18,350
21,400
17,406
34,458
30,505
46,516
32,577
12,584
38,588
8,641
20,700
10,712
11,750
44,753
27,769
23,769
24,786
45,827
33,841
15,884
28,921
47,927
31,1015
35,1056
40,1058
26,1210
41,1211
9,1226
4,1291
3,1407
42,1689
19,1920
2,1974
36,2094
49,2266
1,2279
48,2548
39,2618
5,2833
6,3132

simblock.block.ProofOfWorkBlock@472719df:13
26,0
6,255
2,405
5,552
44,811
32,819
33,1065
47,1072
28,1334
46,1418
39,1592
29,1772
38,1855
36,2114
13,2121
49,2375
50,2472
17,2687
4,2820
16,2989
18,3177
34,3288
12,3544
10,3587
45,3901
7,3906
41,4204
14,4510
37,4814
21,5113
30,5413
22,5711
23,6011
48,6399

simblock.block.ProofOfWorkBlock@7d551ec6:15
5,0
2,338
26,490
1,615
40,635
6,753
42,766
39,894
38,1024
33,1161
28,1162
31,1183
24,1190
25,1344
3,1422
36,1429
8,1440
9,1440
15,1465
19,1560
50,1630
46,1649
27,1691
47,1693
20,1695
13,1949
35,1955
44,1957
45,2039
32,2215
49,2218
17,2246
43,2390
11,2476
41,2517
29,2544
18,2737
30,2775
16,2815
7,2843
10,3106
34,3116
4,3416
21,3416
14,3719
12,4020
37,4318
23,4620
22,4927
48,5317

simblock.block.ProofOfWorkBlock@3835b281:15
36,0
47,166
11,247
33,411
17,435
3,495
34,533
28,577
21,590
23,599
14,612
8,659
44,664
25,673
19,772
45,788
46,838
27,866
7,957
31,962
4,968
49,1027
15,1030
38,1042
20,1047
29,1104
10,1130
37,1143
24,1150
32,1229
5,1282
50,1303
22,1320
35,1322
42,1364
43,1484
9,1499
13,1503
2,1517
40,1541
30,1681
1,1686
39,1706
18,1858
12,2044
16,2224
41,2401
6,2616
48,2868
26,3123

simblock.block.ProofOfWorkBlock@7682bf66:16
41,0
37,90
21,147
4,180
10,203
25,238
34,247
12,264
14,294
50,297
19,309
15,327
45,345
29,350
17,361
43,372
18,395
16,407
22,420
7,437
30,455
8,513
23,571
49,596
35,609
13,629
38,639
46,687
28,734
33,767
47,796
31,857
48,958
40,959
27,966
3,1028
42,1051
11,1199
2,1243
5,1251
32,1368
1,1543
20,1544
6,1556
9,1716
44,1887
39,1895
24,2056
36,2226
26,2509

simblock.block.ProofOfWorkBlock@5e5d40ec:17
11,0
3,160
44,241
47,323
20,323
49,406
35,409
36,421
32,484
24,488
31,495
28,504
27,583
33,589
38,663
7,669
19,681
43,758
22,759
12,768
9,836
25,843
14,850
8,851
26,930
13,934
50,942
48,997
21,1016
34,1030
39,1111
4,1115
10,1120
37,1192
42,1244
46,1294
6,1316
16,1373
15,1469
1,1516
29,1547
23,1644
30,1724
17,1826
2,1974
18,2010
41,2185
45,2379
40,2630
5,2902

simblock.block.ProofOfWorkBlock@7b4c793b:18
26,0
6,276
5,424
2,569
40,753
1,819
28,830
32,850
42,970
24,990
38,1091
3,1095
33,1098
31,1261
15,1292
44,1354
11,1356
25,1361
27,1384
4,1454
19,1484
43,1566
20,1615
39,1620
9,1637
46,1805
35,1876
8,1882
49,1882
36,2141
13,2154
47,2401
12,2509
37,2704
50,2863
7,3001
30,3298
16,3613
10,3923
41,4522
21,4830

simblock.block.ProofOfWorkBlock@782e0844:19
40,0
5,332
26,1096
11,1229
2,1247
28,1402
44,1483
27,1492
1,1503
3,1506
47,1564
24,1569
31,1649
42,1651
36,1658
35,1766
4,1795
18,1841
19,1935
15,2016
33,2026
13,2035
9,2070
46,2093
50,2191
39,2285
25,2342
45,2365
29,2391
20,2547
23,2691
32,2805
14,2990
22,3109
43,3288
30,3408
8,3591
10,3706
48,3987
37,4004
12,4302
6,5642
49,5901
38,6165
34,6462
21,6762
17,7064
7,7362
41,7660
16,7973

simblock.block.ProofOfWorkBlock@5c8e7687:19
12,0
4,91
14,150
13,209
37,266
21,325
25,382
7,420
41,438
30,487
23,503
16,512
10,528
34,559
45,568
18,578
15,589
8,616
29,624
50,639
19,662
17,673
43,688
22,699
46,763
27,843
20,871
31,940
35,1007
11,1015
24,1046
33,1109
28,1120
2,1190
36,1193
9,1216
32,1278
47,1364
44,1447
49,1536
3,1623
48,1820
26,1913
42,2102
5,2384
1,2688
6,2992
39,3332

simblock.block.ProofOfWorkBlock@7137cd14:20
21,0
12,99
7,156
13,189
4,213
37,247
16,254
34,272
14,308
45,311
30,336
19,341
10,346
29,348
25,392
15,403
43,437
18,453
23,512
36,537
46,570
50,628
20,633
9,646
8,703
24,704
47,706
17,760
38,804
28,807
22,818
35,822
11,882
2,937
41,974
40,1106
44,1148
48,1163
49,1322
5,1445
33,1499
27,1679
6,1746
32,1856
3,2027
1,2049
31,2197
26,2480
42,2801
39,3143

simblock.block.ProofOfWorkBlock@76cad511:21
18,0
50,96
41,157
43,190
19,215
15,259
23,272
34,282
25,284
12,319
7,331
16,341
14,343
22,369
4,375
37,381
46,392
10,399
29,399
30,438
21,449
45,465
13,504
17,507
44,577
38,645
8,657
33,667
35,677
28,751
20,827
27,828
36,859
3,924
42,992
31,996
24,1041
5,1050
2,1061
47,1098
40,1112
32,1212
26,1279
49,1381
39,1401
9,1563
11,1748
48,2042
6,2341
1,2641

simblock.block.ProofOfWorkBlock@43a9988a:22
2,0
1,259
26,405
42,574
6,659
5,720
39,770
3,982
24,1019
40,1058
44,1072
33,1231
31,1236
38,1243
47,1269
36,1332
4,1360
11,1402
15,1473
27,1518
20,1520
50,1579
49,1594
19,1659
8,1761
35,1766
14,1822
28,1863
9,2020
13,2120
37,2161
32,2270
46,2425
30,2464
45,2620
25,2724
23,2763
43,2967
22,3021
41,3060
12,3316
10,3320
21,3371
17,3617
18,3665
16,3671
29,3916
34,4013
7,4214
48,4410

simblock.block.ProofOfWorkBlock@2f271ae2:23
34,0
17,92
46,149
8,180
37,206
22,236
45,240
25,265
29,273
10,292
12,334
43,335
41,342
7,349
13,392
50,392
15,403
18,408
14,449
16,450
30,465
19,535
21,591
49,634
3,635
23,656
38,676
4,718
44,811
33,889
40,919
48,950
5,985
32,1002
42,1010
24,1061
11,1173
31,1236
39,1297
36,1346
35,1408
47,1517
9,1579
27,1695
26,1861
28,1866
20,2059
6,2162
2,2342
1,2463

simblock.block.ProofOfWorkBlock@7a6ade2c:24
48,0
47,736
11,895
3,1056
36,1100
33,1137
17,1168
24,1220
44,1223
21,1300
49,1301
35,1302
28,1311
37,1346
34,1356
32,1383
31,1388
38,1454
27,1465
15,1484
29,1508
45,1521
9,1612
41,1664
25,1685
50,1697
20,1811
46,1849
43,1877
42,1886
39,1949
2,1950
30,2051
10,2211
4,2228
7,2403
23,2578
16,2607
22,2763
6,2965
14,3005
12,3403
18,3817
13,4213
19,4613
8,5010
1,5483
26,5981
5,6488
40,6991

simblock.block.ProofOfWorkBlock@23cf78f9:25
11,0
47,160
44,242
33,330
20,406
3,413
24,487
35,491
36,498
31,573
32,577
28,581
22,591
27,658
38,737
49,746
29,747
23,761
4,772
25,852
21,924
34,924
8,933
46,937
19,946
14,957
16,1032
9,1037
42,1070
17,1114
37,1120
39,1232
50,1290
13,1297
2,1332
15,1464
30,1476
12,1637
7,1652
18,1811
43,1826
45,1994
1,2027
10,2177
6,2229
41,2352
48,2469
5,2603
26,2722
40,2850

simblock.block.ProofOfWorkBlock@28dae87e:25
21,0
46,88
17,145
15,185
50,202
10,247
45,247
30,259
16,285
19,292
23,315
13,343
29,344
14,346
43,349
12,372
37,385
4,428
22,494
20,525
7,553
28,578
24,620
8,620
18,676
9,681
35,694
41,735
36,749
25,791
38,792
34,853
11,866
47,919
48,1004
31,1027
40,1153
3,1199
1,1225
5,1287
49,1368
2,1442
33,1544
44,1746
6,1757
32,1917
27,2090
26,2376
42,2668
39,3013

simblock.block.ProofOfWorkBlock@60a54ad2:26
39,0
1,496
2,778
38,804
31,960
27,1061
49,1079
42,1118
44,1124
33,1221
14,1245
11,1301
32,1308
23,1352
28,1356
41,1395
15,1424
16,1442
20,1462
36,1466
50,1535
47,1558
19,1573
30,1573
22,1603
26,1642
3,1721
40,1727
6,1739
4,1749
35,1812
5,1926
46,2019
9,2060
37,2307
24,2310
29,2316
7,2617
45,2659
8,2691
43,3013
13,3084
34,3365
25,3464
10,3725
12,3847
17,4075
21,4231
48,4823

simblock.block.ProofOfWorkBlock@6ac49084:27
31,0
38,161
44,259
9,321
28,403
11,418
34,442
35,505
12,534
24,573
33,585
20,590
37,591
43,598
4,616
3,669
49,670
46,677
32,730
23,740
27,746
7,764
18,767
47,773
22,773
41,795
16,797
36,854
17,938
8,942
10,954
21,971
5,1104
50,1113
25,1120
14,1129
19,1147
6,1260
1,1335
40,1356
48,1732
39,1978
42,2226
26,2478

simblock.block.ProofOfWorkBlock@44b860b1:28
12,0
41,88
34,145
15,191
23,201
46,249
13,259
22,282
43,300
10,305
14,319
29,349
45,356
30,361
21,397
19,400
7,410
18,419
50,457
37,458
25,515
16,515
17,572
24,590
38,623
8,629
33,688
4,689
9,770
49,862
35,864
28,894
3,945
40,988
2,1029
47,1035
32,1123
27,1204
20,1294
11,1375
44,1473
36,1552
31,1664
48,1840
26,1948
5,2124
42,2412
1,2720
6,3018
39,3360

simblock.block.ProofOfWorkBlock@6b8f0b64:29
22,0
4,100
25,173
34,199
21,240
30,257
14,265
15,299
12,314
19,315
10,322
18,343
17,356
37,373
41,374
50,375
46,383
23,416
29,417
13,429
45,442
16,474
43,503
7,531
8,563
31,604
33,631
44,683
49,708
3,733
11,734
35,779
24,800
28,807
32,860
38,877
48,1027
1,1032
9,1049
40,1066
47,1224
39,1376
20,1399
36,1569
27,1745
2,2044
26,2329
5,2613
42,2897
6,3195

simblock.block.ProofOfWorkBlock@73ccc475:30
50,0
34,92
10,149
37,184
19,206
8,239
23,241
43,264
7,280
41,298
12,302
17,321
45,334
30,335
29,356
16,359
14,379
22,392
13,395
15,413
4,415
25,477
46,490
21,546
38,589
18,604
36,625
20,643
31,646
49,774
27,801
35,818
32,819
48,905
3,945
9,996
40,1020
11,1120
39,1142
24,1174
42,1189
44,1297
33,1345
47,1466
2,1477
26,1629
28,1639
5,1760
6,1937
1,1938

simblock.block.ProofOfWorkBlock@5c9cbc69:31
35,0
20,163
49,245
28,326
33,331
3,407
24,408
44,418
38,484
27,491
32,491
11,577
31,582
46,601
9,664
45,673
14,680
36,763
37,786
47,844
16,845
13,849
6,856
50,859
30,865
43,924
8,970
7,1018
41,1026
15,1043
4,1146
40,1150
29,1193
22,1202
21,1217
23,1320
17,1376
12,1399
19,1494
48,1614
39,1638
25,1670
34,1849
2,1865
26,1888
18,2025
42,2115
10,2212
1,2418
5,2667

simblock.block.ProofOfWorkBlock@6d9f78a6:31
34,0
23,92
37,154
30,187
12,211
22,243
16,268
43,299
13,304
4,328
15,341
8,358
19,392
7,397
14,414
17,448
41,470
46,505
29,510
45,530
10,537
50,561
18,588
25,620
27,656
38,680
21,694
47,757
44,828
49,830
20,853
35,880
28,895
11,927
36,1009
32,1021
9,1050
3,1065
2,1141
42,1211
24,1230
48,1289
33,1408
40,1502
31,1587
39,1630
5,1787
26,1875
1,2173
6,2470

simblock.block.ProofOfWorkBlock@49f1ac93:32
29,0
43,93
16,149
25,184
8,205
50,243
34,245
45,281
41,294
37,299
12,306
22,315
18,335
19,345
17,358
23,358
14,364
30,380
15,385
10,403
46,421
7,444
13,461
21,485
38,537
36,615
3,633
49,648
9,655
28,675
47,711
20,715
44,802
35,829
11,846
27,883
48,909
32,972
4,1061
5,1072
42,1118
1,1192
26,1202
33,1233
2,1264
31,1409
39,1459
6,1564
24,1580
40,1850

simblock.block.ProofOfWorkBlock@72842269:33
50,0
34,100
18,181
23,194
10,238
25,256
41,273
8,287
21,294
4,316
7,330
15,332
22,345
13,350
16,377
29,389
43,408
45,411
37,435
14,466
30,468
12,493
46,525
19,583
32,623
17,648
9,665
38,669
20,711
27,728
36,792
28,818
35,837
42,972
47,995
31,1006
2,1009
48,1096
24,1176
3,1181
39,1206
5,1259
33,1345
49,1351
44,1544
40,1545
26,1628
11,1715
1,1928
6,2013

simblock.block.ProofOfWorkBlock@1236926e:34
31,0
44,159
38,257
11,318
35,399
9,416
19,436
3,480
20,486
28,499
8,530
36,562
49,568
37,586
34,613
24,640
47,644
32,652
50,659
13,689
27,728
33,735
4,794
29,842
25,842
15,863
46,919
16,921
21,972
30,1019
14,1044
1,1050
6,1096
18,1102
41,1147
45,1200
43,1225
23,1278
7,1373
22,1402
12,1465
17,1549
39,1643
40,1717
10,1735
48,1880
5,1968
26,1983
2,2127
42,2376

simblock.block.ProofOfWorkBlock@2f59f157:35
47,0
11,166
36,248
3,328
4,434
28,469
49,492
34,548
33,568
20,575
19,609
21,610
38,641
44,650
24,662
35,666
16,691
8,712
27,748
32,749
17,786
18,824
25,835
14,865
31,867
50,960
41,998
29,1008
9,1041
39,1108
12,1145
46,1184
2,1264
45,1320
42,1356
15,1361
37,1501
5,1610
13,1675
7,1855
40,1861
30,2030
10,2206
43,2397
23,2571
22,2745
6,2947
1,3152
48,3388
26,3636

simblock.block.ProofOfWorkBlock@227a79e5:36
39,0
1,490
38,764
2,773
31,950
28,1039
27,1058
42,1111
44,1113
14,1198
11,1199
33,1223
23,1298
49,1313
35,1317
36,1369
15,1371
41,1388
16,1396
20,1442
50,1485
22,1546
30,1561
4,1561
32,1564
26,1596
3,1704
40,1716
19,1737
6,1762
24,1810
5,1880
29,2015
47,2056
13,2273
9,2305
46,2327
7,2624
12,2652
34,2654
18,3003
21,3033
17,3352
37,3422
10,3702
8,3803
43,4054
25,4192
45,4408
48,4804

simblock.block.ProofOfWorkBlock@20e1361d:37
37,0
4,93
34,151
13,184
7,220
23,239
17,241
45,273
41,278
25,298
18,315
22,331
12,337
29,340
10,345
50,356
15,368
14,373
21,388
8,398
19,399
16,413
30,445
43,464
46,477
31,616
32,628
47,634
24,651
44,664
11,676
49,720
9,791
38,802
35,804
33,828
28,846
20,963
36,975
48,1085
1,1126
27,1146
40,1247
3,1316
2,1370
42,1530
5,1608
26,1892
6,2190
39,2530

simblock.block.ProofOfWorkBlock@2c73dfd0:38
50,0
17,90
19,153
8,183
14,211
29,259
41,274
21,275
12,279
15,303
37,321
34,334
13,336
30,336
16,354
43,392
23,392
4,393
18,448
45,448
22,452
25,510
10,516
7,518
46,573
35,587
38,646
9,679
27,692
44,744
24,762
36,870
47,913
33,932
40,968
5,993
32,1046
3,1089
31,1102
20,1218
49,1260
39,1310
48,1383
28,1439
26,1505
11,1618
42,1689
2,1788
6,1919
1,2092

simblock.block.ProofOfWorkBlock@25be269d:39
32,0
24,158
33,244
28,320
20,327
49,403
27,405
38,484
3,486
35,487
44,491
17,500
11,580
12,592
31,649
8,649
45,663
29,679
10,707
9,735
25,744
47,748
50,754
22,765
23,768
36,831
34,845
43,848
15,852
16,927
4,944
46,944
39,996
37,1027
41,1028
18,1205
48,1223
26,1257
40,1278
21,1380
2,1473
13,1557
7,1731
19,1909
14,2085
30,2264
6,2466
1,2667
42,2915
5,3163

simblock.block.ProofOfWorkBlock@4b52e9cc:40
11,0
33,155
28,242
35,320
47,323
24,409
44,409
38,411
36,492
20,493
27,501
9,578
3,582
32,597
31,685
49,715
12,755
30,759
8,762
14,861
29,862
19,889
39,890
15,932
37,936
7,943
16,950
34,1063
50,1106
25,1111
2,1116
22,1121
26,1138
21,1239
41,1280
4,1288
13,1303
42,1398
6,1449
17,1463
43,1481
1,1492
18,1637
48,1719
46,1813
45,1992
23,2167
10,2343
5,2597
40,2847

simblock.block.ProofOfWorkBlock@34bdf0da:41
13,0
12,91
7,148
21,182
29,209
18,241
23,241
41,267
46,275
14,300
22,301
43,301
45,325
30,332
34,362
15,363
10,368
50,389
4,397
37,418
19,424
25,457
17,481
16,516
8,573
44,588
33,625
27,654
35,677
9,678
32,745
3,759
31,796
28,827
11,830
24,848
38,921
40,978
49,1000
26,1047
20,1097
36,1272
42,1290
47,1455
5,1573
48,1737
1,1871
2,2023
6,2321
39,2663

simblock.block.ProofOfWorkBlock@6ec7cbbb:42
47,0
36,167
11,248
3,406
17,437
33,488
21,529
28,570
24,580
34,590
41,611
45,612
27,651
44,656
49,662
8,670
32,735
38,737
20,745
14,788
50,790
15,835
35,835
29,919
16,963
31,965
10,968
46,1010
9,1021
25,1092
18,1138
4,1141
39,1213
40,1257
42,1308
43,1317
2,1346
7,1491
5,1508
22,1665
12,1838
23,2012
37,2199
19,2377
30,2569
13,2744
1,2956
6,3158
48,3396
26,3645

simblock.block.ProofOfWorkBlock@370babf4:43
14,0
15,93
50,151
46,187
7,208
18,242
22,244
23,276
45,295
21,299
37,301
41,302
4,345
10,356
30,360
13,360
43,361
29,406
25,417
16,418
34,428
12,474
17,484
8,537
24,589
19,593
20,629
28,655
9,676
31,739
11,760
36,763
33,799
44,838
49,943
35,972
3,1009
42,1025
1,1076
27,1115
47,1183
39,1242
32,1289
38,1464
48,1745
26,2027
40,2310
5,2597
2,2879
6,3177

simblock.block.ProofOfWorkBlock@45b0f44b:44
42,0
2,335
1,587
20,665
5,734
49,823
26,880
35,917
38,923
33,984
44,1001
40,1070
39,1093
31,1095
3,1140
6,1153
41,1177
28,1196
8,1263
27,1341
11,1417
50,1439
48,1440
29,1444
24,1463
36,1562
9,1592
15,1617
30,1714
32,1732
14,1742
47,1841
16,1859
37,2016
23,2036
17,2052
18,2201
12,2337
7,2355
34,2553
4,2641
46,2659
43,2900
10,2944
13,2957
45,3242
25,3546
22,3846
19,4150
21,4457

simblock.block.ProofOfWorkBlock@3367faf9:44
47,0
11,159
36,252
4,441
21,538
34,599
13,619
8,632
46,688
16,695
29,708
41,750
15,779
10,795
18,808
31,870
25,875
14,894
23,971
24,1030
35,1041
3,1046
38,1054
12,1146
20,1215
33,1222
7,1330
9,1391
27,1392
2,1405
22,1504
49,1562
5,1683
45,1683
44,1744
37,1858
32,1913
42,1967
50,2031
19,2207
40,2249
39,2256
43,2385
30,2559
17,2733
1,2935
6,3136
48,3377
26,3646

simblock.block.ProofOfWorkBlock@22360505:45
14,0
25,89
10,155
13,179
23,212
46,235
29,244
8,268
4,274
45,296
16,303
30,306
15,333
21,358
41,359
18,362
37,372
7,395
22,414
17,420
19,455
43,474
50,513
34,532
12,570
44,591
20,615
33,659
31,711
3,716
24,729
49,740
47,762
28,870
35,887
27,911
11,931
9,1058
36,1083
38,1254
42,1354
32,1425
1,1657
48,1708
39,1999
26,2562

simblock.block.ProofOfWorkBlock@1dd84464:46
50,0
21,92
19,149
22,183
43,206
7,240
18,263
37,270
16,279
45,298
41,306
14,321
29,328
15,335
13,336
4,367
46,381
12,425
17,439
8,482
34,498
23,548
10,554
24,582
25,613
38,623
30,670
47,724
35,751
36,803
32,848
44,899
20,921
9,978
40,985
33,1023
49,1070
27,1197
48,1210
3,1244
5,1262
1,1286
31,1369
11,1419
2,1553
28,1600
42,1653
6,1914
26,1935
39,2276

simblock.block.ProofOfWorkBlock@3b7fdef9:47
2,0
1,262
42,408
5,558
26,708
39,752
40,896
6,961
38,966
24,1003
28,1086
31,1132
3,1225
33,1249
9,1249
49,1380
19,1386
15,1417
20,1499
11,1507
47,1508
44,1646
4,1683
8,1751
35,1756
13,1802
30,1805
50,1833
36,1906
21,1982
32,2019
22,2102
37,2108
41,2207
27,2274
23,2288
25,2402
16,2516
18,2622
29,2709
43,2969
7,3012
17,3318
12,3321
14,3634
34,3675
46,3935
45,4023
10,4234
48,4422

simblock.block.ProofOfWorkBlock@2e292fbe:47
20,0
35,167
28,258
33,331
3,339
44,423
11,425
27,495
38,508
32,509
24,594
31,597
36,598
37,602
49,612
47,685
43,701
21,769
50,772
30,780
25,782
22,786
12,875
14,929
29,953
4,959
8,960
6,976
39,1016
15,1051
7,1128
19,1134
18,1138
9,1213
26,1265
40,1298
16,1303
23,1312
45,1322
34,1488
13,1495
17,1671
10,1683
46,1847
1,1895
41,2020
48,2265
42,2513
2,2770
5,3028

simblock.block.ProofOfWorkBlock@55a60b34:48
26,0
6,255
2,404
5,550
1,654
42,802
38,813
32,826
31,993
44,1072
3,1076
33,1077
24,1218
11,1229
19,1261
20,1335
47,1343
8,1372
29,1425
15,1441
27,1464
36,1608
25,1642
9,1711
13,1779
28,1869
40,1889
35,1958
49,2128
50,2129
43,2306
39,2387
45,2486
22,2690
4,2833
23,2997
18,3185
14,3299
46,3535
10,3601
12,3883
21,3901
16,4199
41,4499
7,4797
37,5094
17,5393
30,5700
34,5998
48,6388

simblock.block.ProofOfWorkBlock@61f2c1da:48
5,0
40,338
2,486
26,635
39,895
27,1017
33,1166
49,1185
8,1317
24,1355
1,1400
20,1428
15,1454
46,1621
45,1627
21,1629
38,1683
32,1688
41,1722
7,1731
34,1778
18,1803
17,1804
16,1852
43,1924
11,1949
28,1957
19,1982
47,2055
31,2064
50,2162
3,2215
29,2225
44,2238
13,2340
9,2407
35,2477
36,2591
25,2727
22,2777
42,2879
12,3079
6,3182
37,3387
14,3684
10,3983
30,4283
4,4586
23,4886
48,5275

simblock.block.ProofOfWorkBlock@5095d40c:49
39,0
1,478
38,753
2,786
31,926
24,1039
28,1049
44,1084
42,1122
22,1185
11,1219
33,1241
23,1273
35,1294
49,1331
16,1331
14,1362
19,1365
36,1385
20,1465
30,1473
50,1485
15,1537
41,1542
9,1543
5,1618
4,1715
3,1728
6,1773
32,1791
40,1887
26,1907
7,2026
27,2043
47,2292
8,2300
46,2323
29,2635
17,2642
12,2689
10,2992
25,3071
34,3350
21,3463
45,3702
13,3847
18,4054
48,4799

simblock.block.ProofOfWorkBlock@550c487f:50
50,0
14,95
19,157
23,188
17,214
12,246
18,271
45,283
37,301
25,308
4,311
43,328
41,340
13,343
29,357
15,366
10,386
22,404
7,426
21,443
30,466
8,485
46,501
16,531
34,558
20,586
27,656
9,702
3,729
24,774
32,850
28,901
33,968
36,1025
1,1032
44,1073
31,1141
39,1197
38,1198
11,1242
35,1320
49,1417
48,1477
47,1595
42,1606
26,1761
6,1908
5,2062
2,2347

simblock.block.ProofOfWorkBlock@69f68a38:51
37,0
41,89
34,165
8,192
4,222
21,249
17,256
14,285
43,300
13,308
50,312
22,330
45,344
19,359
30,366
16,368
29,401
12,418
46,423
25,469
7,477
10,480
15,539
23,602
49,640
33,641
27,657
18,667
28,734
3,829
31,839
48,949
1,980
42,992
36,999
20,1011
2,1028
35,1169
44,1180
40,1232
47,1339
11,1354
38,1503
24,1528
5,1629
32,1701
9,1871
26,1926
6,2227
39,2568

simblock.block.ProofOfWorkBlock@6637971d:52
36,0
47,159
11,240
3,402
12,433
33,502
34,527
49,567
25,585
44,586
50,597
18,610
24,655
8,656
27,661
28,668
21,714
20,738
35,752
31,766
10,775
45,785
32,836
38,838
46,850
29,913
43,954
9,959
22,968
15,1027
4,1142
7,1147
2,1183
42,1229
40,1286
17,1316
19,1321
13,1490
23,1497
5,1537
39,1571
37,1667
1,1697
41,1852
16,2028
30,2202
14,2383
6,2595
48,2842
26,3095

simblock.block.ProofOfWorkBlock@6559faf1:53
43,0
50,102
29,161
46,192
37,220
13,260
19,269
25,277
15,280
12,312
17,327
41,336
16,350
7,369
22,376
30,384
10,387
45,408
4,429
21,451
8,467
18,507
23,526
34,563
32,602
14,623
33,642
36,655
27,700
24,704
9,715
11,794
20,812
38,870
31,876
2,935
28,965
35,985
5,997
48,1028
47,1041
44,1135
42,1163
26,1284
49,1305
40,1326
3,1476
1,1624
39,1631
6,1775

simblock.block.ProofOfWorkBlock@26d76e45:53
33,0
11,167
24,251
36,333
32,335
3,414
49,430
28,503
35,511
20,582
44,587
27,592
38,664
47,674
30,686
31,750
23,772
16,849
18,851
14,870
1,887
34,950
4,960
29,1029
15,1046
22,1047
13,1111
19,1128
42,1143
25,1203
10,1222
8,1230
43,1287
45,1301
7,1379
41,1412
39,1469
9,1475
46,1475
48,1523
37,1555
12,1587
21,1648
26,1718
17,1767
2,1808
6,1852
50,1941
5,2102
40,2191

simblock.block.ProofOfWorkBlock@7018c412:54
34,0
21,88
4,145
22,180
17,201
18,237
13,248
25,259
15,275
10,291
41,298
19,316
29,338
43,355
30,359
16,372
45,398
7,416
14,421
37,429
8,473
12,487
50,545
36,578
23,621
38,624
28,642
27,642
46,678
20,747
32,813
11,818
24,848
47,927
2,957
49,983
48,1005
33,1021
44,1161
35,1195
40,1209
3,1334
9,1370
5,1493
31,1549
42,1617
26,1840
39,1957
6,2140
1,2441

simblock.block.ProofOfWorkBlock@3a04a5f7:54
40,0
5,329
26,671
27,672
2,822
6,925
11,932
33,1084
23,1241
49,1339
3,1344
43,1550
36,1599
35,1608
18,1791
29,1851
47,1861
20,1869
38,2120
32,2128
45,2157
8,2165
44,2380
39,2404
4,2466
50,2509
28,2655
10,2703
14,2768
13,2863
16,2956
30,3006
46,3069
21,3253
22,3306
48,3459
7,3552
37,3605
17,3854
12,3910
34,4155
41,4455

simblock.block.ProofOfWorkBlock@696dbfb8:55
35,0
49,163
33,245
20,328
24,347
32,408
27,431
44,434
11,490
28,495
3,514
31,596
46,616
47,658
38,676
50,696
36,746
13,764
6,768
30,788
23,796
9,837
29,854
22,871
43,873
17,938
16,950
19,970
7,1029
12,1054
41,1111
40,1122
18,1146
21,1232
25,1323
48,1352
45,1413
34,1497
14,1590
42,1603
10,1672
15,1764
37,1850
2,1855
8,2023
39,2024
4,2198
26,2272
1,2400
5,2655

simblock.block.ProofOfWorkBlock@226dfffd:55
2,0
1,251
26,397
42,543
6,659
5,688
39,744
38,949
32,1001
40,1033
28,1064
33,1223
3,1228
24,1251
36,1323
19,1336
11,1361
20,1497
27,1500
50,1570
44,1581
4,1636
8,1729
47,1749
29,1800
49,1840
9,2003
31,2081
14,2097
16,2140
35,2265
7,2403
30,2442
18,2613
46,2712
21,2740
12,2964
22,3013
41,3039
10,3314
43,3319
23,3350
25,3615
37,3648
45,3669
17,3919
34,4016
13,4228
48,4417

simblock.block.ProofOfWorkBlock@7f55f80e:56
1,0
2,295
39,520
5,627
26,772
32,774
42,927
33,950
40,990
47,1025
6,1036
38,1194
49,1194
41,1216
35,1286
11,1305
31,1363
19,1392
3,1457
36,1459
50,1461
28,1468
9,1533
15,1576
30,1605
20,1715
44,1724
27,1781
37,1854
23,1904
46,2015
16,2023
24,2027
4,2202
21,2237
29,2320
12,2375
8,2619
14,2620
34,2737
7,2919
25,3092
22,3241
10,3447
13,3539
17,3794
45,4142
43,4493
18,4842
48,5238

simblock.block.ProofOfWorkBlock@31a4dd80:57
46,0
21,108
15,165
12,199
50,221
16,255
30,255
18,279
13,297
17,312
14,320
43,332
45,336
29,354
37,358
4,368
10,386
19,390
41,396
7,425
8,452
22,490
34,516
23,574
38,597
25,633
36,649
28,663
32,663
9,713
24,779
11,802
47,819
44,833
33,973
3,1003
48,1103
35,1147
49,1173
27,1335
31,1354
5,1385
20,1507
42,1638
1,1692
2,1793
26,1925
40,2077
39,2270
6,2380

simblock.block.ProofOfWorkBlock@76a26976:58
47,0
36,159
11,243
44,406
50,446
3,501
21,543
35,570
33,585
16,592
34,599
22,636
20,653
25,654
28,667
8,711
31,734
27,742
18,772
12,809
24,824
38,831
15,847
49,885
29,911
32,911
14,950
4,990
46,1023
9,1036
41,1124
19,1170
40,1281
42,1324
17,1350
2,1433
23,1529
5,1537
39,1676
43,1704
13,1886
30,2061
7,2235
37,2409
10,2585
45,2765
1,2983
6,3188
48,3428
26,3679

simblock.block.ProofOfWorkBlock@6b1c1211:58
3,0
20,196
49,279
32,359
24,361
11,443
35,448
27,463
44,532
33,544
28,614
50,619
12,724
46,791
34,804
16,808
1,889
23,891
15,898
43,912
19,967
41,985
18,1073
6,1092
4,1141
40,1161
37,1161
47,1176
8,1260
22,1332
17,1336
36,1348
38,1364
31,1410
14,1436
9,1473
13,1509
21,1510
39,1678
25,1685
48,1753
30,1858
26,1928
42,2010
10,2212
45,2564
2,2813
5,3069

simblock.block.ProofOfWorkBlock@37248e2f:59
35,0
20,160
49,243
44,345
33,438
11,509
31,596
37,614
47,674
43,715
38,755
36,762
18,787
29,788
16,831
9,914
6,957
4,961
30,962
24,1095
19,1141
7,1144
3,1177
40,1183
27,1185
28,1266
46,1325
32,1348
50,1363
34,1504
41,1524
15,1540
8,1683
17,1702
21,1713
23,1862
22,1882
14,1898
25,2049
13,2057
12,2076
10,2226
45,2233
39,2314
1,2434
48,2471
26,2570
5,2681
42,2720
2,2968

simblock.block.ProofOfWorkBlock@3b358b9f:60
6,0
26,290
32,564
2,634
20,728
5,780
24,811
36,814
1,891
35,898
11,975
3,980
19,1005
42,1037
44,1057
47,1062
8,1097
40,1114
15,1180
43,1189
31,1221
39,1319
33,1320
25,1436
9,1455
49,1578
23,1668
27,1707
38,1844
22,2016
28,2114
50,2365
10,2414
13,2712
7,2713
30,3013
18,3063
41,3311
29,3413
21,3608
12,3761
17,3905
14,4120
16,4204
46,4468
48,4594
37,4816
45,5166
4,5532
34,5880

simblock.block.ProofOfWorkBlock@3a2743c9:61
29,0
19,94
16,152
18,184
43,209
37,242
7,249
17,277
13,292
14,302
23,310
46,335
10,348
4,348
50,360
15,366
25,388
30,388
41,393
45,407
12,419
34,421
22,423
21,451
8,465
35,592
36,594
11,626
3,638
38,645
28,709
31,773
9,795
32,817
27,820
26,934
24,956
44,993
5,1016
1,1101
20,1128
2,1276
47,1298
39,1360
33,1481
40,1560
49,1665
6,1860
48,1954
42,2240

simblock.block.ProofOfWorkBlock@34e0883b:62
20,0
32,164
35,263
33,327
28,344
24,410
44,426
27,491
38,508
3,513
11,573
49,596
31,603
15,611
9,679
34,703
16,704
36,737
4,772
50,787
30,793
47,821
8,876
12,931
46,947
14,978
39,1046
23,1052
43,1111
19,1123
18,1155
10,1232
26,1301
45,1304
7,1343
40,1362
25,1407
17,1507
21,1517
37,1582
41,1683
29,1701
13,1864
6,1912
22,2054
1,2114
48,2297
2,2548
5,2804
42,3053

simblock.block.ProofOfWorkBlock@31806c25:63
14,0
19,104
10,163
29,197
12,223
37,257
41,265
25,280
13,288
21,314
18,318
17,323
15,338
45,344
34,377
30,378
16,380
4,382
22,389
50,397
43,406
46,437
8,476
23,534
47,550
7,593
3,608
20,744
28,757
36,764
11,778
35,918
38,936
9,951
33,1088
27,1113
39,1184
1,1248
31,1258
32,1284
24,1427
49,1457
44,1601
48,1739
42,1887
40,2023
26,2305
2,2597
5,2884
6,3193

simblock.block.ProofOfWorkBlock@57a446ed:64
48,0
38,740
28,904
9,990
11,1068
31,1077
20,1097
24,1149
33,1235
44,1240
22,1251
32,1257
3,1320
35,1353
7,1356
50,1359
27,1416
43,1426
49,1438
36,1456
37,1462
23,1506
4,1506
21,1526
17,1534
30,1596
15,1601
45,1681
46,1694
29,1697
6,1765
47,1816
39,1841
34,1854
41,2030
2,2093
25,2216
8,2232
42,2347
19,2631

simblock.block.ProofOfWorkBlock@7f07ca2b:65
9,0
38,162
4,1221
31,1262
21,1312
28,1347
12,1373
34,1394
23,1414
44,1423
37,1431
50,1473
16,1487
30,1500
24,1508
43,1525
7,1530
17,1556
8,1580
29,1581
11,1597
46,1606
19,1697
13,1715
20,1727
10,1759
32,1778
14,1892
47,1899
41,1937
27,1948
15,2069
35,2069
18,2113
49,2127
36,2241
22,2297
3,2306
48,2309
33,2476
25,2478
5,2525
39,2559
45,2679
42,2808
40,2809
1,2885
26,3069
6,3106
2,3318

simblock.block.ProofOfWorkBlock@3d80332c:66
20,0
35,161
49,242
28,335
33,339
24,410
44,418
27,493
11,506
32,515
31,580
38,594
10,595
3,597
21,677
36,677
16,696
47,764
18,769
9,770
19,771
30,849
15,851
29,855
6,863
43,940
34,946
17,946
50,1028
7,1033
25,1120
13,1120
40,1190
12,1211
41,1297
23,1297
14,1394
37,1476
45,1479
39,1633
8,1667
22,1668
46,1841
1,1873
26,1895
4,2014
48,2264
42,2514
2,2763
5,3012

simblock.block.ProofOfWorkBlock@2cf37ec8:67
27,0
33,172
49,263
11,329
24,412
3,424
43,440
35,497
20,512
44,518
16,530
32,580
29,589
36,600
21,624
13,631
25,648
31,682
28,699
18,729
34,754
47,786
12,799
7,864
38,871
30,873
50,910
19,929
4,940
10,960
22,972
9,1087
45,1110
2,1112
42,1123
48,1131
41,1140
17,1155
39,1157
23,1291
37,1332
26,1405
6,1492
8,1517
15,1694
5,1745
14,1868
46,2042
1,2243
40,2491

simblock.block.ProofOfWorkBlock@2b0458ea:68
10,0
14,92
41,155
7,189
17,212
12,248
21,256
29,278
22,282
19,306
34,314
46,320
15,342
45,345
4,372
23,375
43,375
13,386
50,400
37,442
16,459
18,500
8,517
36,556
30,561
25,574
28,647
33,695
32,726
20,742
44,744
49,898
31,915
35,917
27,1075
24,1086
47,1088
39,1193
9,1259
40,1358
3,1437
38,1606
6,1655
11,1781
48,2061
5,2343
26,2627
2,2929
42,3213
1,3511

simblock.block.ProofOfWorkBlock@24317d19:69
17,0
7,88
10,145
16,181
18,202
13,238
50,260
23,273
19,296
45,298
21,320
43,345
46,359
14,374
12,377
4,435
37,435
25,491
8,505
22,564
49,636
30,641
34,698
33,717
31,738
24,806
27,875
40,1043
28,1046
6,1104
47,1219
3,1388
11,1559
39,2321
2,2551
1,3139
5,3455
42,3741

simblock.block.ProofOfWorkBlock@d8fb506:70
13,0
41,89
8,146
10,183
16,207
21,239
14,252
45,264
37,298
34,300
17,320
7,326
22,356
30,368
4,388
43,389
46,426
25,448
19,450
23,483
29,524
15,541
12,586
18,598
35,620
33,668
38,770
31,772
49,789
44,943
47,949
27,974
3,1113
36,1124
40,1256
9,1285
32,1295
20,1468
11,1470
24,1645
26,1936
48,2089
2,2372
6,2675
28,2807
39,3014
50,3287
5,3581
42,3870
1,4179

simblock.block.ProofOfWorkBlock@51438d11:69
35,0
49,180
44,262
33,349
31,422
20,433
11,512
32,598
34,607
3,691
47,696
50,697
24,757
36,779
28,779
25,781
45,882
4,955
15,956
13,959
14,1036
21,1058
23,1129
12,1130
22,1134
16,1136
30,1232
6,1239
37,1306
48,1371
40,1386
7,1416
8,1484
17,1589
2,1626
10,1661
41,1782
46,1835
42,1876
29,1957
18,2013
38,2135
19,2206
26,2213
1,2422
5,2692
39,2931
27,3178
9,3435
43,3785

simblock.block.ProofOfWorkBlock@3a9b890b:71
38,0
9,158
31,248
28,336
44,412
24,494
43,511
35,574
11,591
34,592
29,603
33,659
16,660
20,673
22,684
12,696
19,698
37,721
32,740
46,759
47,765
4,777
23,778
3,823
36,846
7,859
50,859
13,863
21,875
49,906
27,947
41,955
17,1040
14,1045
30,1048
18,1133
6,1192
15,1236
5,1242
40,1290
45,1313
10,1411
25,1487
48,1651
8,1670
1,1872
39,1898
42,2148
26,2396
2,2659

simblock.block.ProofOfWorkBlock@5c438d8c:72
15,0
41,93
10,160
37,184
30,220
21,244
50,252
34,272
25,276
17,308
45,315
4,328
22,334
29,365
16,392
43,396
23,420
46,448
7,452
8,493
14,506
19,510
12,549
35,598
13,606
49,676
18,679
28,682
33,699
47,772
38,849
3,850
6,999
20,1026
24,1051
48,1052
40,1123
9,1199
11,1230
39,1339
2,1343
44,1370
32,1403
36,1542
27,1574
5,1626
31,1711
42,1910
26,1995
1,2233

simblock.block.ProofOfWorkBlock@358f88c9:73
15,0
41,99
22,156
18,194
25,215
4,251
8,263
10,271
50,300
43,306
17,312
13,320
16,328
29,358
19,358
45,366
7,373
12,378
46,390
34,423
23,434
30,446
37,490
14,503
21,587
47,610
35,628
27,672
28,734
44,766
33,799
24,846
2,934
9,940
48,950
49,1015
40,1025
36,1112
39,1156
32,1186
42,1223
1,1255
3,1282
38,1359
20,1455
5,1507
11,1530
31,1625
6,1807
26,1913

simblock.block.ProofOfWorkBlock@3fe73f7:74
2,0
1,260
26,406
5,551
6,664
42,698
39,753
40,879
38,958
35,1002
28,1078
31,1123
3,1217
11,1221
24,1269
44,1337
15,1402
33,1486
19,1492
20,1496
47,1516
50,1529
36,1607
8,1750
27,1772
4,1789
17,1819
49,1865
32,2021
25,2123
30,2168
9,2274
14,2424
23,2467
12,2637
13,2733
41,2773
43,2992
22,3048
37,3080
18,3342
46,3347
21,3389
7,3654
16,3691
34,3694
29,3956
45,4044
10,4257
48,4446

simblock.block.ProofOfWorkBlock@5a621451:75
33,0
27,156
32,237
49,319
20,398
35,403
3,483
11,486
28,555
44,563
24,579
17,600
47,655
18,687
38,721
31,732
36,743
8,773
34,775
50,775
25,848
4,854
30,860
9,885
16,925
37,952
21,964
39,1015
10,1022
7,1033
48,1091
23,1138
15,1144
41,1209
26,1263
46,1313
12,1322
2,1346
29,1383
45,1490
43,1495
13,1567
22,1670
19,1674
42,1814
14,1845
6,1889
1,2053
5,2138

simblock.block.ProofOfWorkBlock@14c99762:76
24,0
28,156
3,238
20,317
49,335
38,399
32,426
11,480
35,497
27,505
33,511
9,557
44,578
31,642
17,654
36,654
21,671
41,684
47,735
13,754
8,771
50,828
43,846
25,856
19,863
23,917
4,929
6,951
14,957
16,1029
34,1037
39,1079
12,1133
46,1135
40,1164
10,1211
30,1214
22,1313
26,1329
18,1391
37,1392
48,1549
45,1567
7,1568
15,1741
29,1746
1,1941
2,1996
42,2196
5,2254

simblock.block.ProofOfWorkBlock@68db67d:77
36,0
11,173
47,255
3,338
44,432
30,435
20,500
28,516
21,537
49,582
35,596
33,608
14,611
8,634
32,662
24,663
38,684
31,688
34,690
7,696
27,759
15,781
18,786
25,837
9,847
43,871
10,955
41,961
29,1026
19,1048
50,1138
17,1145
39,1164
42,1173
1,1252
2,1281
46,1312
12,1338
23,1487
13,1512
37,1686
5,1742
16,1860
40,1994
4,2033
22,2207
45,2417
6,2629
48,2866
26,3114

simblock.block.ProofOfWorkBlock@2f84c8bd:77
22,0
4,95
21,152
13,185
17,212
34,243
23,275
37,302
25,332
12,358
7,389
30,423
15,461
16,518
35,595
27,700
31,770
38,878
9,1048
40,1054
20,1217
47,1402
36,1573
49,1748
5,2031
26,2314
2,2597
42,2884
6,3181

simblock.block.ProofOfWorkBlock@3b08a89a:78
23,0
16,93
25,162
7,186
30,221
29,247
45,280
37,281
15,307
4,316
17,337
19,344
14,345
13,366
46,402
10,423
50,436
43,459
12,516
8,579
36,593
9,610
44,625
22,640
24,662
34,696
49,712
27,714
38,747
18,756
31,758
3,775
28,781
32,797
21,816
41,873
20,884
2,946
11,1049
48,1069
33,1219
1,1247
47,1390
35,1563
39,1589
26,1850
40,2135
5,2417
42,2702
6,3000

simblock.block.ProofOfWorkBlock@2a744557:79
34,0
25,90
23,147
46,206
19,266
50,322
29,367
17,382
4,438
12,500
21,581
20,641
37,644
49,698
16,702
28,777
27,810
36,821
44,871
33,872
45,904
38,941
13,964
15,1035
31,1042
32,1047
14,1091
7,1147
22,1208
9,1211
8,1265
43,1323
48,1349
35,1381
10,1381
3,1550
24,1558
2,1832
26,1841
42,2117
1,2143
41,2322
30,2378
6,2445
18,2447
39,2457
47,2618
11,2788
5,3095
40,3382

simblock.block.ProofOfWorkBlock@3584bf3a:80
17,0
22,90
21,146
16,181
4,202
46,238
23,240
10,260
29,274
37,291
41,295
15,299
7,318
45,329
13,331
19,371
34,376
25,377
43,389
14,391
18,437
8,493
49,548
12,556
31,590
30,612
35,661
50,672
9,724
24,725
33,762
11,842
38,895
48,934
40,980
27,1016
39,1107
42,1179
36,1186
28,1356
5,1463
44,1532
20,1707
6,1761
3,1878
47,2047
32,2216
26,2499
2,2782
1,3083

simblock.block.ProofOfWorkBlock@606b3d08:81
32,0
20,158
33,239
3,319
24,325
27,400
49,402
35,483
11,485
41,513
44,565
12,609
36,658
28,662
34,675
18,690
31,725
47,744
50,756
45,836
43,845
38,846
23,852
21,869
37,933
9,945
22,1012
8,1028
39,1034
7,1043
16,1109
4,1193
14,1217
40,1278
10,1283
26,1287
46,1370
30,1390
25,1459
29,1564
48,1635
19,1737
2,1882
15,1911
17,2092
13,2266
1,2480
6,2686
5,2942
42,3193

simblock.block.ProofOfWorkBlock@4742b289:81
47,0
36,160
11,241
7,434
43,607
13,783
16,879
29,944
37,959
8,1022
25,1082
45,1139
41,1151
10,1323
20,1323
44,1376
38,1493
23,1509
3,1552
32,1662
22,1683
40,1837
4,1872
2,1955
19,2046
17,2221
39,2312
12,2400
30,2573
50,2757
1,2963
6,3163
48,3406
26,3659

simblock.block.ProofOfWorkBlock@24816a59:82
19,0
14,92
8,150
23,187
50,206
43,244
12,244
18,271
22,280
25,302
21,309
34,332
16,338
4,349
10,359
45,366
37,394
30,396
15,417
46,422
29,458
7,474
17,486
13,542
41,598
11,621
49,628
27,644
28,645
9,768
33,797
36,814
3,826
47,967
38,994
1,1062
39,1109
24,1145
5,1277
44,1338
31,1522
2,1561
35,1692
40,1846
20,1866
32,2050
26,2139
48,2349
6,2437
42,2642

simblock.block.ProofOfWorkBlock@20f13990:83
43,0
50,91
29,148
19,183
37,206
13,242
18,253
23,273
41,296
34,310
8,331
7,352
22,364
10,375
25,389
15,396
12,408
30,424
21,438
16,448
4,466
46,495
45,506
14,552
32,585
17,613
33,619
36,645
47,676
9,698
3,782
35,789
38,847
2,930
49,958
20,961
5,980
27,1020
11,1129
31,1134
26,1268
44,1303
24,1310
40,1311
28,1473
39,1608
48,1609
1,1620
6,1776
42,1931

simblock.block.ProofOfWorkBlock@52f0a32b:84
23,0
45,99
43,161
7,191
46,219
13,249
50,250
17,286
16,288
37,307
29,309
18,345
15,350
4,361
19,362
12,404
10,418
25,464
21,521
36,532
8,579
27,595
32,619
34,648
28,682
3,702
22,710
38,766
30,769
31,794
41,842
44,873
14,900
2,968
48,1009
20,1048
11,1073
9,1218
33,1242
39,1356
24,1388
47,1420
49,1578
35,1591
5,1875
1,1878
26,2158
40,2459
42,2745
6,3049

simblock.block.ProofOfWorkBlock@f09232e:85
4,0
37,90
17,148
41,181
30,204
19,238
18,239
12,263
46,272
7,294
8,295
34,321
29,334
15,334
50,354
43,362
45,376
22,379
23,391
14,392
16,410
10,416
25,422
13,436
21,493
3,536
32,606
24,620
9,669
33,677
49,688
27,739
38,764
11,782
35,846
28,953
48,994
20,1015
26,1021
44,1137
31,1192
39,1362
47,1363
2,1433
36,1533
1,1730
5,1826
40,2110
42,2393
6,2693

simblock.block.ProofOfWorkBlock@1f78cab9:86
28,0
20,161
24,244
49,326
38,334
32,408
11,416
33,424
27,489
35,496
9,510
47,579
3,587
31,592
17,595
36,660
30,681
44,681
14,769
50,771
43,776
7,849
23,854
45,856
18,859
37,928
25,937
21,943
10,949
39,1012
29,1027
16,1032
22,1033
15,1035
40,1103
12,1129
4,1209
34,1215
6,1231
42,1260
8,1302
13,1385
1,1418
26,1508
19,1568
46,1742
41,1915
48,2156
5,2407
2,2656

simblock.block.ProofOfWorkBlock@54775f19:87
26,0
6,249
2,406
5,551
1,659
42,809
38,811
32,822
40,909
31,993
39,1073
20,1083
33,1086
35,1231
27,1256
15,1257
19,1270
36,1331
3,1353
45,1433
11,1491
9,1502
44,1591
25,1668
8,1707
24,1753
50,1793
28,1850
43,2101
47,2108
12,2146
49,2369
46,2493
21,2667
18,2849
16,2972
13,3202
37,3271
4,3553
7,3574
17,3874
29,3906
22,4171
41,4481
14,4778
23,5086
34,5383
10,5682
48,6371

simblock.block.ProofOfWorkBlock@3780fb90:88
28,0
38,164
31,386
11,423
9,467
20,504
44,558
3,582
24,588
15,641
33,667
32,671
36,749
35,752
50,762
16,795
14,816
19,821
27,833
47,835
49,839
30,857
8,907
17,935
43,989
21,995
12,1009
7,1011
37,1023
25,1082
10,1162
34,1172
39,1174
46,1182
29,1191
6,1202
1,1291
13,1341
4,1353
18,1356
42,1429
22,1525
23,1531
41,1533
26,1698
45,1704
48,1761
5,1952
2,2010
40,2208

simblock.block.ProofOfWorkBlock@3f54e4d0:89
33,0
11,160
35,247
24,329
28,365
32,412
20,431
44,447
27,496
47,528
38,531
49,580
31,611
36,612
25,679
9,691
3,696
19,754
30,774
37,856
7,858
17,872
22,874
34,942
43,952
39,995
42,1024
8,1030
13,1031
10,1047
16,1052
48,1110
21,1119
14,1206
4,1207
41,1223
26,1255
45,1293
2,1361
29,1380
18,1396
1,1414
23,1467
12,1577
46,1640
50,1750
6,1841
15,1924
5,2090
40,2173

simblock.block.ProofOfWorkBlock@52180c86:90
23,0
46,89
8,154
50,181
22,210
10,244
15,247
45,267
13,300
4,303
34,324
17,359
7,361
18,387
37,401
19,427
30,443
29,484
16,500
20,530
43,559
12,615
28,621
38,649
9,655
14,672
32,687
27,701
41,729
31,747
21,785
44,792
36,823
25,841
49,842
24,873
3,966
2,989
47,1017
1,1082
48,1127
35,1190
33,1365
39,1469
11,1536
40,1818
42,2121
26,2419
5,2704
6,3015

simblock.block.ProofOfWorkBlock@3dd9a4da:91
37,0
43,99
34,157
25,190
4,216
16,249
46,262
13,284
12,298
8,307
30,312
21,318
15,346
19,356
18,361
23,364
17,374
10,403
7,421
45,422
14,466
50,494
41,496
22,523
9,592
20,660
38,672
27,672
11,699
32,717
49,732
44,756
31,762
28,815
36,853
33,933
2,963
40,971
48,1004
47,1022
29,1030
24,1103
35,1201
42,1253
1,1331
3,1372
26,1655
5,1960
6,2258
39,2600

simblock.block.ProofOfWorkBlock@c532898:92
4,0
21,96
17,153
46,187
12,209
7,244
10,245
37,271
45,288
25,301
14,307
22,327
29,340
15,347
16,366
43,367
8,372
13,384
19,424
30,441
41,467
34,500
18,527
50,587
28,600
23,644
20,678
38,697
24,718
11,769
49,814
31,850
48,965
32,988
47,1020
2,1052
44,1158
35,1199
33,1334
1,1351
36,1371
3,1508
9,1541
27,1682
5,1826
26,1967
42,2109
39,2306
40,2395
6,2702

simblock.block.ProofOfWorkBlock@12ee9ed3:93
36,0
47,174
11,260
33,427
14,436
3,514
8,547
27,587
28,595
25,605
45,610
10,613
32,670
29,678
20,681
44,682
49,753
43,803
18,807
35,838
31,862
15,871
38,875
24,925
7,979
9,982
13,986
46,1047
34,1111
50,1153
30,1165
2,1224
39,1237
21,1297
5,1300
19,1333
37,1341
42,1489
23,1509
41,1516
40,1548
16,1690
1,1714
12,1863
22,2039
17,2222
4,2396
6,2605
48,2841
26,3092

simblock.block.ProofOfWorkBlock@1957203d:94
12,0
23,93
37,149
45,186
25,205
18,243
19,246
34,264
29,284
43,301
10,302
7,304
21,321
50,342
15,358
30,358
17,380
46,414
14,437
16,471
8,507
22,528
13,565
3,587
20,621
41,625
4,689
32,693
31,698
33,699
38,732
28,786
9,791
27,860
35,877
24,962
2,1003
49,1031
44,1157
40,1161
11,1201
36,1371
26,1444
47,1548
48,1835
42,2122
5,2404
6,2704
1,3002
39,3343

simblock.block.ProofOfWorkBlock@32857319:95
40,0
5,334
26,667
27,686
2,816
49,864
6,915
11,969
24,1033
3,1081
21,1126
42,1179
29,1276
45,1303
17,1304
38,1336
32,1340
19,1477
15,1479
9,1505
31,1568
14,1579
36,1594
33,1598
25,1604
18,1654
1,1680
50,1828
28,1855
35,1857
43,1878
13,1905
44,2115
39,2118
46,2175
20,2376
47,2376
4,2475
16,2675
12,2675
8,2781
7,2972
30,2973
23,3081
41,3272
10,3272
48,3475
34,3572
22,3577
37,3875

simblock.block.ProofOfWorkBlock@6b987a81:96
29,0
19,95
13,152
14,187
16,210
34,244
4,246
10,272
15,285
37,301
41,302
22,314
45,334
21,337
23,343
17,344
50,357
25,359
46,388
8,393
30,396
18,413
12,422
43,484
7,489
31,585
27,628
44,654
36,658
9,682
11,712
47,757
28,788
32,829
38,830
20,928
26,958
3,1003
1,1063
49,1101
39,1173
5,1246
24,1270
40,1286
35,1441
2,1585
33,1610
48,1891
6,1896
42,2176

simblock.block.ProofOfWorkBlock@1a6f7c9:97
4,0
12,90
30,147
25,182
22,206
23,239
15,244
21,264
46,271
41,296
45,301
37,321
16,322
43,337
18,340
50,359
14,360
34,377
29,395
7,397
8,419
19,425
17,434
10,458
13,490
32,584
27,595
38,650
36,665
33,689
24,766
49,768
28,800
31,835
3,938
11,939
2,956
35,1012
44,1111
47,1182
48,1220
9,1352
26,1396
20,1523
1,1523
40,1812
39,1881
42,2102
5,2394
6,2692

simblock.block.ProofOfWorkBlock@70bcc786:97
26,0
6,260
2,407
5,553
38,811
33,839
40,890
47,1076
32,1086
11,1231
39,1346
46,1439
3,1490
27,1562
36,1605
35,1754
13,1788
8,1863
49,1869
20,2016
28,2137
4,2152
43,2165
44,2396
18,2502
7,2696
45,2868
14,2994
12,3221
41,3306
50,3572
17,3606
22,3904
29,3919
23,4201
16,4504
37,4805
34,5105
21,5404
30,5705
10,6009
48,6398

simblock.block.ProofOfWorkBlock@10e8de31:98
6,0
26,283
47,569
11,748
32,817
3,939
24,982
43,1009
20,1064
36,1066
25,1102
8,1162
15,1191
19,1199
35,1301
33,1329
1,1400
40,1440
27,1449
42,1475
5,1491
9,1543
2,1644
31,1668
13,1678
44,1906
23,2036
39,2172
37,2407
49,2436
38,2695
12,2754
28,2958
45,3103
17,3260
29,3452
16,3565
34,3802
41,3863
50,4150
10,4165
21,4463
4,4500
7,4781
46,4856
30,5079
18,5204
48,5467
22,5551
14,5902

simblock.block.ProofOfWorkBlock@409128b5:99
45,0
43,88
23,144
16,182
7,202
21,237
37,244
13,268
10,271
12,297
17,300
50,304
30,325
4,328
15,333
19,337
18,356
8,381
41,414
46,439
34,471
25,495
14,528
27,533
22,586
32,633
29,648
31,679
38,702
28,735
35,760
47,820
48,949
2,980
40,988
36,994
26,1047
44,1166
39,1195
5,1331
9,1339
20,1509
3,1679
24,1859
11,2029
33,2199
49,2371
42,2654
1,2952
6,3249

simblock.block.ProofOfWorkBlock@723445fd:100
11,0
36,178
33,260
44,349
27,419
3,433
31,509
32,518
47,522
28,605
20,610
14,615
35,625
38,683
49,713
50,778
29,796
24,797
30,813
9,848
43,865
25,872
17,951
7,969
34,978
13,987
8,1041
2,1123
15,1139
21,1152
4,1171
42,1195
39,1243
1,1249
41,1314
19,1325
37,1348
10,1488
16,1531
46,1663
22,1705
12,1841
6,1907
23,2019
48,2150
18,2193
45,2372
26,2414
5,2625
40,2877


simblock.block.ProofOfWorkBlock@28dae87e:25
simblock.block.ProofOfWorkBlock@782e0844:19
simblock.block.ProofOfWorkBlock@4742b289:81
simblock.block.ProofOfWorkBlock@1a6f7c9:97
simblock.block.ProofOfWorkBlock@1ba35152:13
simblock.block.ProofOfWorkBlock@55a60b34:48
simblock.block.ProofOfWorkBlock@26d76e45:53
simblock.block.ProofOfWorkBlock@51438d11:69
simblock.block.ProofOfWorkBlock@3a04a5f7:54
simblock.block.ProofOfWorkBlock@3835b281:15
simblock.block.ProofOfWorkBlock@76a26976:58
simblock.block.ProofOfWorkBlock@696dbfb8:55
simblock.block.ProofOfWorkBlock@2e292fbe:47
simblock.block.ProofOfWorkBlock@472719df:13
simblock.block.ProofOfWorkBlock@6d9f78a6:31
simblock.block.ProofOfWorkBlock@2f84c8bd:77
simblock.block.ProofOfWorkBlock@3367faf9:44
15
4415

BUILD SUCCESSFUL in 11s
2 actionable tasks: 2 executed
