> Task :simulator:compileJava
> Task :simulator:processResources NO-SOURCE
> Task :simulator:classes

> Task :simulator:run
simblock.block.ProofOfWorkBlock@4769b07b:0
18,0
23,235
7,439
16,470
50,640
12,680
37,681
15,706
46,841
34,882
13,884
29,914
4,937
17,1043
8,1084
10,1115
44,1199
28,1241
19,1245
27,1271
38,1282
30,1287
20,1422
41,1449
31,1469
14,1488
3,1515
21,1660
45,1690
39,1775
22,1891
2,1958
49,1974
43,2093
24,2293
25,2296
11,2609
47,2613
9,2925
33,2950
32,3245
5,3385
36,3569
26,3813
35,3908
40,4242
6,4811

simblock.block.ProofOfWorkBlock@5bc79255:1
37,0
4,234
12,435
30,476
25,674
22,678
7,689
45,727
23,876
21,884
41,891
46,908
16,916
15,930
18,942
29,971
8,1078
17,1087
34,1093
10,1116
50,1120
44,1247
38,1255
14,1281
13,1289
19,1295
33,1335
43,1499
24,1563
11,1601
2,1606
31,1612
28,1668
36,1818
32,1880
49,1917
9,1927
47,2136
20,2247
48,2367
35,2466
42,2674
27,2786
1,2810
40,3112
3,3113
5,3541
26,3970
6,4419
39,4905

simblock.block.ProofOfWorkBlock@2c35e847:2
3,0
20,314
11,551
28,631
49,789
47,868
35,869
38,950
24,1043
33,1108
32,1109
27,1114
31,1290
44,1348
36,1348
17,1376
39,1436
14,1447
34,1472
43,1479
9,1544
19,1683
15,1684
30,1706
8,1776
26,1840
1,1840
4,2013
12,2014
50,2037
6,2196
22,2344
18,2351
21,2378
46,2676
23,2693
10,2754
13,3007
37,3088
40,3111
48,3414
41,3419
7,3748
42,3820
29,4077
25,4407
16,4739
45,5081
5,5495
2,5898

simblock.block.ProofOfWorkBlock@29ca3d04:3
49,0
35,315
24,557
44,630
3,795
32,878
11,955
25,971
20,1041
28,1115
31,1193
43,1219
27,1279
36,1286
4,1303
16,1386
13,1422
38,1434
30,1449
33,1525
29,1526
47,1529
6,1554
34,1634
9,1737
41,1784
2,1791
48,1835
21,1859
17,1865
40,1938
23,1985
42,2192
50,2192
7,2208
46,2333
19,2525
10,2662
15,2858
37,2991
18,3194
1,3347
45,3533
5,3754
12,3862
8,4200
22,4539
14,4878
39,5283
26,5691

simblock.block.ProofOfWorkBlock@165b8a71:4
5,0
2,522
26,860
1,973
40,1198
6,1301
42,1310
33,1653
44,1751
38,1762
24,1845
31,2086
39,2103
8,2176
49,2207
29,2251
19,2300
15,2364
27,2388
50,2459
35,2557
28,2663
46,2740
9,2936
32,3007
47,3113
17,3238
20,3457
36,3566
43,3578
7,3728
3,3907
34,4060
25,4219
18,4260
11,4367
16,4561
13,4708
23,4856
45,4903
41,5050
14,5350
21,5539
4,5845
12,6339
10,6836
30,7327
22,7823
37,8312
48,8901

simblock.block.ProofOfWorkBlock@3569edd5:5
23,0
18,237
43,444
19,474
46,646
50,677
37,680
41,847
17,880
29,891
15,892
10,926
4,931
8,1050
44,1057
7,1083
13,1086
38,1208
3,1265
16,1265
31,1372
36,1418
14,1467
27,1523
2,1579
28,1580
22,1672
20,1690
32,1734
39,1796
34,1875
24,2056
25,2079
45,2281
49,2374
9,2691
30,2696
48,3140
33,3222
1,3583

simblock.block.ProofOfWorkBlock@47f08b81:6
37,0
34,246
12,449
46,484
7,650
8,689
16,690
45,724
4,852
22,889
17,892
13,910
18,925
29,927
30,994
41,1055
21,1095
14,1112
15,1131
10,1134
32,1228
19,1272
25,1297
11,1427
20,1454
38,1474
28,1477
43,1479
23,1502
44,1549
50,1704
49,1757
47,1793
40,1882
33,2022
27,2110
48,2213
2,2315
24,2337
3,2425
42,2645
9,2654
35,2741
31,2974
36,3067
1,3417
26,3498
5,3926
6,4368
39,4853

simblock.block.ProofOfWorkBlock@3b6c624:6
24,0
32,318
3,556
20,648
28,795
11,898
13,990
33,1034
38,1108
47,1219
50,1238
49,1275
14,1320
27,1366
44,1460
43,1481
16,1571
39,1588
15,1608
35,1624
7,1650
36,1703
4,1812
8,1871
10,1903
30,1938
26,1991
17,1995
46,2034
22,2152
25,2233
19,2274
21,2326
12,2368
48,2562
37,2583
45,2604
29,2657
23,2700
41,2935
2,2993
6,3013
40,3103
34,3268
5,3418
18,3599
1,3956
42,4360

simblock.block.ProofOfWorkBlock@4f824872:6
20,0
44,319
3,568
31,634
32,810
11,871
38,961
35,1051
21,1207
49,1290
34,1302
28,1527
29,1539
19,1861
7,1868
46,2192
30,2200
22,2523
50,2531
17,2859
10,2861
45,3191
26,3266
13,3539
4,3874
41,4206
48,4615
2,5026
5,5432
42,5843

simblock.block.ProofOfWorkBlock@6629ad09:7
37,0
7,240
19,442
18,477
12,647
50,677
14,678
46,711
41,851
16,882
8,883
15,916
10,919
23,921
4,1056
29,1085
21,1085
30,1095
11,1243
38,1258
34,1259
28,1262
25,1288
20,1410
43,1466
17,1493
9,1560
40,1692
13,1695
24,1732
3,1780
22,1899
1,2002
31,2054
27,2102
45,2103
49,2371
44,2422
35,2425
33,2685
36,2740
32,2741
47,3054
48,3132
2,3184
5,3489
42,3562
26,3917
6,4360
39,4856

simblock.block.ProofOfWorkBlock@77681ce4:8
28,0
11,317
38,555
3,631
24,800
31,869
44,871
49,965
20,1038
9,1106
33,1108
32,1119
35,1194
27,1294
7,1295
47,1359
50,1374
19,1450
22,1454
4,1474
36,1597
8,1625
16,1631
17,1707
43,1784
6,1785
34,1796
18,1933
37,1965
39,2101
14,2115
1,2153
23,2265
30,2299
13,2448
26,2507
15,2594
25,2646
48,2854
42,2912
41,2930
21,2979
2,3263
46,3265
29,3314
10,3601
12,3932
45,4262
5,4668
40,5082

simblock.block.ProofOfWorkBlock@6b6eae52:9
20,0
28,315
49,560
38,631
35,806
11,869
27,892
31,952
44,1045
24,1108
33,1150
9,1199
32,1282
34,1406
50,1452
47,1459
18,1481
3,1524
43,1532
30,1635
16,1645
36,1698
25,1736
21,1811
6,1834
39,1852
17,1854
10,1861
29,1970
23,2069
40,2105
15,2142
45,2184
26,2260
7,2302
37,2414
12,2475
46,2515
1,2776
14,2808
22,2851
8,3140
19,3196
4,3525
41,3857
13,4189
48,4596
42,5004
2,5414
5,5821

simblock.block.ProofOfWorkBlock@25b38203:10
11,0
28,317
36,558
20,634
44,796
38,872
47,1034
24,1112
31,1119
22,1150
9,1193
3,1272
25,1385
29,1449
4,1483
39,1509
33,1521
43,1523
1,1731
34,1733
27,1749
8,1782
21,1782
37,1819
50,1857
26,1913
7,2115
16,2164
45,2187
42,2321
13,2497
23,2519
35,2640
14,2828
10,2850
32,2944
30,3159
49,3185
17,3185
15,3514
19,3515
6,3524
46,3847
48,3928
2,3937
18,4179
12,4512
41,4850
40,5255
5,5665

simblock.block.ProofOfWorkBlock@755b5f30:11
41,0
12,234
18,468
14,475
21,669
25,676
7,707
10,872
34,878
19,908
43,911
22,920
16,957
38,1061
13,1075
17,1084
29,1112
45,1114
50,1114
33,1261
4,1285
30,1288
35,1431
28,1443
2,1492
46,1499
47,1599
8,1701
23,1906
40,1921
49,1921
15,2112
27,2239
37,2313
44,2630
48,2690
24,2948
42,3123
31,3263
5,3552
11,3586
3,3902
6,4002
20,4219
1,4460
9,4533
32,4850
39,4951
36,5165
26,5596

simblock.block.ProofOfWorkBlock@59a09be:12
5,0
2,531
40,882
1,983
26,1232
42,1320
6,1689
3,1701
27,1748
38,1776
9,1841
31,2093
33,2154
28,2159
8,2242
7,2264
50,2299
19,2316
15,2344
24,2385
36,2610
35,2628
43,2731
29,2755
47,2929
44,3060
39,3077
13,3252
49,3511
32,3533
45,3570
25,3742
11,3984
21,3999
18,4219
17,4240
20,4433
16,4489
46,4728
34,4862
4,4927
41,4977
23,5415
22,5904
10,6393
37,6881
12,7370
30,7868
14,8356
48,8937

simblock.block.ProofOfWorkBlock@542c65d9:12
10,0
8,234
14,436
41,637
12,680
17,840
30,875
23,884
34,918
37,1081
19,1101
50,1104
45,1115
4,1123
43,1124
18,1282
7,1302
29,1307
22,1326
21,1330
13,1494
16,1513
27,1617
33,1648
46,1703
15,1722
39,1822
25,1932
36,1938
31,2022
3,2247
49,2253
24,2343
11,2565
32,2575
20,2672
47,2885
40,3010
35,3203
6,3455
9,3521
44,3839
38,4157
48,4605
42,5038
26,5473
2,5901
5,6329
1,6779

simblock.block.ProofOfWorkBlock@63262071:13
50,0
21,235
46,437
25,469
10,651
45,673
22,674
13,706
19,856
15,876
7,881
16,899
9,1057
43,1074
41,1085
37,1091
29,1103
35,1206
36,1250
12,1286
17,1291
38,1417
23,1490
34,1495
1,1507
20,1525
24,1565
8,1695
14,1698
48,1863
30,1898
18,1902
2,1952
4,2100
47,2218
5,2293
40,2417
31,2417
3,2534
32,2740
49,2852
27,3055
44,3167
33,3370
28,3482
11,3798
26,3799
42,4226
6,4242
39,4715

simblock.block.ProofOfWorkBlock@16fc5622:14
21,0
7,236
8,439
45,472
34,642
10,676
13,685
46,848
29,879
16,888
15,931
36,1061
25,1077
19,1080
37,1090
38,1274
43,1281
30,1286
14,1292
11,1378
4,1487
28,1590
9,1600
47,1608
50,1690
20,1694
5,1711
12,1905
35,1914
24,2011
2,2041
41,2107
23,2308
48,2360
1,2456
22,2510
18,2714
40,2791
6,2904
17,2917
33,3238
3,3553
49,3869
32,4189
27,4504
44,4826
31,5145
26,5574
42,6003
39,6491

simblock.block.ProofOfWorkBlock@6c36051c:15
20,0
32,319
28,562
33,638
44,805
11,875
24,884
27,967
49,1042
38,1112
31,1147
36,1196
21,1217
35,1281
34,1297
9,1432
50,1443
47,1445
25,1454
10,1476
3,1520
16,1534
30,1552
8,1562
23,1627
12,1780
39,1842
45,1849
29,1889
37,1895
40,2184
19,2184
15,2220
43,2224
26,2249
17,2517
18,2556
22,2854
14,2898
46,3190
7,3243
4,3520
6,3601
13,3850
1,3957
41,4179
48,4587
5,4996
2,5418
42,5831

simblock.block.ProofOfWorkBlock@5b715ea:16
3,0
20,324
11,567
24,810
33,885
49,1049
47,1131
27,1207
36,1372
50,1387
34,1415
6,1574
8,1645
12,1702
10,1720
43,1721
1,1776
14,1974
9,1990
23,2031
45,2065
38,2300
31,2306
15,2361
39,2371
17,2438
35,2570
18,2691
7,2768
26,2775
44,2824
28,3083
40,3097
16,3098
32,3320
21,3431
13,3676
25,3762
4,4006
30,4098
46,4337
41,4428
19,4667
37,4765
22,5002
29,5109
48,5406
5,5512
42,5814
2,5921

simblock.block.ProofOfWorkBlock@b548f51:17
16,0
13,235
34,437
41,474
23,648
25,677
21,678
18,710
43,850
12,879
19,880
14,886
30,914
22,1051
8,1081
50,1086
11,1245
7,1256
49,1262
45,1283
37,1293
10,1462
4,1485
46,1495
44,1567
42,1572
27,1577
28,1666
29,1667
17,1698
47,1800
15,1870
40,2006
35,2015
20,2118
36,2189
33,2330
5,2433
38,2441
3,2504
9,2647
32,2765
48,2956
31,2968
2,3210
24,3282
26,3383
6,3674
1,3728
39,4161

simblock.block.ProofOfWorkBlock@7b1d2f65:18
17,0
7,236
18,438
14,479
34,642
46,682
16,684
15,719
12,845
45,901
23,903
29,918
50,1058
38,1060
19,1106
13,1112
43,1120
33,1223
21,1269
41,1308
37,1315
30,1470
40,1487
25,1518
31,1543
9,1624
8,1683
42,1773
22,1889
5,1915
35,1941
10,2091
24,2258
39,2263
4,2294
49,2578
36,2625
11,2950
48,3028
28,3266
6,3482
44,3581
32,3897
47,4213
3,4532
27,4846
20,5164
26,5591
2,6019
1,6462

simblock.block.ProofOfWorkBlock@27107a97:19
7,0
14,238
18,441
8,485
25,645
46,678
15,713
43,728
21,846
41,883
34,883
29,929
10,945
30,962
22,1067
4,1086
50,1147
24,1204
33,1258
37,1269
19,1350
31,1430
13,1477
9,1526
28,1540
23,1551
42,1563
39,1571
20,1574
16,1679
12,1752
35,1846
17,1885
36,2069
45,2089
11,2166
27,2385
3,2405
1,2611
38,2702
47,2723
49,3026
32,3040
44,3355
48,3473
2,3787
40,3905
26,4222
5,4346
6,4792

simblock.block.ProofOfWorkBlock@1adec8d:20
43,0
25,244
50,454
22,480
16,669
15,682
18,699
4,744
8,870
14,885
19,900
30,920
36,1068
45,1072
46,1093
17,1102
41,1121
29,1276
12,1295
31,1343
20,1387
49,1421
32,1437
37,1477
33,1479
13,1498
48,1588
23,1679
21,1702
44,1741
24,1754
26,1817
7,1914
47,1996
28,2059
10,2118
5,2251
27,2312
34,2320
11,2414
38,2627
9,2635
6,2860
3,2951
40,3063
35,3274
1,3505
2,3704
42,4132
39,4617

simblock.block.ProofOfWorkBlock@1fa77770:21
10,0
8,244
50,449
19,481
45,687
16,692
34,696
37,724
46,888
17,896
18,897
7,923
22,933
4,937
20,1057
12,1092
41,1104
30,1127
28,1212
15,1305
21,1335
31,1376
36,1470
14,1507
23,1538
6,1654
33,1694
29,1717
43,1742
25,1929
13,1943
24,2009
38,2253
27,2257
32,2327
49,2572
44,2577
3,2894
40,3019
9,3215
39,3508
11,3532
47,3847
35,4164
48,4622
26,5057
2,5490
5,5917
42,6345
1,6794

simblock.block.ProofOfWorkBlock@60ae950f:22
20,0
49,321
44,569
33,648
32,809
27,886
11,890
3,1048
24,1127
31,1134
36,1206
34,1242
35,1295
47,1445
21,1462
38,1463
30,1464
1,1480
37,1487
28,1538
23,1577
25,1635
10,1794
50,1798
43,1819
9,1821
45,1868
6,1940
16,1970
14,2128
7,2129
22,2223
40,2225
12,2457
29,2463
4,2553
8,2790
17,2884
18,3121
46,3218
15,3457
13,3558
39,3853
41,3887
19,4221
26,4257
48,4629
2,5036
42,5440
5,5848

simblock.block.ProofOfWorkBlock@a94c8e3:23
18,0
23,259
21,473
16,499
46,675
45,704
4,708
15,748
50,886
8,907
13,951
37,964
44,1046
19,1087
30,1109
10,1154
20,1257
17,1289
22,1311
38,1336
29,1356
3,1360
41,1495
28,1497
43,1525
27,1674
2,1684
7,1698
34,1727
14,1933
31,1989
35,2017
12,2134
11,2331
25,2342
39,2477
49,2650
47,2656
36,2972
33,2978
9,3288
5,3409
24,3610
26,3845
32,3924
42,4274
6,4821

simblock.block.ProofOfWorkBlock@33490054:23
44,0
31,323
11,566
38,641
20,804
28,890
9,957
4,971
35,1050
3,1135
24,1208
13,1290
34,1303
49,1371
33,1374
50,1385
32,1523
25,1547
47,1614
22,1621
27,1685
37,1706
29,1716
36,1858
8,1882
43,1970
7,2047
6,2067
46,2189
1,2247
14,2315
19,2378
16,2471
15,2535
21,2712
48,2720
18,2872
10,3046
39,3114
23,3213
45,3386
42,3522
12,3547
17,3715
2,3925
40,3962
41,4047
5,4373
30,4380
26,4784

simblock.block.ProofOfWorkBlock@365291bd:24
21,0
34,1391
50,1594
16,1629
25,1802
37,1832
10,1835
29,1867
7,2008
19,2033
45,2037
43,2037
15,2068
14,2238
41,2238
13,2269
9,2348
38,2418
23,2442
28,2554
36,2585
20,2610
12,2643
35,2668
2,2736
5,2756
40,2785
18,2854
11,2868
24,2986
48,3031
8,3066
47,3187
30,3270
1,3434
46,3474
4,3679
6,3881
17,3884
22,4085
27,4401
3,4731
33,5060
44,5381
31,5697
49,6018
32,6338
26,6770
42,7202
39,7687

simblock.block.ProofOfWorkBlock@62857555:25
36,0
11,322
47,563
28,649
4,893
3,894
38,975
33,1131
34,1134
43,1157
20,1213
45,1228
49,1257
9,1296
21,1337
44,1374
8,1457
24,1459
27,1466
7,1487
31,1539
13,1561
25,1603
35,1664
32,1708
23,1708
19,1821
39,1856
30,1912
29,1933
10,2041
1,2178
17,2242
42,2268
2,2339
15,2371
16,2576
50,2709
12,2906
46,3038
37,3236
40,3448
14,3574
5,3857
22,3906
18,4237
41,4568
6,4925
48,5333
26,5739

simblock.block.ProofOfWorkBlock@744d0cfb:26
45,0
43,240
29,453
16,506
19,692
30,705
50,707
15,743
10,895
37,909
46,912
18,927
4,942
22,949
21,971
7,1134
14,1135
34,1152
12,1154
17,1205
32,1220
38,1242
28,1296
23,1336
41,1409
35,1452
8,1543
27,1559
48,1598
2,1650
13,1748
31,1766
5,1842
25,1949
40,1987
39,1995
26,2028
24,2266
49,2581
20,2898
33,3215
11,3540
47,3857
9,4177
3,4493
44,4818
36,5145
42,5575
1,6026

simblock.block.ProofOfWorkBlock@6e057374:27
9,0
38,330
31,655
41,676
28,894
21,913
44,970
18,1007
30,1116
7,1151
14,1224
35,1292
19,1303
25,1340
23,1348
50,1352
16,1407
46,1553
17,1554
43,1564
29,1623
22,1684
47,1705
12,1757
33,1870
13,1895
6,1970
10,2015
20,2082
5,2143
40,2145
27,2196
15,2238
34,2344
32,2397
49,2517
48,2641
4,2679
3,2722
45,3012
39,3035
8,3341
11,3362
42,3440
36,3681
1,3709
26,3845
2,4249

simblock.block.ProofOfWorkBlock@479f1d09:28
33,0
35,318
24,559
44,635
49,803
20,872
31,965
27,1040
37,1203
11,1278
38,1292
50,1295
12,1398
13,1474
32,1516
4,1534
47,1598
17,1628
43,1641
16,1719
14,1731
36,1848
45,1848
8,1865
48,1889
7,1958
40,2060
22,2060
9,2111
18,2197
46,2198
2,2305
29,2318
39,2461
25,2528
23,2533
26,2728
10,2859
34,2869
21,3202
1,3218
19,3534
6,3899
5,4304
28,4717
3,4972
15,5308
41,5638
30,5968
42,6381

simblock.block.ProofOfWorkBlock@6092d41:27
24,0
49,315
3,556
28,802
32,1041
33,1280
15,1619
19,1951
45,2286
30,2617
41,2963
34,3305
18,3634
1,4000
42,4403

simblock.block.ProofOfWorkBlock@41f05f1:28
10,0
50,236
29,438
34,475
8,643
19,679
45,682
4,711
41,846
13,885
18,897
37,912
7,920
22,952
17,1050
46,1100
30,1122
12,1125
32,1214
27,1226
25,1253
20,1256
21,1303
23,1326
36,1440
15,1455
43,1516
24,1644
40,1645
14,1661
39,1745
49,1838
16,1866
31,1958
28,2155
47,2182
33,2273
9,2514
6,2599
44,2830
3,3159
38,3484
35,3799
11,4121
48,4570
2,4998
5,5427
42,5855
26,6285
1,6735

simblock.block.ProofOfWorkBlock@78b906d:29
33,0
35,312
49,556
44,630
24,812
20,873
3,878
31,966
11,1054
28,1127
37,1202
22,1210
38,1290
32,1292
29,1296
47,1383
16,1470
13,1489
25,1532
27,1535
15,1542
43,1542
9,1616
36,1620
17,1625
42,1628
23,1865
50,1874
8,1881
48,1897
7,1961
40,2052
34,2196
10,2212
12,2215
30,2290
2,2303
21,2528
14,2550
18,2550
41,2625
46,2861
4,2900
39,2948
19,3192
1,3257
26,3355
45,3528
6,3886
5,4290

simblock.block.ProofOfWorkBlock@1fd2f96d:29
22,0
7,237
16,440
37,472
17,643
14,675
10,680
41,707
4,847
45,877
34,884
30,889
12,910
46,956
15,1048
18,1078
29,1086
8,1091
19,1112
23,1250
13,1281
43,1288
31,1288
50,1292
35,1437
25,1453
33,1458
40,1591
44,1601
24,1602
11,1627
21,1655
48,1735
39,1933
28,1942
3,1948
36,1970
32,2267
27,2284
1,2390
47,2602
49,2916
38,3231
20,3548
9,3874
2,4309
26,4737
5,5171
42,5613
6,6055

simblock.block.ProofOfWorkBlock@2d198533:30
12,0
4,240
25,443
22,479
8,644
43,677
30,682
17,845
46,882
29,891
50,911
35,999
21,1048
18,1085
10,1090
19,1093
32,1261
41,1262
45,1293
31,1314
28,1449
33,1458
23,1465
15,1499
44,1580
20,1635
14,1667
7,1700
37,1870
24,1895
9,1949
3,2020
13,2072
40,2382
27,2391
2,2449
49,2705
16,2764
11,3022
38,3080
47,3358
26,3508
36,3673
48,4130
42,4558
5,5000
1,5451
6,5898
39,6386
34,6588

simblock.block.ProofOfWorkBlock@42985121:31
33,0
11,320
35,562
28,636
32,800
44,873
20,911
38,959
27,1045
3,1114
31,1193
4,1243
9,1280
24,1284
47,1357
29,1399
39,1428
22,1501
49,1521
25,1576
36,1598
43,1629
16,1718
13,1729
42,1833
23,1853
48,1905
8,1907
12,1937
7,2059
21,2191
37,2239
26,2246
17,2273
2,2316
30,2398
34,2521
15,2604
1,2604
14,2729
46,2854
41,2938
45,3184
50,3267
19,3514
18,3606
6,3872
10,3939
5,4277
40,4345

simblock.block.ProofOfWorkBlock@62ccf42c:31
10,0
29,235
41,438
19,471
15,657
43,672
18,673
34,740
16,858
37,877
45,880
22,895
7,914
4,973
49,1054
17,1060
30,1080
13,1102
27,1248
25,1261
46,1286
33,1383
32,1437
14,1471
23,1487
28,1639
50,1676
12,1689
40,1875
8,1884
21,1891
39,1966
38,2200
20,2206
6,2318
35,2523
24,2526
44,2837
36,2841
31,3157
9,3158
3,3473
47,3788
11,4111
48,4558
42,4991
5,5419
2,5851
26,6284
1,6728

simblock.block.ProofOfWorkBlock@3e095ba6:31
24,0
32,322
33,560
49,797
28,1041
3,1284
41,1617
15,1946
34,2277
18,2609
45,2938
30,3268
19,3604
1,3995
42,4399

simblock.block.ProofOfWorkBlock@55fee98a:32
15,0
41,235
25,437
18,483
14,643
7,673
13,688
19,719
30,848
45,874
37,898
17,920
29,951
10,1050
34,1090
21,1101
50,1123
4,1152
46,1257
47,1259
43,1294
12,1303
33,1313
23,1505
28,1509
16,1555
5,1559
48,1576
35,1621
8,1708
22,1756
40,1987
6,2021
44,2025
42,2051
27,2073
36,2342
49,2400
2,2479
31,2656
38,2715
1,2935
9,2976
11,3036
3,3294
24,3365
39,3420
20,3612
26,4043

simblock.block.ProofOfWorkBlock@5c7df5f1:33
46,0
23,238
34,463
12,473
21,669
30,675
17,698
13,726
8,870
22,889
19,904
7,906
10,935
29,963
36,1056
45,1081
4,1107
43,1110
32,1249
44,1266
28,1280
41,1284
38,1308
37,1312
16,1319
49,1370
25,1486
14,1523
3,1570
31,1629
15,1698
48,1823
47,1849
18,1901
9,1943
50,2107
24,2264
26,2276
39,2337
33,2427
5,2711
1,2717
20,2749
27,3073
42,3145
11,3391
35,3709
2,4137
40,4573
6,5020

simblock.block.ProofOfWorkBlock@70382eb1:34
37,0
43,237
41,441
8,477
12,643
21,677
25,681
17,713
4,844
30,878
23,888
22,911
14,915
7,1052
13,1081
50,1089
49,1231
19,1253
33,1261
15,1284
45,1292
28,1299
34,1462
10,1486
29,1497
42,1559
2,1608
48,1680
18,1688
16,1698
3,1781
46,1889
38,2015
27,2100
20,2203
35,2414
40,2442
9,2520
47,2736
32,2844
1,2886
36,3058
11,3159
31,3478
5,3486
24,3797
26,3914
44,4114
6,4357
39,4848

simblock.block.ProofOfWorkBlock@c1dcdb9:33
6,0
26,579
33,1119
36,1659
32,2201
47,2744
22,3386
12,4028
4,4672
23,5338
50,5979
14,6622
46,7264
34,7908
37,8553
29,9202
13,9852
18,10494
45,11139

simblock.block.ProofOfWorkBlock@5fa842b5:35
45,0
25,244
8,447
34,480
43,655
19,683
22,687
4,721
30,864
10,893
41,894
50,922
18,925
46,1066
15,1095
17,1097
37,1124
38,1237
32,1259
23,1268
12,1299
16,1326
27,1412
29,1473
28,1500
21,1500
5,1619
31,1642
13,1676
14,1705
48,1858
7,1878
35,2024
26,2074
3,2205
40,2301
2,2462
9,2530
36,2847
39,2965
20,3172
49,3487
24,3805
11,4127
33,4444
47,4759
44,5081
42,5508
1,5950
6,6394

simblock.block.ProofOfWorkBlock@d19c280:36
49,0
33,321
3,569
11,652
35,814
32,896
28,972
20,1055
17,1165
44,1223
34,1227
24,1295
38,1300
4,1429
36,1468
10,1498
13,1512
27,1537
31,1540
46,1563
9,1616
47,1706
1,1789
37,1832
48,1861
8,1871
23,1892
42,1917
43,1945
40,2111
29,2167
18,2201
6,2248
25,2498
15,2541
5,2653
41,2828
12,2873
30,3166
45,3208
16,3497
50,3538
7,3845
21,3878
19,4210
2,4249
14,4540
22,4874
39,5269

simblock.block.ProofOfWorkBlock@12e75177:37
40,0
5,536
11,990
26,1060
28,1310
2,1400
27,1442
6,1516
36,1547
24,1642
47,1790
3,1858
1,1875
8,1931
38,1976
44,2027
42,2216
19,2246
9,2303
20,2309
50,2361
29,2420
49,2427
31,2550
45,2693
13,2708
35,2759
16,2919
14,2929
41,3023
25,3198
32,3209
15,3354
34,3419
23,3422
33,3658
18,3685
7,3909
43,3910
17,4016
39,4108
21,4403
46,4403
10,4596
4,4894
12,5089
48,5475
22,5580
30,6068
37,6557

simblock.block.ProofOfWorkBlock@5a947fd5:38
40,0
5,2524
11,2978
36,3293
27,3432
44,3532
26,3600
49,3764
47,3771
31,3859
13,3888
46,3922
2,3946
28,4026
21,4095
24,4098
25,4135
7,4196
16,4223
50,4357
35,4405
23,4428
38,4468
1,4474
42,4481
19,4526
6,4581
17,4688
9,4715
39,4855
43,4920
34,4958
15,5020
32,5307
18,5353
29,5411
41,5686
3,5757
4,5908
45,6029
20,6210
8,6407
33,6664
14,6912
48,7489

simblock.block.ProofOfWorkBlock@5a050bf9:39
16,0
10,236
29,441
50,491
7,642
45,681
17,697
21,729
22,844
37,885
19,885
25,902
30,920
46,932
12,943
13,1071
14,1107
18,1134
4,1147
32,1199
20,1267
23,1279
31,1308
8,1312
49,1449
27,1471
34,1480
41,1522
33,1611
40,1628
15,1686
28,1766
39,1817
47,1842
43,1888
24,1929
6,2076
11,2157
3,2205
9,2472
36,2519
38,2802
48,2973
44,3120
26,3405
35,3447
5,3876
42,4303
2,4731
1,5176

simblock.block.ProofOfWorkBlock@41cd09da:40
6,0
26,583
5,1113
47,1131
11,1448
2,1454
40,1638
33,1672
19,1780
44,1911
42,1982
8,2033
27,2044
15,2044
20,2090
43,2117
36,2215
24,2296
39,2364
31,2387
25,2471
1,2481
35,2543
9,2629
32,2756
38,2826
3,2995
28,3282
12,3399
49,3746
22,4057
10,4237
29,4706
7,4727
17,5221
13,5350
30,5712
37,5991
16,6203
23,6647
41,6692
21,7201
34,7290
48,7792
50,7937
18,8586
46,9230
14,9873
4,10529
45,11170

simblock.block.ProofOfWorkBlock@3ae62c8a:40
41,0
10,237
30,439
46,643
12,851
25,883
13,1067
45,1089
8,1268
34,1296
43,1330
18,1472
50,1506
17,1529
29,1537
37,1679
4,1731
14,1740
7,1745
35,1831
21,1882
16,1936
22,1980
47,2061
15,2084
28,2090
19,2140
33,2146
23,2288
38,2318
48,2388
49,2389
27,2463
3,2602
5,2654
42,2819
2,2893
32,2921
36,3244
1,3264
40,3326
20,3568
6,3770
44,3884
9,4199
31,4516
24,4861
11,5180
26,5623

simblock.block.ProofOfWorkBlock@6bafbab8:41
30,0
41,235
4,437
13,474
17,639
34,680
10,683
25,711
23,844
50,877
22,881
8,884
19,921
29,923
43,970
14,988
15,1049
12,1085
7,1127
35,1202
28,1225
21,1253
46,1287
33,1290
16,1329
45,1456
49,1464
37,1489
27,1542
40,1632
38,1644
18,1690
47,1773
1,1989
11,2007
42,2064
24,2087
48,2091
31,2325
3,2401
6,2520
2,2520
9,2661
44,2716
20,2980
39,3004
32,3031
36,3345
26,3785
5,4216

simblock.block.ProofOfWorkBlock@63884640:42
37,0
19,242
34,468
8,481
43,669
29,684
13,718
16,735
41,875
50,886
10,920
46,942
15,977
14,1090
12,1091
30,1119
45,1121
25,1146
22,1179
38,1254
18,1295
7,1300
23,1358
11,1466
28,1475
4,1505
40,1550
21,1560
2,1605
33,1612
17,1761
3,1822
24,1939
9,2077
47,2137
31,2259
36,2453
1,2521
20,2592
35,2771
49,2910
27,3094
44,3230
26,3522
32,3560
5,3951
48,4007
6,4398
42,4442
39,4893

simblock.block.ProofOfWorkBlock@c2972ad:43
31,0
38,314
44,561
28,630
20,877
9,882
34,891
24,958
11,1115
23,1127
32,1195
13,1215
21,1233
33,1275
46,1330
35,1353
49,1437
47,1442
18,1480
25,1531
14,1545
4,1567
27,1595
3,1675
30,1682
36,1691
12,1735
8,1814
10,1876
41,1900
37,1936
50,2013
5,2079
40,2096
16,2139
1,2171
15,2206
19,2231
17,2345
43,2540
6,2583
45,2674
22,2870
29,3020
48,3274
7,3349
39,3670
26,4075
2,4479
42,4891

simblock.block.ProofOfWorkBlock@49290bfb:44
21,0
17,235
4,438
10,474
30,640
13,695
14,709
28,811
22,843
45,885
37,905
16,911
19,950
25,1047
15,1114
43,1120
36,1130
9,1224
24,1225
34,1248
29,1324
47,1444
7,1449
35,1541
38,1639
41,1651
11,1765
50,1852
5,1969
12,2054
48,2085
20,2089
18,2256
40,2407
8,2458
2,2517
46,2669
6,2851
23,2870
1,2960
31,3185
44,3501
33,3819
3,4138
27,4464
49,4780
32,5097
26,5527
42,5960
39,6447

simblock.block.ProofOfWorkBlock@43040840:45
3,0
24,313
11,556
33,643
49,796
36,871
32,883
27,961
20,1037
44,1112
28,1127
35,1204
47,1353
41,1374
22,1394
31,1428
15,1457
38,1463
13,1492
43,1560
6,1561
46,1683
25,1703
8,1731
18,1789
4,1821
9,1952
23,2014
10,2035
14,2061
19,2118
48,2237
12,2352
21,2366
34,2452
39,2457
45,2698
40,2766
1,2822
26,2866
17,3028
42,3230
30,3358
29,3688
16,4018
7,4347
50,4677
37,5008
5,5412
2,5819

simblock.block.ProofOfWorkBlock@109efb2f:45
7,0
45,241
14,453
16,656
13,858
21,1071
22,1273
37,1475
18,1694
25,1897
17,2098
44,2420
3,2744
47,3062
32,3386
2,3815
26,4246

simblock.block.ProofOfWorkBlock@a89f8b7:46
33,0
32,328
49,575
20,651
27,816
3,913
28,971
29,982
11,1063
44,1209
16,1219
12,1245
38,1297
24,1309
15,1313
47,1383
43,1416
10,1424
25,1511
31,1528
4,1541
35,1554
50,1575
9,1617
36,1625
14,1643
37,1757
45,1885
22,1907
48,1953
41,1975
40,2162
46,2216
8,2241
17,2309
2,2363
19,2549
39,2636
13,2642
34,2889
30,2975
26,3044
21,3225
7,3306
23,3556
18,3638
6,3915
1,4001
5,4320
42,4404

simblock.block.ProofOfWorkBlock@3951efe0:47
43,0
29,241
16,442
13,477
23,653
10,679
7,681
4,715
50,858
19,881
15,886
18,895
41,920
17,927
45,1060
34,1087
21,1097
12,1122
3,1197
25,1261
9,1262
22,1290
14,1304
31,1305
20,1438
49,1442
24,1460
8,1462
30,1505
32,1512
36,1607
37,1663
46,1713
28,1757
44,1831
39,1926
27,1980
35,2030
48,2055
2,2259
47,2300
33,2363
26,2486
38,2634
11,2677
6,2708
40,3079
42,3111
1,3537
5,3538

simblock.block.ProofOfWorkBlock@4adc3ae6:48
15,0
14,243
41,447
50,479
46,649
23,681
37,685
43,719
10,850
8,883
21,888
45,893
34,920
4,925
29,953
30,1052
7,1084
18,1102
17,1136
33,1228
16,1257
12,1287
13,1306
47,1458
25,1459
19,1491
35,1550
42,1614
3,1641
22,1664
1,1691
39,1771
28,1776
36,1811
31,1955
27,1989
48,2257
44,2271
24,2308
20,2592
11,2623
26,2685
9,2916
32,2937
2,3115
49,3256
5,3546
38,3603
40,3975
6,4418

simblock.block.ProofOfWorkBlock@7b07a20c:49
11,0
3,322
33,570
24,635
44,808
49,877
27,887
28,1049
35,1124
20,1130
31,1155
36,1287
1,1320
32,1361
38,1404
16,1462
22,1482
47,1541
26,1636
19,1708
4,1719
42,1724
9,1727
37,1792
8,1811
39,1847
23,1883
13,1898
34,2038
30,2125
43,2150
41,2215
48,2309
6,2397
25,2455
14,2481
17,2570
7,2784
50,2904
29,3117
12,3242
21,3455
46,3580
2,3862
10,3909
15,4251
18,4585
45,4922
40,5328
5,5732

simblock.block.ProofOfWorkBlock@3f021b49:49
49,0
20,315
33,566
32,634
3,815
44,871
35,1054
28,1110
7,1226
24,1293
41,1439
16,1464
27,1534
30,1556
37,1666
10,1684
4,1779
12,1865
25,1868
23,1890
29,1896
17,2109
34,2119
43,2140
47,2188
22,2198
11,2207
6,2255
38,2261
13,2438
14,2531
9,2540
1,2611
46,2771
40,2828
31,2856
21,2869
36,3173
48,3177
19,3202
18,3537
5,3582
50,3872
42,3989
15,4207
2,4392
8,4539
45,4870
39,5265
26,5674

simblock.block.ProofOfWorkBlock@49be17f6:50
23,0
41,238
8,443
13,481
22,649
17,683
15,701
7,721
16,855
29,884
37,903
50,920
4,929
25,1059
19,1094
10,1105
38,1246
34,1263
28,1274
27,1408
32,1420
18,1465
14,1670
2,1675
1,1720
49,1732
44,1738
12,1871
43,2073
20,2080
48,2181
30,2276
24,2409
46,2478
39,2667
45,2715
9,2729
21,2922
31,3050
11,3242
36,3365
33,3561
3,3681
47,3875
35,4194
5,4627
26,5488
6,6381

simblock.block.ProofOfWorkBlock@572d2320:51
37,0
7,251
4,462
25,488
34,665
21,692
46,728
30,737
41,874
18,898
50,920
15,930
31,1060
43,1079
22,1099
8,1133
24,1249
19,1284
49,1300
14,1304
11,1312
29,1321
10,1334
20,1376
12,1490
28,1505
45,1506
38,1523
23,1542
33,1563
9,1705
17,1714
47,1804
48,1811
13,1915
1,1987
16,2119
3,2120
42,2139
35,2439
44,2446
40,2566
27,2756
32,2760
36,3070
2,3194
26,3505
5,3936
6,4391
39,4880

simblock.block.ProofOfWorkBlock@677848aa:52
22,0
7,239
16,451
37,489
23,661
10,688
13,693
12,727
4,867
34,890
46,897
14,900
50,924
41,935
25,1070
43,1092
30,1098
18,1103
19,1136
15,1274
8,1299
29,1305
45,1312
35,1450
31,1457
24,1466
17,1478
28,1521
11,1621
44,1635
1,1654
21,1681
48,1752
33,1936
39,1954
32,1955
49,1995
3,2271
47,2322
40,2372
38,2639
36,2961
9,3280
20,3605
27,3921
26,4350
2,4782
42,5220
5,5648
6,6092

simblock.block.ProofOfWorkBlock@6c540ca5:53
25,0
22,235
17,473
7,657
4,682
18,710
16,885
10,890
37,904
50,912
41,949
43,1091
30,1117
19,1151
29,1169
49,1199
31,1267
23,1293
44,1444
24,1471
8,1494
33,1526
47,1531
21,1704
40,1708
11,1758
36,1854
13,1913
48,1918
32,2072
15,2115
27,2168
14,2319
28,2386
20,2491
45,2520
34,2731
38,2812
46,2934
12,3136
5,3242
35,3460
26,3669
3,3775
9,4091
6,4111
2,4520
42,4948
1,5395
39,5884

simblock.block.ProofOfWorkBlock@14096a2f:53
28,0
11,317
38,560
36,640
24,825
9,877
33,880
20,1066
31,1120
3,1121
32,1157
35,1195
4,1232
47,1370
17,1398
49,1405
27,1434
22,1450
25,1475
30,1561
44,1613
29,1715
50,1731
19,1735
21,1766
13,1802
8,1810
16,1893
46,1943
7,2046
34,2071
39,2129
14,2139
37,2225
23,2272
1,2430
43,2469
26,2532
6,2595
10,2606
48,2877
42,2939
12,2940
41,3278
2,3285
15,3618
45,3953
18,4293
40,4708
5,5111

simblock.block.ProofOfWorkBlock@5dfb30e0:54
40,0
5,522
11,991
2,1051
36,1317
26,1388
27,1442
1,1494
47,1554
49,1755
44,1793
6,1828
42,1838
33,1845
16,1917
14,1931
28,2031
21,2085
31,2123
19,2160
38,2287
3,2308
24,2350
18,2365
34,2367
23,2421
50,2703
39,2758
13,2776
9,2891
4,2912
41,3046
20,3221
25,3266
17,3379
43,3401
35,3677
15,3719
7,3759
8,3902
45,4058
32,4139
29,4403
12,4627
46,4898
37,5117
48,5475
10,5609
30,6097
22,6594

simblock.block.ProofOfWorkBlock@6e658b67:55
23,0
46,235
30,440
50,480
41,642
4,676
15,682
19,719
14,845
37,881
17,888
10,921
29,962
20,997
16,1046
13,1087
7,1095
3,1207
49,1250
43,1260
38,1292
27,1311
31,1403
8,1462
36,1530
28,1570
48,1641
21,1665
9,1718
2,1746
24,1848
1,1852
25,1881
39,1971
45,2085
44,2164
32,2479
34,2491
12,2694
18,2901
47,3220
11,3536
42,4622
40,5058
26,5487

simblock.block.ProofOfWorkBlock@3c0790ed:56
17,0
22,249
7,457
25,493
21,661
23,695
37,700
46,737
8,865
16,899
45,903
41,912
19,936
43,942
50,1093
15,1101
13,1104
29,1105
31,1238
35,1256
30,1299
14,1305
49,1417
24,1487
10,1519
33,1555
12,1720
38,1737
39,1742
48,1794
18,1922
9,2058
34,2138
4,2339
5,2491
44,2658
42,2921
32,2974
20,3292
6,3376
47,3613
11,3928
36,4253
28,4570
3,4885
40,4982
27,5200
26,5629
2,6060
1,6505

simblock.block.ProofOfWorkBlock@2612a922:57
47,0
11,323
36,566
28,662
23,899
33,905
20,982
3,1144
21,1149
16,1159
49,1223
38,1223
22,1237
34,1362
44,1381
29,1442
27,1463
24,1479
14,1492
9,1544
8,1564
30,1572
35,1714
41,1716
25,1766
31,1786
2,1812
39,1878
12,1901
32,1951
46,2049
45,2232
42,2284
18,2381
37,2563
15,2718
10,2892
5,3126
50,3228
40,3531
19,3558
17,3888
43,4218
4,4548
13,4877
7,5221
6,5578
1,5938
48,6342
26,6746

simblock.block.ProofOfWorkBlock@54ddd4bd:57
8,0
46,238
12,439
18,474
41,640
15,680
4,680
7,708
25,843
34,884
37,885
30,896
16,920
22,925
13,1056
32,1060
50,1085
36,1209
44,1218
38,1260
29,1262
24,1375
33,1407
21,1464
3,1536
47,1543
45,1673
11,1725
31,1856
17,1877
42,1971
20,2040
23,2078
19,2281
26,2288
5,2402
2,2471
10,2485
43,2686
1,2845
14,2902
6,2915
28,3159
49,3219
9,3536
27,3852
35,4166
48,4618
40,5051
39,5540

simblock.block.ProofOfWorkBlock@51cd3b50:57
50,0
46,233
10,436
18,639
8,670
43,846
41,872
17,1056
29,1075
45,1083
21,1257
16,1278
12,1295
23,1305
13,1319
14,1460
25,1481
4,1498
37,1616
34,1662
33,1675
15,1684
22,1704
19,1869
30,1906
27,1953
35,2001
24,2003
7,2117
49,2184
9,2320
40,2380
32,2437
31,2473
44,2500
38,2635
20,2751
47,2820
36,3069
48,3082
28,3147
11,3475
42,3528
3,3790
5,3958
6,4257
2,4392
26,4820
1,5263

simblock.block.ProofOfWorkBlock@7d8dcdb3:58
4,0
37,238
30,457
19,471
12,662
43,678
23,696
18,713
17,866
7,879
15,899
25,909
14,919
16,933
46,937
13,1070
41,1082
45,1100
10,1126
29,1132
11,1244
22,1271
38,1272
50,1334
27,1397
24,1414
28,1446
34,1495
8,1544
1,1688
3,1713
21,1716
32,1736
33,1859
2,1880
20,2032
44,2054
26,2143
49,2174
47,2349
48,2627
39,2639
35,2666
9,2981
36,3302
31,3620
40,4054
42,4488
5,4916
6,5361

simblock.block.ProofOfWorkBlock@683f364:59
1,0
2,586
39,1101
42,1115
5,1454
9,1645
26,1803
40,2019
28,2035
23,2088
35,2186
6,2245
41,2257
38,2263
33,2470
15,2498
31,2582
49,2583
19,2584
50,2637
44,2696
3,2714
27,2731
11,2927
21,3079
36,3147
20,3165
37,3239
32,3274
30,3416
4,3574
16,3635
14,3669
47,3816
8,3885
22,4159
24,4359
7,4648
25,5003
46,5138
13,5630
10,5646
29,6121
18,6294
12,6939
45,7581
17,8227
34,8872
43,9517
48,10209

simblock.block.ProofOfWorkBlock@4604790f:60
27,0
49,318
33,559
24,635
3,877
32,882
8,895
28,953
20,1116
11,1127
29,1134
43,1232
38,1273
41,1283
10,1338
35,1359
44,1452
23,1459
7,1486
25,1544
46,1565
31,1611
30,1619
50,1690
36,1693
4,1704
13,1756
34,1793
16,1816
14,1897
47,1933
18,2022
42,2039
9,2076
6,2152
2,2222
15,2226
19,2353
48,2534
17,2556
5,2560
45,2684
37,2891
39,3084
12,3223
26,3490
21,3565
22,3894
1,4256
40,4660

simblock.block.ProofOfWorkBlock@418ceffa:61
41,0
18,233
37,435
7,473
10,641
4,675
50,684
25,710
46,844
43,876
17,886
29,893
14,918
21,1048
19,1116
34,1116
16,1119
38,1237
23,1249
28,1272
45,1330
33,1424
27,1431
49,1440
15,1451
22,1531
40,1608
42,1668
30,1677
47,1751
35,1757
8,1879
2,1958
13,2081
5,2184
48,2203
12,2291
3,2619
1,2649
39,2673
44,2940
6,3092
36,3268
24,3585
20,3901
9,4219
32,4535
31,4852
11,5178
26,5615

simblock.block.ProofOfWorkBlock@4a46d7bd:62
48,0
47,1255
11,1589
4,1918
36,2137
34,2157
45,2252
21,2373
46,2393
29,2496
17,2586
25,2596
15,2633
9,2689
41,2835
44,2840
33,2910
50,2925
31,3004
20,3015
32,3080
27,3154
49,3160
28,3173
24,3230
23,3256
35,3318
3,3476
2,3581
37,3587
42,3748
38,3885
43,3918
7,4258
22,4589
18,4802
30,4925
6,5282
14,5721
16,6638
13,7559
19,8473
12,9388
8,10301
10,11223
1,12227
26,13241
40,14256
5,15274

simblock.block.ProofOfWorkBlock@6796beb2:62
11,0
44,317
47,561
20,643
36,811
31,890
49,977
33,1049
35,1128
38,1209
32,1219
3,1292
24,1301
16,1403
21,1461
28,1532
27,1539
34,1542
9,1561
13,1562
25,1721
14,1735
7,1801
41,1863
8,1883
22,1892
43,1895
37,2072
1,2082
29,2137
17,2206
4,2234
39,2284
6,2429
30,2474
46,2536
48,2642
19,2803
15,2866
2,3055
23,3202
26,3207
42,3462
45,3533
10,3863
50,4197
12,4533
18,4870
5,5273
40,5679

simblock.block.ProofOfWorkBlock@a13d8f2:62
26,0
6,442
2,780
5,1135
1,1229
33,1314
38,1587
42,1587
40,1666
32,1865
20,2036
44,2039
27,2086
35,2117
3,2491
47,2499
46,2507
11,2571
19,2573
9,2626
8,2664
49,2950
25,2981
12,3148
24,3184
28,3401
45,3803
43,3827
39,3855
36,4311
4,4458
16,4812
13,5100
7,5302
50,5742
21,5791
34,6280
18,6383
30,6774
29,7031
14,7266
41,7759
37,8254
23,8756
22,9249
10,9740
17,10229
48,10806

simblock.block.ProofOfWorkBlock@49419096:63
21,0
22,246
30,448
15,480
12,649
16,682
45,700
14,720
50,854
37,888
10,922
13,923
19,995
36,1000
7,1057
24,1060
43,1125
11,1238
18,1263
9,1322
29,1345
28,1431
41,1465
35,1472
48,1574
20,1637
40,1648
25,1672
23,1874
38,1963
1,2020
34,2075
47,2279
8,2289
4,2490
46,2691
2,2710
17,2893
5,3139
3,3210
49,3526
6,3600
32,3849
31,4171
27,4486
44,4803
33,5117
42,5549
26,5990
39,6480

simblock.block.ProofOfWorkBlock@5e0d57cb:64
36,0
47,321
11,575
44,888
17,904
23,910
3,1134
8,1141
25,1146
35,1208
22,1238
7,1242
21,1346
33,1376
31,1447
49,1468
34,1552
45,1571
10,1589
28,1616
20,1690
24,1709
9,1723
42,1828
38,1834
32,1870
13,1908
50,1918
46,1952
29,2019
27,2193
18,2238
39,2245
43,2260
15,2284
37,2578
19,2589
2,2624
40,2688
4,2911
1,2945
5,3093
16,3242
14,3574
41,3918
30,4247
12,4580
6,4950
48,5359
26,5764

simblock.block.ProofOfWorkBlock@6a24b6e1:64
33,0
24,319
11,565
28,636
49,804
3,879
20,966
35,1043
38,1215
18,1219
27,1285
44,1290
22,1402
7,1486
32,1532
31,1545
17,1548
15,1564
4,1633
14,1733
9,1791
36,1801
19,1872
50,1888
37,1895
30,1895
13,1973
25,2017
12,2071
10,2133
46,2202
47,2214
41,2230
39,2282
40,2301
48,2379
8,2421
43,2471
45,2547
1,2590
26,2700
2,2786
34,2876
42,2998
23,3208
21,3541
16,3776
6,3901
5,4310
29,5059

simblock.block.ProofOfWorkBlock@6aa35046:64
34,0
46,242
50,443
18,476
19,654
43,682
15,683
45,886
10,887
37,890
29,892
22,924
41,1089
14,1091
21,1094
30,1127
7,1130
32,1242
38,1260
8,1294
16,1297
13,1328
49,1407
36,1478
12,1500
20,1614
48,1696
17,1706
47,1723
5,1908
23,1909
27,1929
44,2057
25,2110
42,2124
11,2247
4,2313
3,2388
39,2396
31,2631
2,2678
28,2710
35,2947
40,3107
33,3268
9,3589
24,3904
26,4337
6,4798
1,5245

simblock.block.ProofOfWorkBlock@70b51448:65
40,0
5,538
27,987
2,1074
49,1301
26,1413
11,1441
42,1601
24,1620
15,1648
28,1756
20,1869
6,1870
8,1930
45,1961
17,1984
36,1997
38,2055
44,2238
18,2299
21,2315
32,2324
31,2382
34,2392
29,2420
47,2480
9,2514
25,2551
50,2629
1,2674
35,2773
41,2811
16,2884
4,2926
19,2971
13,3040
33,3225
14,3416
7,3529
39,3678
46,3907
3,4133
23,4396
10,4623
43,4886
30,5113
48,5465
12,5604
22,6095
37,6590

simblock.block.ProofOfWorkBlock@2b57c338:66
21,0
7,234
23,435
37,469
8,638
14,671
43,680
19,705
34,839
29,882
45,885
15,909
35,1010
41,1042
36,1048
10,1086
13,1087
50,1246
38,1251
16,1288
20,1298
11,1327
9,1415
17,1453
28,1580
47,1608
24,1616
12,1655
1,1662
5,1764
46,1858
48,1865
2,2035
18,2075
40,2192
22,2281
4,2484
6,2637
30,2685
25,2889
33,3204
49,3518
3,3833
32,4154
31,4469
44,4783
27,5097
42,5534
26,5961
39,6450

simblock.block.ProofOfWorkBlock@1dd75a4b:66
42,0
2,574
20,1024
24,1476
32,1929
28,2379
38,2829
25,3327
21,3817
12,4312
22,4804
4,5300
45,5818
10,6306
19,6799
23,7292

simblock.block.ProofOfWorkBlock@2c91fd93:67
29,0
45,236
43,439
46,485
19,640
50,680
7,693
34,723
8,841
37,881
14,897
30,900
41,924
17,948
12,961
22,962
10,1043
23,1105
15,1131
4,1163
27,1195
31,1220
16,1245
28,1275
25,1307
18,1349
13,1457
38,1521
21,1553
26,1613
11,1635
48,1672
32,1774
5,1798
35,1870
39,1938
20,1951
3,2090
33,2268
44,2405
49,2583
2,2833
36,2902
9,3218
40,3262
24,3532
6,3705
47,3848
42,4287
1,4734

simblock.block.ProofOfWorkBlock@69b20591:68
33,0
24,318
32,556
28,632
35,798
3,870
20,898
38,961
49,1038
44,1113
15,1202
13,1233
11,1277
9,1279
50,1299
37,1443
16,1460
27,1514
31,1517
22,1533
30,1540
7,1565
47,1598
12,1655
39,1697
4,1775
36,1838
21,1844
43,1849
2,1871
41,1886
14,1895
48,1948
26,2108
10,2113
46,2175
17,2225
18,2228
40,2244
25,2447
23,2505
29,2560
1,2595
8,2776
34,2849
42,3002
19,3181
45,3518
6,3878
5,4294

simblock.block.ProofOfWorkBlock@436e26ab:68
48,0
47,1252
20,2125
38,2996
36,3868
18,4791
13,5705
19,6620
14,7544
12,8458
16,9371
10,10286
8,11201
1,12192
5,13210
26,14221
40,15248

simblock.block.ProofOfWorkBlock@236d02ac:69
32,0
20,1924
33,2165
35,2242
24,2405
28,2480
44,2720
19,2748
38,2816
10,2834
49,2958
31,3049
14,3087
9,3134
50,3146
25,3166
3,3207
47,3331
29,3417
43,3467
37,3496
4,3542
39,3545
12,3550
36,3651
27,3671
7,3752
8,3828
16,3833
45,3883
11,3914
26,3954
21,4084
34,4245
41,4413
40,4472
46,4546
23,4575
13,4758
48,4958
15,5092
2,5366
30,6080
6,6437
1,6803
42,7617

simblock.block.ProofOfWorkBlock@1015db31:69
34,0
17,235
37,437
10,476
21,640
41,673
8,678
14,726
12,841
43,874
18,900
13,914
45,921
15,929
25,1061
30,1107
29,1130
49,1249
50,1265
22,1309
5,1361
38,1449
4,1467
7,1511
40,1603
16,1670
11,1828
39,1846
46,1872
48,1904
19,2076
36,2148
23,2281
42,2332
27,2472
31,2597
47,2823
9,2922
28,3140
24,3238
20,3460
35,3563
44,3777
33,3882
32,4093
26,4330
3,4409
6,4775
2,4839
1,5238

simblock.block.ProofOfWorkBlock@588d8069:70
25,0
22,239
7,441
17,475
21,642
18,683
16,688
10,844
41,881
37,884
4,891
29,927
19,932
23,1046
32,1202
38,1208
33,1218
46,1250
24,1266
14,1452
44,1521
47,1523
31,1534
43,1654
48,1717
40,1818
36,1839
13,1856
12,2065
20,2155
15,2266
27,2471
8,2471
34,2675
49,2788
45,2878
35,3198
5,3232
3,3530
26,3663
50,3672
9,3847
30,3874
6,4106
11,4193
42,4275
28,4508
2,4713
1,5159
39,5649

simblock.block.ProofOfWorkBlock@315b5cc:71
45,0
46,239
7,442
18,474
29,659
21,679
17,682
19,717
8,862
41,883
22,887
10,904
12,919
25,1063
50,1085
14,1090
4,1120
28,1265
30,1275
34,1288
37,1296
48,1400
31,1436
38,1464
23,1481
15,1494
16,1501
13,1685
32,1817
35,1818
43,1887
5,1904
39,1922
27,2139
3,2206
26,2248
33,2526
2,2569
11,2846
40,3003
9,3171
36,3492
20,3806
47,4445
42,5512
6,5958

simblock.block.ProofOfWorkBlock@e91c86b:72
16,0
23,235
43,457
8,471
7,667
14,674
37,702
17,715
15,868
30,876
50,912
19,919
4,939
34,1071
46,1077
38,1229
9,1248
32,1248
13,1274
28,1293
41,1317
24,1462
10,1476
25,1524
31,1529
27,1553
49,1563
44,1576
20,1610
22,1684
45,1727
29,1891
18,1939
1,2005
2,2012
39,2054
21,2143
36,2206
33,2459
3,2520
47,2778
48,2966
12,2981
35,3296
26,3395
11,3612
40,4039
5,4469
6,4913
42,5340

simblock.block.ProofOfWorkBlock@9823397:71
20,0
28,321
35,572
44,811
3,1052
32,1299
49,1536
22,1871
19,2203
41,2533
46,2863
4,3195
13,3526
45,3855
17,4184
48,4587
2,4990
42,5394
5,5802

simblock.block.ProofOfWorkBlock@4286981c:71
42,0
2,520
32,970
20,1427
28,1885
24,2337
38,2794
10,3284
12,3779
23,4270
45,4759
19,5249
22,5742
4,6232
21,6724
25,7215

simblock.block.ProofOfWorkBlock@d08b73b:73
41,0
8,234
12,440
14,468
37,652
45,669
34,675
50,705
30,858
29,870
4,900
16,932
7,974
10,1060
19,1091
22,1138
47,1216
33,1250
46,1269
28,1287
38,1289
25,1343
18,1473
43,1545
5,1649
21,1675
2,1716
17,1746
13,1877
49,2070
15,2080
42,2083
23,2282
27,2387
1,2532
20,2606
35,2716
44,2932
6,2975
48,3162
24,3256
40,3589
31,3590
32,3904
39,4084
3,4219
36,4542
9,4858
11,5172
26,5602

simblock.block.ProofOfWorkBlock@5a510f79:74
47,0
11,314
36,554
33,630
44,868
7,883
27,943
3,1109
25,1128
14,1150
32,1180
31,1184
50,1214
28,1349
24,1421
20,1421
16,1479
38,1501
8,1543
45,1549
49,1658
41,1687
9,1717
29,1754
2,1810
12,1880
35,1897
46,2016
42,2146
17,2209
34,2229
18,2352
4,2543
21,2560
39,2634
15,2682
19,2885
5,3089
43,3221
40,3493
30,3554
13,3888
10,4217
22,4558
23,4892
37,5231
6,5598
1,5955
48,6361
26,6765

simblock.block.ProofOfWorkBlock@10be94e1:75
43,0
16,238
50,445
22,474
37,650
13,678
21,680
4,718
23,852
14,881
12,890
10,902
30,944
29,1055
9,1066
46,1083
41,1097
15,1108
25,1257
31,1260
32,1272
18,1284
34,1312
20,1402
35,1412
8,1459
19,1490
7,1513
24,1535
33,1576
45,1664
17,1694
36,1828
2,1832
39,1900
38,1979
44,2034
3,2143
5,2259
27,2296
49,2349
48,2613
47,2616
11,2664
42,2687
28,2978
26,3042
40,3047
6,3424
1,3492

simblock.block.ProofOfWorkBlock@4fa116d3:75
42,0
2,517
24,985
32,1441
38,1893
28,2345
20,2802
19,3291
4,3782
25,4275
45,4769
22,5258
21,5758
10,6249
23,6739
12,7238

simblock.block.ProofOfWorkBlock@1033e6f9:76
35,0
44,320
33,558
11,638
20,798
31,878
32,887
28,960
49,1039
27,1128
3,1203
38,1205
29,1210
25,1369
24,1374
13,1391
47,1447
16,1452
14,1481
9,1528
7,1544
43,1660
36,1685
37,1700
22,1720
6,1733
39,1745
21,1879
15,2014
46,2033
48,2128
45,2209
12,2348
10,2363
2,2533
50,2552
18,2696
40,2752
30,2889
42,2939
8,3036
41,3218
4,3371
17,3551
34,3707
26,3957
23,4036
19,4366
1,4742
5,5146

simblock.block.ProofOfWorkBlock@c2c9bb8:76
2,0
1,445
26,782
5,1124
39,1229
6,1239
42,1468
40,1651
36,1695
35,1770
38,1932
11,2102
44,2147
9,2324
3,2388
33,2556
28,2616
20,2843
27,2870
4,3048
49,3066
17,3340
32,3410
23,3563
29,3829
47,3951
21,4057
46,4321
24,4492
37,4546
22,4809
30,5035
12,5140
13,5300
41,5526
34,5787
7,5792
16,6017
25,6280
18,6430
10,6770
45,7074
14,7265
43,7722
48,8418

simblock.block.ProofOfWorkBlock@6e9129d4:77
39,0
1,746
49,1292
3,1620
28,1835
33,1863
11,1939
20,2103
36,2251
7,2275
38,2376
14,2435
46,2475
44,2491
2,2527
30,2606
42,2656
4,2712
19,2776
31,2810
23,2818
40,2903
5,2924
41,2951
9,3074
50,3106
6,3176
29,3301
22,3443
26,3485
32,3619
16,3634
15,3772
25,4135
35,4163
47,4705
8,4784
24,5246
21,5429
27,5788
12,6082
10,6436
37,6733
45,7082
13,7377
18,7726
43,8368
17,9019
34,9661
48,10355

simblock.block.ProofOfWorkBlock@5e2539ae:77
30,0
23,235
21,441
14,471
4,651
18,676
7,680
10,709
15,856
37,886
34,890
50,894
19,919
29,951
41,1058
13,1092
43,1092
49,1210
38,1238
45,1262
16,1295
9,1416
17,1464
12,1498
28,1504
31,1534
1,1662
48,1684
22,1700
20,1731
36,1780
27,1848
25,1902
3,2096
46,2103
2,2113
8,2305
39,2333
44,2411
35,2625
47,2725
33,2944
32,3051
11,3269
24,3368
42,3701
5,3806
40,4129
26,4236
6,4575

simblock.block.ProofOfWorkBlock@2fbbceb:78
38,0
28,323
9,573
11,636
31,814
24,875
33,952
20,1113
13,1144
45,1163
36,1190
32,1200
35,1272
29,1389
19,1416
3,1430
49,1444
50,1447
10,1476
4,1494
27,1512
7,1594
47,1668
21,1747
30,1775
17,1780
37,1793
16,1800
22,1808
41,1823
6,1871
44,1910
15,2139
18,2156
12,2240
43,2479
34,2494
46,2575
23,2905
48,3215
5,3309
1,3514
40,3724
2,4027
42,4843

simblock.block.ProofOfWorkBlock@154cefc5:79
20,0
3,313
32,553
11,625
28,792
24,862
33,879
49,1032
38,1123
27,1191
30,1193
14,1214
44,1279
34,1469
35,1519
25,1525
18,1563
39,1581
8,1641
22,1854
10,1865
15,1900
26,1985
13,2184
16,2203
6,2264
17,2514
7,2533
1,2620
36,2783
45,2843
29,2864
47,3022
19,3180
50,3200
23,3362
41,3513
21,3532
12,3697
46,3850
37,3863
31,3893
40,4103
9,4130
4,4189
43,4468
48,4598
2,5005
5,5418
42,5823

simblock.block.ProofOfWorkBlock@2730b7c6:80
22,0
23,264
4,466
46,504
17,674
13,705
45,707
50,747
15,878
37,909
30,909
10,916
29,953
19,985
25,1079
8,1110
31,1235
3,1247
7,1282
24,1291
34,1311
16,1488
12,1518
32,1566
48,1620
21,1692
14,1722
28,1880
41,1930
36,2010
39,2105
43,2149
44,2199
27,2328
18,2350
1,2642
9,2652
11,2665
49,2972
35,2981
38,3287
33,3306
20,3621
40,3735
47,3940
26,4370
2,4800
5,5231
42,5670

simblock.block.ProofOfWorkBlock@4c6554a7:81
49,0
24,315
33,557
28,631
3,797
32,871
11,876
38,955
20,1036
36,1192
41,1202
23,1208
27,1277
31,1280
17,1287
7,1388
47,1431
13,1476
9,1518
35,1523
46,1538
34,1543
4,1651
44,1671
29,1723
43,1853
14,1858
30,1885
6,1897
25,2059
40,2080
22,2192
1,2244
48,2275
5,2300
10,2404
8,2528
42,2650
16,2735
12,2858
37,3065
50,3192
2,3471
15,3526
19,3874
45,4207
21,4538
18,4867
26,5270
39,5679

simblock.block.ProofOfWorkBlock@565fd532:82
18,0
17,237
23,441
30,473
46,658
43,676
34,679
15,726
21,877
45,878
12,883
37,911
7,1080
16,1080
22,1086
29,1113
13,1116
31,1275
19,1281
14,1282
10,1288
38,1428
25,1487
50,1491
8,1491
41,1692
4,1695
33,1805
39,1961
49,2008
3,2011
40,2236
9,2323
44,2328
27,2642
24,2643
42,2667
28,2958
32,2958
5,3104
11,3274
20,3294
36,3589
47,3611
35,3905
26,4040
48,4353
2,4470
1,4800
6,5245

simblock.block.ProofOfWorkBlock@1f384329:83
35,0
33,324
49,561
24,639
20,799
32,878
3,885
28,958
44,1039
27,1119
22,1219
30,1294
38,1314
11,1358
31,1365
8,1369
17,1391
29,1469
16,1486
50,1552
41,1629
21,1688
43,1714
19,1719
13,1731
9,1793
7,1798
12,1885
45,2019
42,2033
34,2051
36,2117
40,2125
48,2139
14,2215
10,2383
6,2395
47,2445
15,2544
2,2549
4,2724
39,2940
25,3057
26,3344
46,3400
18,3734
37,4082
23,4420
1,4783
5,5188

simblock.block.ProofOfWorkBlock@1397ace9:84
15,0
14,240
16,441
23,478
41,643
34,679
50,679
45,716
25,846
37,881
7,884
29,887
4,915
21,919
22,1048
19,1085
43,1091
17,1117
18,1125
30,1250
9,1250
28,1272
8,1286
13,1297
46,1451
47,1453
12,1500
20,1566
3,1617
1,1641
10,1660
35,1768
36,1816
44,1886
39,1933
27,1974
33,2084
31,2200
48,2268
11,2288
42,2519
24,2602
40,2696
26,3123
2,3558
5,3988
6,4431

simblock.block.ProofOfWorkBlock@6668cff9:84
38,0
9,315
28,552
31,794
44,1116
10,1127
21,1445
15,1458
41,1774
22,1788
19,2108
43,2122
34,2440
13,2462
4,2771
14,2795
48,3217
39,3619
26,4028
2,4433
42,4837

simblock.block.ProofOfWorkBlock@1817acb:85
37,0
34,236
43,444
21,562
19,647
45,695
23,763
41,849
18,851
14,886
29,902
13,929
46,965
30,1053
7,1057
8,1105
15,1120
50,1167
20,1228
22,1256
4,1261
11,1273
10,1322
25,1372
38,1426
12,1465
28,1558
49,1573
17,1584
48,1674
36,1787
16,1799
40,1854
44,1890
33,2116
35,2117
32,2209
3,2431
24,2434
42,2639
47,2747
31,2751
9,3066
27,3068
26,3499
1,3509
2,3581
5,3936
6,4383
39,4880

simblock.block.ProofOfWorkBlock@764b492:86
21,0
17,235
46,437
10,472
34,641
45,679
16,710
20,816
12,847
15,880
37,881
14,912
13,927
23,1050
19,1089
29,1113
43,1128
28,1138
35,1200
22,1251
24,1407
38,1446
47,1452
25,1458
40,1631
7,1661
9,1766
36,1769
8,1867
30,2068
6,2073
11,2085
48,2213
4,2269
50,2479
2,2514
5,2642
41,2681
18,2885
1,2956
27,3202
3,3517
33,3843
31,4167
44,4485
32,4807
49,5130
42,5563
26,5995
39,6487

simblock.block.ProofOfWorkBlock@5602e9d7:87
18,0
19,239
23,442
34,478
17,653
37,679
30,708
4,724
46,856
14,881
10,893
16,914
15,950
13,975
7,1058
8,1087
45,1122
28,1234
41,1260
29,1302
12,1325
21,1462
38,1469
22,1527
27,1549
31,1620
50,1664
25,1731
39,1780
3,1864
43,1941
47,1942
11,1983
44,2259
2,2292
36,2302
26,2369
33,2577
9,2619
40,2796
20,2891
49,2938
5,3225
24,3254
42,3319
32,3569
35,3883
48,4331
1,4776
6,5223

simblock.block.ProofOfWorkBlock@173d1eca:88
29,0
43,238
16,441
50,479
13,656
7,676
23,682
46,713
10,871
34,882
41,897
37,903
30,916
21,926
8,1073
22,1089
12,1104
25,1108
17,1131
33,1258
19,1287
15,1291
4,1332
18,1333
27,1426
31,1461
9,1465
45,1489
14,1534
35,1573
36,1617
20,1650
47,1742
24,1779
44,1805
11,1852
42,2004
38,2063
48,2067
3,2123
39,2145
28,2170
5,2436
32,2438
49,2485
26,2507
1,2508
40,2869
2,3297
6,3749

simblock.block.ProofOfWorkBlock@1e0ef0f9:89
24,0
28,316
49,558
20,633
32,803
11,872
35,878
44,950
3,1043
27,1115
38,1137
47,1195
31,1266
13,1279
33,1295
29,1400
36,1435
12,1452
50,1467
37,1472
9,1476
4,1610
45,1635
16,1651
43,1719
7,1731
10,1772
14,1781
17,1799
25,1806
46,1943
19,1965
6,2087
23,2104
22,2113
39,2198
15,2296
48,2357
21,2445
40,2518
26,2604
30,2634
5,2761
8,2780
34,2964
2,3173
41,3299
18,3632
1,3989
42,4399

simblock.block.ProofOfWorkBlock@41f72d28:89
7,0
13,242
16,445
41,477
25,646
12,679
43,686
46,715
22,852
29,884
15,887
30,917
50,927
21,1056
34,1088
4,1101
35,1235
24,1236
17,1259
27,1265
10,1294
33,1297
8,1307
19,1330
49,1445
37,1470
23,1497
31,1558
36,1624
42,1662
18,1672
40,1696
5,1873
14,1876
11,1878
38,1942
45,2080
1,2108
9,2198
20,2260
44,2396
28,2529
48,2708
47,2714
3,3031
6,3151
32,3350
39,3648
2,3788
26,4216

simblock.block.ProofOfWorkBlock@2974d805:90
9,0
38,338
28,651
10,673
31,889
16,909
24,969
25,1003
50,1111
7,1160
11,1212
13,1222
21,1244
49,1284
17,1319
18,1338
23,1363
37,1398
46,1447
20,1459
19,1483
32,1524
29,1525
14,1554
27,1614
12,1650
4,1674
36,1684
33,1764
47,1840
43,1885
8,2005
40,2038
6,2072
30,2097
35,2154
15,2224
34,2336
44,2469
48,2632
45,2670
3,2799
22,3003
39,3032
5,3226
41,3337
26,3439
1,3694
2,3842
42,4254

simblock.block.ProofOfWorkBlock@8418a64:91
21,0
50,246
7,451
43,481
22,655
10,684
13,688
29,724
46,858
19,887
37,930
15,1048
18,1059
38,1074
14,1127
45,1136
35,1258
23,1260
16,1338
9,1363
28,1444
4,1464
24,1469
40,1502
30,1668
36,1679
48,1713
47,1759
2,1775
41,1869
1,1945
20,1996
11,2078
34,2081
17,2286
5,2425
8,2490
6,2532
25,2703
12,2920
32,3237
3,3551
33,3867
27,4187
49,4501
44,4819
31,5141

simblock.block.ProofOfWorkBlock@5f34eac6:92
40,0
5,528
11,987
2,1052
28,1307
26,1404
27,1451
1,1507
36,1549
24,1639
49,1774
47,1817
42,1844
6,1855
39,1872
8,1945
44,2059
21,2107
19,2237
38,2293
33,2326
31,2383
16,2387
9,2389
45,2391
46,2441
41,2721
20,2778
7,2796
34,2878
4,2930
50,3055
32,3251
25,3294
17,3388
43,3424
3,3703
15,3719
13,3783
23,3913
18,4053
35,4155
29,4411
30,4648
14,4913
10,5140
48,5501
37,5637
12,6129
22,6617

simblock.block.ProofOfWorkBlock@2d5bb8c7:93
31,0
38,323
44,562
9,639
35,881
28,882
34,895
11,1123
23,1145
49,1210
13,1211
24,1216
21,1225
8,1233
16,1346
20,1366
3,1446
33,1450
32,1534
27,1534
43,1546
37,1554
4,1560
25,1564
36,1695
29,1708
46,1759
5,1856
14,1880
18,1894
41,1900
47,1938
12,1961
17,2038
15,2222
19,2243
1,2251
40,2343
50,2371
6,2425
22,2552
45,2707
10,2884
30,3043
39,3282
7,3373
48,3686
2,4098
26,4508
42,4919

simblock.block.ProofOfWorkBlock@2486e227:94
15,0
10,235
41,440
17,481
25,642
23,675
29,685
7,724
22,847
12,879
43,879
50,892
34,926
19,942
16,1054
45,1082
13,1092
8,1096
4,1129
33,1255
14,1262
37,1294
9,1412
28,1447
30,1463
18,1496
46,1667
40,1685
21,1699
39,1734
35,1738
27,1984
31,2035
44,2054
6,2131
49,2308
20,2351
47,2369
24,2622
36,2666
3,2686
38,2958
48,3138
11,3272
5,3567
32,3591
42,3999
2,4438
26,4878
1,5321

simblock.block.ProofOfWorkBlock@145dfe02:95
26,0
6,439
2,776
5,1121
1,1225
33,1303
49,1575
42,1575
27,1626
40,1644
32,1844
24,1869
38,2025
20,2031
9,2083
35,2104
8,2169
19,2203
31,2352
3,2481
44,2485
45,2488
15,2512
11,2554
43,2724
28,2942
25,2970
50,3135
47,3405
18,3778
39,3856
36,4306
46,4422
37,4797
29,5064
34,5294
12,5706
17,5793
30,6283
13,6348
16,6782
4,6993
7,7271
14,7763
21,8259
41,9740

simblock.block.ProofOfWorkBlock@23c593f7:96
11,0
44,334
3,572
35,699
33,811
49,899
31,948
47,1049
32,1141
24,1147
20,1194
38,1276
4,1291
28,1301
27,1378
37,1481
22,1492
30,1524
36,1538
9,1596
34,1625
43,1636
6,1734
25,1814
14,1822
19,1855
23,1878
8,1958
13,1968
42,1974
16,2148
7,2192
45,2207
39,2218
1,2314
48,2377
29,2528
10,2539
2,2555
21,2860
46,2870
18,3200
26,3275
17,3534
15,3868
12,4208
50,4548
41,4878
5,5285
40,5690

simblock.block.ProofOfWorkBlock@5b57cd35:97
9,0
38,329
28,656
18,658
7,896
31,900
24,977
45,991
19,1099
16,1132
44,1222
29,1229
11,1233
43,1236
33,1294
46,1303
22,1321
37,1333
30,1431
20,1498
17,1505
3,1539
14,1572
27,1615
41,1652
47,1655
23,1715
12,1833
15,1901
50,1919
8,1984
21,2124
13,2235
40,2237
25,2315
36,2442
5,2642
48,2642
10,2644
32,2766
4,2977
39,3043
49,3090
34,3310
35,3405
42,3455
1,3676
6,3851
2,3862
26,4273

simblock.block.ProofOfWorkBlock@ced2e1e:97
23,0
21,239
43,441
4,478
22,644
29,681
50,683
13,736
18,845
37,883
7,885
15,886
10,925
12,1051
20,1060
17,1092
19,1127
38,1201
46,1260
28,1280
36,1401
3,1415
24,1474
45,1481
2,1586
48,1650
1,1652
8,1685
44,1733
9,1736
41,1894
27,2049
34,2109
14,2312
49,2376
16,2514
31,2693
30,2716
25,2940
32,3008
33,3255
39,3493
35,3573
47,3894
11,4213
5,4665
42,5094
40,5525
26,5953
6,6398

simblock.block.ProofOfWorkBlock@2775948c:98
9,0
38,3114
18,3444
50,3681
28,3725
4,3776
21,3884
31,3966
30,4015
20,4043
17,4085
22,4105
37,4216
47,4265
23,4287
13,4298
16,4343
12,4424
10,4436
33,4464
46,4489
29,4554
3,4592
43,4628
7,4690
8,4776
27,4778
5,4859
19,4897
44,4907
15,4957
34,5109
32,5229
40,5290
14,5291
45,5439
24,5546
48,5695
25,5769
35,5869
39,6094
41,6104
36,6185
1,6460
2,6501
11,6502
49,6816
42,6904
6,7259
26,7307

simblock.block.ProofOfWorkBlock@486c64fe:99
10,0
50,235
8,437
43,473
41,644
21,674
23,676
37,711
15,846
34,876
12,879
30,889
4,962
29,1053
45,1081
19,1096
7,1164
20,1219
25,1255
13,1283
18,1299
22,1371
16,1463
46,1502
31,1539
27,1607
17,1665
33,1691
49,1821
32,1855
14,1872
40,2036
28,2138
24,2171
38,2189
36,2495
3,2518
39,2523
6,2595
47,2832
9,3149
11,3465
35,3786
44,4103
48,4551
5,4983
2,5415
26,5848
42,6286
1,6739

simblock.block.ProofOfWorkBlock@6b370444:100
24,0
49,315
28,566
35,630
3,808
27,871
38,881
44,956
32,1046
20,1110
11,1120
31,1199
4,1286
33,1288
16,1412
22,1440
9,1440
17,1456
47,1458
43,1467
15,1620
37,1623
36,1706
6,1736
7,1755
21,1773
13,1781
40,1870
45,1955
46,1960
29,2091
8,2107
48,2184
18,2291
25,2306
12,2439
2,2494
41,2622
23,2635
50,2780
34,2957
10,2975
14,3110
30,3294
5,3381
39,3506
19,3631
26,3925
1,3994
42,4406


simblock.block.ProofOfWorkBlock@6a24b6e1:64
simblock.block.ProofOfWorkBlock@436e26ab:68
simblock.block.ProofOfWorkBlock@6e9129d4:77
simblock.block.ProofOfWorkBlock@6092d41:27
simblock.block.ProofOfWorkBlock@3f021b49:49
simblock.block.ProofOfWorkBlock@6668cff9:84
simblock.block.ProofOfWorkBlock@3b6c624:6
simblock.block.ProofOfWorkBlock@c2c9bb8:76
simblock.block.ProofOfWorkBlock@9823397:71
simblock.block.ProofOfWorkBlock@479f1d09:28
simblock.block.ProofOfWorkBlock@4286981c:71
simblock.block.ProofOfWorkBlock@1dd75a4b:66
simblock.block.ProofOfWorkBlock@33490054:23
simblock.block.ProofOfWorkBlock@51cd3b50:57
simblock.block.ProofOfWorkBlock@41f72d28:89
simblock.block.ProofOfWorkBlock@a13d8f2:62
simblock.block.ProofOfWorkBlock@1015db31:69
simblock.block.ProofOfWorkBlock@c1dcdb9:33
simblock.block.ProofOfWorkBlock@6aa35046:64
simblock.block.ProofOfWorkBlock@78b906d:29
simblock.block.ProofOfWorkBlock@14096a2f:53
simblock.block.ProofOfWorkBlock@3ae62c8a:40
simblock.block.ProofOfWorkBlock@3e095ba6:31
simblock.block.ProofOfWorkBlock@2612a922:57
simblock.block.ProofOfWorkBlock@4f824872:6
simblock.block.ProofOfWorkBlock@109efb2f:45
simblock.block.ProofOfWorkBlock@4fa116d3:75
simblock.block.ProofOfWorkBlock@ced2e1e:97
simblock.block.ProofOfWorkBlock@542c65d9:12
simblock.block.ProofOfWorkBlock@42985121:31
simblock.block.ProofOfWorkBlock@4a46d7bd:62
23
2521

BUILD SUCCESSFUL in 7s
2 actionable tasks: 2 executed
